D^2 = 1.36835e-11
Dz = -3.03073e-10
Hl = 1.0967e-05
Hr = 0.000154686
pi2 = 1.10382e-09

random seed = 1702532191
