DD_0_0 = 2.39629e-07
DD_0_0_l_0 = 4.30805e-08
DD_0_0_l_0_0 = 4.69387e-08
DD_0_0_l_0_0_0 = 1.82169e-08
DD_0_0_l_0_0_0_0 = 1.97071e-08
DD_0_0_l_0_0_0_0_0 = 9.99624e-09
DD_0_0_l_0_0_0_0_0_0 = 1.0748e-08
DD_0_0_l_0_0_0_0_0_0_0 = 6.29113e-09
DD_0_0_l_0_0_0_0_0_0_0_0 = 6.72909e-09
DD_0_0_l_0_0_0_0_0_0_0_0_0 = 4.31335e-09
DD_0_0_l_0_0_0_0_0_0_0_0_0_0 = 4.57869e-09
Dr_0_0 = 7.97498e-09
Dr_0_0_l_0 = 1.60248e-07
Dr_0_0_l_0_0 = 4.02146e-08
Dr_0_0_l_0_0_0 = 8.04774e-08
Dr_0_0_l_0_0_0_0 = 2.98769e-08
Dr_0_0_l_0_0_0_0_0 = 5.0024e-08
Dr_0_0_l_0_0_0_0_0_0 = 2.23014e-08
Dr_0_0_l_0_0_0_0_0_0_0 = 3.46858e-08
Dr_0_0_l_0_0_0_0_0_0_0_0 = 1.72523e-08
Dr_0_0_l_0_0_0_0_0_0_0_0_0 = 2.57233e-08
Dr_0_0_l_0_0_0_0_0_0_0_0_0_0 = 1.38306e-08
Dr_0_0_l_0_0_0_0_0_0_0_0_0_0_0 = 1.98992e-08
Hl_0_0 = 0.00096668
Hl_0_0_l_0 = 0.000333102
Hl_0_0_l_0_0 = 0.00032666
Hl_0_0_l_0_0_0 = 0.000199895
Hl_0_0_l_0_0_0_0 = 0.000197134
Hl_0_0_l_0_0_0_0_0 = 0.000142794
Hl_0_0_l_0_0_0_0_0_0 = 0.00014126
Hl_0_0_l_0_0_0_0_0_0_0 = 0.000111068
Hl_0_0_l_0_0_0_0_0_0_0_0 = 0.000110091
Hl_0_0_l_0_0_0_0_0_0_0_0_0 = 9.08771e-05
Hl_0_0_l_0_0_0_0_0_0_0_0_0_0 = 9.00803e-05
Hr_0_0 = 0.000999989
I = 1
pi2_0_0_0_0 = 1.04648e-06
pi2_0_0_0_0_l_0 = 3.47244e-07
pi2_0_0_0_0_l_0_0 = 3.38174e-07
pi2_0_0_0_0_l_0_0_0 = 2.0506e-07
pi2_0_0_0_0_l_0_0_0_0 = 2.00775e-07
pi2_0_0_0_0_l_0_0_0_0_0 = 1.45294e-07
pi2_0_0_0_0_l_0_0_0_0_0_0 = 1.42754e-07
pi2_0_0_0_0_l_0_0_0_0_0_0_0 = 1.12474e-07
pi2_0_0_0_0_l_0_0_0_0_0_0_0_0 = 1.10781e-07
pi2_0_0_0_0_l_0_0_0_0_0_0_0_0_0 = 9.17522e-08
pi2_0_0_0_0_l_0_0_0_0_0_0_0_0_0_0 = 9.04087e-08
