D^2   = 2.3859919114919375e-07
Dz    = 1.592560810110546e-07
pi(A) = 0.00193331443162013
pi(B) = 0.0020000000000000135
pi2   = 1.0459241383927975e-06
