DD_0_0 = 2.39629e-07
DD_0_0_l_0 = 4.30805e-08
DD_0_0_l_0_0 = 4.69387e-08
DD_0_0_l_0_0_0 = 1.82175e-08
DD_0_0_l_0_0_0_0 = 1.96924e-08
DD_0_0_l_0_0_0_0_0 = 1.00105e-08
Dr_0_0 = 7.97498e-09
Dr_0_0_l_0 = 1.60248e-07
Dr_0_0_l_0_0 = 4.02146e-08
Dr_0_0_l_0_0_0 = 8.04773e-08
Dr_0_0_l_0_0_0_0 = 2.98828e-08
Dr_0_0_l_0_0_0_0_0 = 4.96931e-08
Dr_0_0_l_0_0_0_0_0_0 = 2.2465e-08
Hl_0_0 = 0.00096668
Hl_0_0_l_0 = 0.000333102
Hl_0_0_l_0_0 = 0.00032666
Hl_0_0_l_0_0_0 = 0.000199895
Hl_0_0_l_0_0_0_0 = 0.000197135
Hl_0_0_l_0_0_0_0_0 = 0.000142769
Hr_0_0 = 0.000999989
I = 1
pi2_0_0_0_0 = 1.04648e-06
pi2_0_0_0_0_l_0 = 3.47244e-07
pi2_0_0_0_0_l_0_0 = 3.38174e-07
pi2_0_0_0_0_l_0_0_0 = 2.05062e-07
pi2_0_0_0_0_l_0_0_0_0 = 2.00714e-07
pi2_0_0_0_0_l_0_0_0_0_0 = 1.45295e-07
