DD_0_0 = 2.39629e-07
DD_0_0_l_0 = 4.30805e-08
DD_0_0_l_0_0 = 4.69387e-08
DD_0_0_l_0_0_0 = 1.82168e-08
DD_0_0_l_0_0_0_0 = 1.97071e-08
DD_0_0_l_0_0_0_0_0 = 9.99618e-09
DD_0_0_l_0_0_0_0_0_0 = 1.07481e-08
DD_0_0_l_0_0_0_0_0_0_0 = 6.29116e-09
DD_0_0_l_0_0_0_0_0_0_0_0 = 6.72911e-09
DD_0_0_l_0_0_0_0_0_0_0_0_0 = 4.31247e-09
DD_0_0_l_0_0_0_0_0_0_0_0_0_0 = 4.59209e-09
DD_0_0_l_0_0_0_0_0_0_0_0_0_0_0 = 3.13452e-09
DD_0_0_l_0_0_0_0_0_0_0_0_0_0_0_0 = 3.32484e-09
DD_0_0_l_0_0_0_0_0_0_0_0_0_0_0_0_0 = 2.37789e-09
DD_0_0_l_0_0_0_0_0_0_0_0_0_0_0_0_0_0 = 2.51373e-09
DD_0_0_l_0_0_0_0_0_0_0_0_0_0_0_0_0_0_0 = 1.86374e-09
DD_0_0_l_0_0_0_0_0_0_0_0_0_0_0_0_0_0_0_0 = 1.9643e-09
DD_0_0_l_0_0_0_0_0_0_0_0_0_0_0_0_0_0_0_0_0 = 1.49883e-09
DD_0_0_l_0_0_0_0_0_0_0_0_0_0_0_0_0_0_0_0_0_0 = 1.57549e-09
DD_0_0_l_0_0_0_0_0_0_0_0_0_0_0_0_0_0_0_0_0_0_0 = 1.23076e-09
DD_0_0_l_0_0_0_0_0_0_0_0_0_0_0_0_0_0_0_0_0_0_0_0 = 1.28933e-09
Dr_0_0 = 7.97499e-09
Dr_0_0_l_0 = 1.60248e-07
Dr_0_0_l_0_0 = 4.02146e-08
Dr_0_0_l_0_0_0 = 8.04774e-08
Dr_0_0_l_0_0_0_0 = 2.9877e-08
Dr_0_0_l_0_0_0_0_0 = 5.0024e-08
Dr_0_0_l_0_0_0_0_0_0 = 2.23013e-08
Dr_0_0_l_0_0_0_0_0_0_0 = 3.46858e-08
Dr_0_0_l_0_0_0_0_0_0_0_0 = 1.72523e-08
Dr_0_0_l_0_0_0_0_0_0_0_0_0 = 2.57238e-08
Dr_0_0_l_0_0_0_0_0_0_0_0_0_0 = 1.37775e-08
Dr_0_0_l_0_0_0_0_0_0_0_0_0_0_0 = 1.99719e-08
Dr_0_0_l_0_0_0_0_0_0_0_0_0_0_0_0 = 1.12893e-08
Dr_0_0_l_0_0_0_0_0_0_0_0_0_0_0_0_0 = 1.60318e-08
Dr_0_0_l_0_0_0_0_0_0_0_0_0_0_0_0_0_0 = 9.44434e-09
Dr_0_0_l_0_0_0_0_0_0_0_0_0_0_0_0_0_0_0 = 1.31999e-08
Dr_0_0_l_0_0_0_0_0_0_0_0_0_0_0_0_0_0_0_0 = 8.03572e-09
Dr_0_0_l_0_0_0_0_0_0_0_0_0_0_0_0_0_0_0_0_0 = 1.10879e-08
Dr_0_0_l_0_0_0_0_0_0_0_0_0_0_0_0_0_0_0_0_0_0 = 6.93372e-09
Dr_0_0_l_0_0_0_0_0_0_0_0_0_0_0_0_0_0_0_0_0_0_0 = 9.4659e-09
Dr_0_0_l_0_0_0_0_0_0_0_0_0_0_0_0_0_0_0_0_0_0_0_0 = 6.06369e-09
Dr_0_0_l_0_0_0_0_0_0_0_0_0_0_0_0_0_0_0_0_0_0_0_0_0 = 8.17722e-09
Hl_0_0 = 0.00096668
Hl_0_0_l_0 = 0.000333102
Hl_0_0_l_0_0 = 0.00032666
Hl_0_0_l_0_0_0 = 0.000199895
Hl_0_0_l_0_0_0_0 = 0.000197134
Hl_0_0_l_0_0_0_0_0 = 0.000142794
Hl_0_0_l_0_0_0_0_0_0 = 0.00014126
Hl_0_0_l_0_0_0_0_0_0_0 = 0.000111068
Hl_0_0_l_0_0_0_0_0_0_0_0 = 0.000110091
Hl_0_0_l_0_0_0_0_0_0_0_0_0 = 9.08759e-05
Hl_0_0_l_0_0_0_0_0_0_0_0_0_0 = 9.02e-05
Hl_0_0_l_0_0_0_0_0_0_0_0_0_0_0 = 7.68961e-05
Hl_0_0_l_0_0_0_0_0_0_0_0_0_0_0_0 = 7.64004e-05
Hl_0_0_l_0_0_0_0_0_0_0_0_0_0_0_0_0 = 6.66437e-05
Hl_0_0_l_0_0_0_0_0_0_0_0_0_0_0_0_0_0 = 6.62646e-05
Hl_0_0_l_0_0_0_0_0_0_0_0_0_0_0_0_0_0_0 = 5.88033e-05
Hl_0_0_l_0_0_0_0_0_0_0_0_0_0_0_0_0_0_0_0 = 5.8504e-05
Hl_0_0_l_0_0_0_0_0_0_0_0_0_0_0_0_0_0_0_0_0 = 5.26133e-05
Hl_0_0_l_0_0_0_0_0_0_0_0_0_0_0_0_0_0_0_0_0_0 = 5.2371e-05
Hl_0_0_l_0_0_0_0_0_0_0_0_0_0_0_0_0_0_0_0_0_0_0 = 4.76023e-05
Hl_0_0_l_0_0_0_0_0_0_0_0_0_0_0_0_0_0_0_0_0_0_0_0 = 4.73835e-05
Hr_0_0 = 0.000999989
I = 1
pi2_0_0_0_0 = 1.04648e-06
pi2_0_0_0_0_l_0 = 3.47244e-07
pi2_0_0_0_0_l_0_0 = 3.38174e-07
pi2_0_0_0_0_l_0_0_0 = 2.05061e-07
pi2_0_0_0_0_l_0_0_0_0 = 2.00775e-07
pi2_0_0_0_0_l_0_0_0_0_0 = 1.45294e-07
pi2_0_0_0_0_l_0_0_0_0_0_0 = 1.42754e-07
pi2_0_0_0_0_l_0_0_0_0_0_0_0 = 1.12474e-07
pi2_0_0_0_0_l_0_0_0_0_0_0_0_0 = 1.10781e-07
pi2_0_0_0_0_l_0_0_0_0_0_0_0_0_0 = 9.17458e-08
pi2_0_0_0_0_l_0_0_0_0_0_0_0_0_0_0 = 9.05318e-08
pi2_0_0_0_0_l_0_0_0_0_0_0_0_0_0_0_0 = 7.74707e-08
pi2_0_0_0_0_l_0_0_0_0_0_0_0_0_0_0_0_0 = 7.65556e-08
pi2_0_0_0_0_l_0_0_0_0_0_0_0_0_0_0_0_0_0 = 6.70421e-08
pi2_0_0_0_0_l_0_0_0_0_0_0_0_0_0_0_0_0_0_0 = 6.63265e-08
pi2_0_0_0_0_l_0_0_0_0_0_0_0_0_0_0_0_0_0_0_0 = 5.90898e-08
pi2_0_0_0_0_l_0_0_0_0_0_0_0_0_0_0_0_0_0_0_0_0 = 5.85144e-08
pi2_0_0_0_0_l_0_0_0_0_0_0_0_0_0_0_0_0_0_0_0_0_0 = 5.28254e-08
pi2_0_0_0_0_l_0_0_0_0_0_0_0_0_0_0_0_0_0_0_0_0_0_0 = 5.23523e-08
pi2_0_0_0_0_l_0_0_0_0_0_0_0_0_0_0_0_0_0_0_0_0_0_0_0 = 4.77636e-08
pi2_0_0_0_0_l_0_0_0_0_0_0_0_0_0_0_0_0_0_0_0_0_0_0_0_0 = 4.73486e-08
