DD_0_0 = 4.26687e-08
DD_0_0_l_0 = 1.25967e-08
DD_0_0_l_0_0 = 1.18193e-08
DD_0_0_l_0_0_0 = 6.4051e-09
DD_0_0_l_0_0_0_0 = 6.10252e-09
DD_0_0_l_0_0_0_0_0 = 3.99107e-09
DD_0_0_l_0_0_0_0_0_0 = 3.83845e-09
DD_0_0_l_0_0_0_0_0_0_0 = 2.7611e-09
DD_0_0_l_0_0_0_0_0_0_0_0 = 2.67263e-09
DD_0_0_l_0_0_0_0_0_0_0_0_0 = 2.03817e-09
DD_0_0_l_0_0_0_0_0_0_0_0_0_0 = 1.97827e-09
Dr_0_0 = 5.68003e-10
Dr_0_0_l_0 = 1.14889e-08
Dr_0_0_l_0_0 = 5.7349e-09
Dr_0_0_l_0_0_0 = 8.05186e-09
Dr_0_0_l_0_0_0_0 = 5.10593e-09
Dr_0_0_l_0_0_0_0_0 = 6.1549e-09
Dr_0_0_l_0_0_0_0_0_0 = 4.32497e-09
Dr_0_0_l_0_0_0_0_0_0_0 = 4.94005e-09
Dr_0_0_l_0_0_0_0_0_0_0_0 = 3.68254e-09
Dr_0_0_l_0_0_0_0_0_0_0_0_0 = 4.09493e-09
Dr_0_0_l_0_0_0_0_0_0_0_0_0_0 = 3.17665e-09
Dr_0_0_l_0_0_0_0_0_0_0_0_0_0_0 = 3.46824e-09
Hl_0_0 = 0.00096668
Hl_0_0_l_0 = 0.000333102
Hl_0_0_l_0_0 = 0.00032666
Hl_0_0_l_0_0_0 = 0.000199895
Hl_0_0_l_0_0_0_0 = 0.000197134
Hl_0_0_l_0_0_0_0_0 = 0.000142794
Hl_0_0_l_0_0_0_0_0_0 = 0.00014126
Hl_0_0_l_0_0_0_0_0_0_0 = 0.000111068
Hl_0_0_l_0_0_0_0_0_0_0_0 = 0.000110091
Hl_0_0_l_0_0_0_0_0_0_0_0_0 = 9.08771e-05
Hl_0_0_l_0_0_0_0_0_0_0_0_0_0 = 9.00803e-05
Hr_0_0 = 0.00099999
I = 1
pi2_0_0_0_0 = 9.72366e-07
pi2_0_0_0_0_l_0 = 3.35167e-07
pi2_0_0_0_0_l_0_0 = 3.28127e-07
pi2_0_0_0_0_l_0_0_0 = 2.00834e-07
pi2_0_0_0_0_l_0_0_0_0 = 1.9783e-07
pi2_0_0_0_0_l_0_0_0_0_0 = 1.43328e-07
pi2_0_0_0_0_l_0_0_0_0_0_0 = 1.41664e-07
pi2_0_0_0_0_l_0_0_0_0_0_0_0 = 1.11408e-07
pi2_0_0_0_0_l_0_0_0_0_0_0_0_0 = 1.10352e-07
pi2_0_0_0_0_l_0_0_0_0_0_0_0_0_0 = 9.11116e-08
pi2_0_0_0_0_l_0_0_0_0_0_0_0_0_0_0 = 9.02602e-08
