DD_0_0 = 4.26676e-08
DD_0_0_l_0 = 1.2608e-08
DD_0_0_l_0_0 = 1.16388e-08
Dr_0_0 = 5.67993e-10
Dr_0_0_l_0 = 1.14884e-08
Dr_0_0_l_0_0 = 5.77396e-09
Dr_0_0_l_0_0_0 = 7.96863e-09
Hl_0_0 = 0.00096666
Hl_0_0_l_0 = 0.000333306
Hl_0_0_l_0_0 = 0.000322571
Hr_0_0 = 0.00099999
I = 1
pi2_0_0_0_0 = 9.72345e-07
pi2_0_0_0_0_l_0 = 3.35387e-07
pi2_0_0_0_0_l_0_0 = 3.24003e-07
