DD_0_0 = 4.76178e-09
DD_0_0_l_0 = 1.6104e-09
DD_0_0_l_0_0 = 1.54374e-09
Dr_0_0 = 9.05845e-12
Dr_0_0_l_0 = 1.83941e-10
Dr_0_0_l_0_0 = 1.22066e-10
Dr_0_0_l_0_0_0 = 1.72542e-10
Hl_0_0 = 0.00096666
Hl_0_0_l_0 = 0.000333306
Hl_0_0_l_0_0 = 0.000322571
Hr_0_0 = 0.00099999
I = 1
pi2_0_0_0_0 = 9.66732e-07
pi2_0_0_0_0_l_0 = 3.33342e-07
pi2_0_0_0_0_l_0_0 = 3.226e-07
