DD_0_0 = 4.76188e-09
DD_0_0_l_0 = 1.60938e-09
DD_0_0_l_0_0 = 1.56389e-09
DD_0_0_l_0_0_0 = 9.39585e-10
DD_0_0_l_0_0_0_0 = 9.18511e-10
DD_0_0_l_0_0_0_0_0 = 6.53728e-10
DD_0_0_l_0_0_0_0_0_0 = 6.4129e-10
DD_0_0_l_0_0_0_0_0_0_0 = 4.95764e-10
DD_0_0_l_0_0_0_0_0_0_0_0 = 4.8746e-10
DD_0_0_l_0_0_0_0_0_0_0_0_0 = 3.9587e-10
DD_0_0_l_0_0_0_0_0_0_0_0_0_0 = 3.89322e-10
Dr_0_0 = 9.05874e-12
Dr_0_0_l_0 = 1.83944e-10
Dr_0_0_l_0_0 = 1.2181e-10
Dr_0_0_l_0_0_0 = 1.73701e-10
Dr_0_0_l_0_0_0_0 = 1.35938e-10
Dr_0_0_l_0_0_0_0_0 = 1.64139e-10
Dr_0_0_l_0_0_0_0_0_0 = 1.37034e-10
Dr_0_0_l_0_0_0_0_0_0_0 = 1.55479e-10
Dr_0_0_l_0_0_0_0_0_0_0_0 = 1.34407e-10
Dr_0_0_l_0_0_0_0_0_0_0_0_0 = 1.47652e-10
Dr_0_0_l_0_0_0_0_0_0_0_0_0_0 = 1.30529e-10
Dr_0_0_l_0_0_0_0_0_0_0_0_0_0_0 = 1.40434e-10
Hl_0_0 = 0.00096668
Hl_0_0_l_0 = 0.000333102
Hl_0_0_l_0_0 = 0.00032666
Hl_0_0_l_0_0_0 = 0.000199895
Hl_0_0_l_0_0_0_0 = 0.000197134
Hl_0_0_l_0_0_0_0_0 = 0.000142794
Hl_0_0_l_0_0_0_0_0_0 = 0.00014126
Hl_0_0_l_0_0_0_0_0_0_0 = 0.000111068
Hl_0_0_l_0_0_0_0_0_0_0_0 = 0.000110091
Hl_0_0_l_0_0_0_0_0_0_0_0_0 = 9.08771e-05
Hl_0_0_l_0_0_0_0_0_0_0_0_0_0 = 9.00803e-05
Hr_0_0 = 0.00099999
I = 1
pi2_0_0_0_0 = 9.66752e-07
pi2_0_0_0_0_l_0 = 3.33138e-07
pi2_0_0_0_0_l_0_0 = 3.26689e-07
pi2_0_0_0_0_l_0_0_0 = 1.99916e-07
pi2_0_0_0_0_l_0_0_0_0 = 1.97152e-07
pi2_0_0_0_0_l_0_0_0_0_0 = 1.42809e-07
pi2_0_0_0_0_l_0_0_0_0_0_0 = 1.41273e-07
pi2_0_0_0_0_l_0_0_0_0_0_0_0 = 1.11078e-07
pi2_0_0_0_0_l_0_0_0_0_0_0_0_0 = 1.10101e-07
pi2_0_0_0_0_l_0_0_0_0_0_0_0_0_0 = 9.08855e-08
pi2_0_0_0_0_l_0_0_0_0_0_0_0_0_0_0 = 9.00878e-08
