DD_0_0 = 4.76188e-09
DD_0_0_l_0 = 1.60938e-09
DD_0_0_l_0_0 = 1.56389e-09
DD_0_0_l_0_0_0 = 9.39585e-10
DD_0_0_l_0_0_0_0 = 9.18515e-10
DD_0_0_l_0_0_0_0_0 = 6.53597e-10
Dr_0_0 = 9.05901e-12
Dr_0_0_l_0 = 1.83944e-10
Dr_0_0_l_0_0 = 1.2181e-10
Dr_0_0_l_0_0_0 = 1.73701e-10
Dr_0_0_l_0_0_0_0 = 1.35937e-10
Dr_0_0_l_0_0_0_0_0 = 1.64492e-10
Dr_0_0_l_0_0_0_0_0_0 = 1.37086e-10
Hl_0_0 = 0.00096668
Hl_0_0_l_0 = 0.000333102
Hl_0_0_l_0_0 = 0.00032666
Hl_0_0_l_0_0_0 = 0.000199895
Hl_0_0_l_0_0_0_0 = 0.000197135
Hl_0_0_l_0_0_0_0_0 = 0.000142769
Hr_0_0 = 0.00099999
I = 1
pi2_0_0_0_0 = 9.66752e-07
pi2_0_0_0_0_l_0 = 3.33138e-07
pi2_0_0_0_0_l_0_0 = 3.26689e-07
pi2_0_0_0_0_l_0_0_0 = 1.99916e-07
pi2_0_0_0_0_l_0_0_0_0 = 1.97153e-07
pi2_0_0_0_0_l_0_0_0_0_0 = 1.42784e-07
