DD_0_0 = 4.76188e-09
DD_0_0_l_0 = 1.60938e-09
DD_0_0_l_0_0 = 1.56389e-09
DD_0_0_l_0_0_0 = 9.39585e-10
DD_0_0_l_0_0_0_0 = 9.18511e-10
DD_0_0_l_0_0_0_0_0 = 6.53729e-10
DD_0_0_l_0_0_0_0_0_0 = 6.41289e-10
DD_0_0_l_0_0_0_0_0_0_0 = 4.95762e-10
DD_0_0_l_0_0_0_0_0_0_0_0 = 4.8746e-10
DD_0_0_l_0_0_0_0_0_0_0_0_0 = 3.95867e-10
DD_0_0_l_0_0_0_0_0_0_0_0_0_0 = 3.8989e-10
DD_0_0_l_0_0_0_0_0_0_0_0_0_0_0 = 3.27177e-10
DD_0_0_l_0_0_0_0_0_0_0_0_0_0_0_0 = 3.22658e-10
DD_0_0_l_0_0_0_0_0_0_0_0_0_0_0_0_0 = 2.77181e-10
DD_0_0_l_0_0_0_0_0_0_0_0_0_0_0_0_0_0 = 2.73636e-10
DD_0_0_l_0_0_0_0_0_0_0_0_0_0_0_0_0_0_0 = 2.39246e-10
DD_0_0_l_0_0_0_0_0_0_0_0_0_0_0_0_0_0_0_0 = 2.36389e-10
DD_0_0_l_0_0_0_0_0_0_0_0_0_0_0_0_0_0_0_0_0 = 2.09542e-10
DD_0_0_l_0_0_0_0_0_0_0_0_0_0_0_0_0_0_0_0_0_0 = 2.07189e-10
DD_0_0_l_0_0_0_0_0_0_0_0_0_0_0_0_0_0_0_0_0_0_0 = 1.85697e-10
DD_0_0_l_0_0_0_0_0_0_0_0_0_0_0_0_0_0_0_0_0_0_0_0 = 1.83642e-10
Dr_0_0 = 9.05905e-12
Dr_0_0_l_0 = 1.83944e-10
Dr_0_0_l_0_0 = 1.2181e-10
Dr_0_0_l_0_0_0 = 1.73701e-10
Dr_0_0_l_0_0_0_0 = 1.35937e-10
Dr_0_0_l_0_0_0_0_0 = 1.64139e-10
Dr_0_0_l_0_0_0_0_0_0 = 1.37037e-10
Dr_0_0_l_0_0_0_0_0_0_0 = 1.55479e-10
Dr_0_0_l_0_0_0_0_0_0_0_0 = 1.34399e-10
Dr_0_0_l_0_0_0_0_0_0_0_0_0 = 1.47652e-10
Dr_0_0_l_0_0_0_0_0_0_0_0_0_0 = 1.30496e-10
Dr_0_0_l_0_0_0_0_0_0_0_0_0_0_0 = 1.40555e-10
Dr_0_0_l_0_0_0_0_0_0_0_0_0_0_0_0 = 1.26125e-10
Dr_0_0_l_0_0_0_0_0_0_0_0_0_0_0_0_0 = 1.34094e-10
Dr_0_0_l_0_0_0_0_0_0_0_0_0_0_0_0_0_0 = 1.21705e-10
Dr_0_0_l_0_0_0_0_0_0_0_0_0_0_0_0_0_0_0 = 1.28185e-10
Dr_0_0_l_0_0_0_0_0_0_0_0_0_0_0_0_0_0_0_0 = 1.17367e-10
Dr_0_0_l_0_0_0_0_0_0_0_0_0_0_0_0_0_0_0_0_0 = 1.2276e-10
Dr_0_0_l_0_0_0_0_0_0_0_0_0_0_0_0_0_0_0_0_0_0 = 1.13191e-10
Dr_0_0_l_0_0_0_0_0_0_0_0_0_0_0_0_0_0_0_0_0_0_0 = 1.17759e-10
Dr_0_0_l_0_0_0_0_0_0_0_0_0_0_0_0_0_0_0_0_0_0_0_0 = 1.09222e-10
Dr_0_0_l_0_0_0_0_0_0_0_0_0_0_0_0_0_0_0_0_0_0_0_0_0 = 1.13098e-10
Hl_0_0 = 0.00096668
Hl_0_0_l_0 = 0.000333102
Hl_0_0_l_0_0 = 0.00032666
Hl_0_0_l_0_0_0 = 0.000199895
Hl_0_0_l_0_0_0_0 = 0.000197134
Hl_0_0_l_0_0_0_0_0 = 0.000142794
Hl_0_0_l_0_0_0_0_0_0 = 0.00014126
Hl_0_0_l_0_0_0_0_0_0_0 = 0.000111068
Hl_0_0_l_0_0_0_0_0_0_0_0 = 0.000110091
Hl_0_0_l_0_0_0_0_0_0_0_0_0 = 9.08759e-05
Hl_0_0_l_0_0_0_0_0_0_0_0_0_0 = 9.02e-05
Hl_0_0_l_0_0_0_0_0_0_0_0_0_0_0 = 7.68961e-05
Hl_0_0_l_0_0_0_0_0_0_0_0_0_0_0_0 = 7.64004e-05
Hl_0_0_l_0_0_0_0_0_0_0_0_0_0_0_0_0 = 6.66437e-05
Hl_0_0_l_0_0_0_0_0_0_0_0_0_0_0_0_0_0 = 6.62646e-05
Hl_0_0_l_0_0_0_0_0_0_0_0_0_0_0_0_0_0_0 = 5.88033e-05
Hl_0_0_l_0_0_0_0_0_0_0_0_0_0_0_0_0_0_0_0 = 5.8504e-05
Hl_0_0_l_0_0_0_0_0_0_0_0_0_0_0_0_0_0_0_0_0 = 5.26133e-05
Hl_0_0_l_0_0_0_0_0_0_0_0_0_0_0_0_0_0_0_0_0_0 = 5.2371e-05
Hl_0_0_l_0_0_0_0_0_0_0_0_0_0_0_0_0_0_0_0_0_0_0 = 4.76023e-05
Hl_0_0_l_0_0_0_0_0_0_0_0_0_0_0_0_0_0_0_0_0_0_0_0 = 4.73835e-05
Hr_0_0 = 0.00099999
I = 1
pi2_0_0_0_0 = 9.66752e-07
pi2_0_0_0_0_l_0 = 3.33138e-07
pi2_0_0_0_0_l_0_0 = 3.26689e-07
pi2_0_0_0_0_l_0_0_0 = 1.99916e-07
pi2_0_0_0_0_l_0_0_0_0 = 1.97152e-07
pi2_0_0_0_0_l_0_0_0_0_0 = 1.42809e-07
pi2_0_0_0_0_l_0_0_0_0_0_0 = 1.41273e-07
pi2_0_0_0_0_l_0_0_0_0_0_0_0 = 1.11078e-07
pi2_0_0_0_0_l_0_0_0_0_0_0_0_0 = 1.10101e-07
pi2_0_0_0_0_l_0_0_0_0_0_0_0_0_0 = 9.08843e-08
pi2_0_0_0_0_l_0_0_0_0_0_0_0_0_0_0 = 9.02075e-08
pi2_0_0_0_0_l_0_0_0_0_0_0_0_0_0_0_0 = 7.69028e-08
pi2_0_0_0_0_l_0_0_0_0_0_0_0_0_0_0_0_0 = 7.64065e-08
pi2_0_0_0_0_l_0_0_0_0_0_0_0_0_0_0_0_0_0 = 6.66492e-08
pi2_0_0_0_0_l_0_0_0_0_0_0_0_0_0_0_0_0_0_0 = 6.62697e-08
pi2_0_0_0_0_l_0_0_0_0_0_0_0_0_0_0_0_0_0_0_0 = 5.88079e-08
pi2_0_0_0_0_l_0_0_0_0_0_0_0_0_0_0_0_0_0_0_0_0 = 5.85083e-08
pi2_0_0_0_0_l_0_0_0_0_0_0_0_0_0_0_0_0_0_0_0_0_0 = 5.26172e-08
pi2_0_0_0_0_l_0_0_0_0_0_0_0_0_0_0_0_0_0_0_0_0_0_0 = 5.23747e-08
pi2_0_0_0_0_l_0_0_0_0_0_0_0_0_0_0_0_0_0_0_0_0_0_0_0 = 4.76057e-08
pi2_0_0_0_0_l_0_0_0_0_0_0_0_0_0_0_0_0_0_0_0_0_0_0_0_0 = 4.73866e-08
