DD_0_0 = 3.12605e-07
DD_0_0_l_0 = 6.18659e-08
DD_0_0_l_0_0 = 5.9372e-08
DD_0_0_l_0_0_0 = 2.485e-08
DD_0_0_l_0_0_0_0 = 2.43227e-08
DD_0_0_l_0_0_0_0_0 = 1.31399e-08
DD_0_0_l_0_0_0_0_0_0 = 1.30068e-08
DD_0_0_l_0_0_0_0_0_0_0 = 8.0389e-09
DD_0_0_l_0_0_0_0_0_0_0_0 = 8.01307e-09
DD_0_0_l_0_0_0_0_0_0_0_0_0 = 5.38834e-09
DD_0_0_l_0_0_0_0_0_0_0_0_0_0 = 5.39521e-09
DD_0_0_l_0_0_0_0_0_0_0_0_0_0_0 = 3.84544e-09
DD_0_0_l_0_0_0_0_0_0_0_0_0_0_0_0 = 3.86202e-09
DD_0_0_l_0_0_0_0_0_0_0_0_0_0_0_0_0 = 2.87294e-09
DD_0_0_l_0_0_0_0_0_0_0_0_0_0_0_0_0_0 = 2.89137e-09
DD_0_0_l_0_0_0_0_0_0_0_0_0_0_0_0_0_0_0 = 2.22267e-09
DD_0_0_l_0_0_0_0_0_0_0_0_0_0_0_0_0_0_0_0 = 2.24022e-09
DD_0_0_l_0_0_0_0_0_0_0_0_0_0_0_0_0_0_0_0_0 = 1.76757e-09
DD_0_0_l_0_0_0_0_0_0_0_0_0_0_0_0_0_0_0_0_0_0 = 1.78332e-09
DD_0_0_l_0_0_0_0_0_0_0_0_0_0_0_0_0_0_0_0_0_0_0 = 1.43823e-09
DD_0_0_l_0_0_0_0_0_0_0_0_0_0_0_0_0_0_0_0_0_0_0_0 = 1.43933e-09
Dr_0_0 = 1.21952e-07
Dr_0_0_l_0 = 2.5922e-07
Dr_0_0_l_0_0 = 9.25083e-08
Dr_0_0_l_0_0_0 = 1.2734e-07
Dr_0_0_l_0_0_0_0 = 6.01512e-08
Dr_0_0_l_0_0_0_0_0 = 7.77795e-08
Dr_0_0_l_0_0_0_0_0_0 = 4.21427e-08
Dr_0_0_l_0_0_0_0_0_0_0 = 5.31639e-08
Dr_0_0_l_0_0_0_0_0_0_0_0 = 3.13001e-08
Dr_0_0_l_0_0_0_0_0_0_0_0_0 = 3.89562e-08
Dr_0_0_l_0_0_0_0_0_0_0_0_0_0 = 2.42643e-08
Dr_0_0_l_0_0_0_0_0_0_0_0_0_0_0 = 2.99353e-08
Dr_0_0_l_0_0_0_0_0_0_0_0_0_0_0_0 = 1.94262e-08
Dr_0_0_l_0_0_0_0_0_0_0_0_0_0_0_0_0 = 2.38147e-08
Dr_0_0_l_0_0_0_0_0_0_0_0_0_0_0_0_0_0 = 1.59468e-08
Dr_0_0_l_0_0_0_0_0_0_0_0_0_0_0_0_0_0_0 = 1.94531e-08
Dr_0_0_l_0_0_0_0_0_0_0_0_0_0_0_0_0_0_0_0 = 1.33544e-08
Dr_0_0_l_0_0_0_0_0_0_0_0_0_0_0_0_0_0_0_0_0 = 1.62255e-08
Dr_0_0_l_0_0_0_0_0_0_0_0_0_0_0_0_0_0_0_0_0_0 = 1.13671e-08
Dr_0_0_l_0_0_0_0_0_0_0_0_0_0_0_0_0_0_0_0_0_0_0 = 1.37595e-08
Dr_0_0_l_0_0_0_0_0_0_0_0_0_0_0_0_0_0_0_0_0_0_0_0 = 9.8984e-09
Dr_0_0_l_0_0_0_0_0_0_0_0_0_0_0_0_0_0_0_0_0_0_0_0_0 = 1.16971e-08
Hl_0_0 = 0.000686964
Hl_0_0_l_0 = 0.000313029
Hl_0_0_l_0_0 = 0.000269578
Hl_0_0_l_0_0_0 = 0.000191239
Hl_0_0_l_0_0_0_0 = 0.000172397
Hl_0_0_l_0_0_0_0_0 = 0.000137967
Hl_0_0_l_0_0_0_0_0_0 = 0.000127421
Hl_0_0_l_0_0_0_0_0_0_0 = 0.000107987
Hl_0_0_l_0_0_0_0_0_0_0_0 = 0.000101241
Hl_0_0_l_0_0_0_0_0_0_0_0_0 = 8.87392e-05
Hl_0_0_l_0_0_0_0_0_0_0_0_0_0 = 8.40513e-05
Hl_0_0_l_0_0_0_0_0_0_0_0_0_0_0 = 7.53268e-05
Hl_0_0_l_0_0_0_0_0_0_0_0_0_0_0_0 = 7.18791e-05
Hl_0_0_l_0_0_0_0_0_0_0_0_0_0_0_0_0 = 6.54423e-05
Hl_0_0_l_0_0_0_0_0_0_0_0_0_0_0_0_0_0 = 6.27998e-05
Hl_0_0_l_0_0_0_0_0_0_0_0_0_0_0_0_0_0_0 = 5.78539e-05
Hl_0_0_l_0_0_0_0_0_0_0_0_0_0_0_0_0_0_0_0 = 5.57639e-05
Hl_0_0_l_0_0_0_0_0_0_0_0_0_0_0_0_0_0_0_0_0 = 5.18442e-05
Hl_0_0_l_0_0_0_0_0_0_0_0_0_0_0_0_0_0_0_0_0_0 = 5.01494e-05
Hl_0_0_l_0_0_0_0_0_0_0_0_0_0_0_0_0_0_0_0_0_0_0 = 4.69724e-05
Hl_0_0_l_0_0_0_0_0_0_0_0_0_0_0_0_0_0_0_0_0_0_0_0 = 4.54453e-05
Hr_0_0 = 0.000999868
I = 1
pi2_0_0_0_0 = 8.02935e-07
pi2_0_0_0_0_l_0 = 3.32791e-07
pi2_0_0_0_0_l_0_0 = 2.85309e-07
pi2_0_0_0_0_l_0_0_0 = 1.97654e-07
pi2_0_0_0_0_l_0_0_0_0 = 1.76957e-07
pi2_0_0_0_0_l_0_0_0_0_0 = 1.40722e-07
pi2_0_0_0_0_l_0_0_0_0_0_0 = 1.29064e-07
pi2_0_0_0_0_l_0_0_0_0_0_0_0 = 1.09352e-07
pi2_0_0_0_0_l_0_0_0_0_0_0_0_0 = 1.0185e-07
pi2_0_0_0_0_l_0_0_0_0_0_0_0_0_0 = 8.94728e-08
pi2_0_0_0_0_l_0_0_0_0_0_0_0_0_0_0 = 8.42315e-08
pi2_0_0_0_0_l_0_0_0_0_0_0_0_0_0_0_0 = 7.5739e-08
pi2_0_0_0_0_l_0_0_0_0_0_0_0_0_0_0_0_0 = 7.18659e-08
pi2_0_0_0_0_l_0_0_0_0_0_0_0_0_0_0_0_0_0 = 6.56774e-08
pi2_0_0_0_0_l_0_0_0_0_0_0_0_0_0_0_0_0_0_0 = 6.26966e-08
pi2_0_0_0_0_l_0_0_0_0_0_0_0_0_0_0_0_0_0_0_0 = 5.7986e-08
pi2_0_0_0_0_l_0_0_0_0_0_0_0_0_0_0_0_0_0_0_0_0 = 5.56198e-08
pi2_0_0_0_0_l_0_0_0_0_0_0_0_0_0_0_0_0_0_0_0_0_0 = 5.19138e-08
pi2_0_0_0_0_l_0_0_0_0_0_0_0_0_0_0_0_0_0_0_0_0_0_0 = 4.99885e-08
pi2_0_0_0_0_l_0_0_0_0_0_0_0_0_0_0_0_0_0_0_0_0_0_0_0 = 4.70073e-08
pi2_0_0_0_0_l_0_0_0_0_0_0_0_0_0_0_0_0_0_0_0_0_0_0_0_0 = 4.52835e-08
