DD_0_0 = 3.12605e-07
DD_0_0_l_0 = 6.1866e-08
DD_0_0_l_0_0 = 5.93721e-08
DD_0_0_l_0_0_0 = 2.48496e-08
DD_0_0_l_0_0_0_0 = 2.43228e-08
DD_0_0_l_0_0_0_0_0 = 1.31401e-08
DD_0_0_l_0_0_0_0_0_0 = 1.30066e-08
DD_0_0_l_0_0_0_0_0_0_0 = 8.0397e-09
DD_0_0_l_0_0_0_0_0_0_0_0 = 8.01009e-09
DD_0_0_l_0_0_0_0_0_0_0_0_0 = 5.40778e-09
DD_0_0_l_0_0_0_0_0_0_0_0_0_0 = 5.26408e-09
Dr_0_0 = 1.21952e-07
Dr_0_0_l_0 = 2.5922e-07
Dr_0_0_l_0_0 = 9.25083e-08
Dr_0_0_l_0_0_0 = 1.2734e-07
Dr_0_0_l_0_0_0_0 = 6.01509e-08
Dr_0_0_l_0_0_0_0_0 = 7.77796e-08
Dr_0_0_l_0_0_0_0_0_0 = 4.21427e-08
Dr_0_0_l_0_0_0_0_0_0_0 = 5.31633e-08
Dr_0_0_l_0_0_0_0_0_0_0_0 = 3.13054e-08
Dr_0_0_l_0_0_0_0_0_0_0_0_0 = 3.89097e-08
Dr_0_0_l_0_0_0_0_0_0_0_0_0_0 = 2.47348e-08
Dr_0_0_l_0_0_0_0_0_0_0_0_0_0_0 = 2.91125e-08
Hl_0_0 = 0.000686964
Hl_0_0_l_0 = 0.000313029
Hl_0_0_l_0_0 = 0.000269578
Hl_0_0_l_0_0_0 = 0.000191239
Hl_0_0_l_0_0_0_0 = 0.000172397
Hl_0_0_l_0_0_0_0_0 = 0.000137967
Hl_0_0_l_0_0_0_0_0_0 = 0.00012742
Hl_0_0_l_0_0_0_0_0_0_0 = 0.000107988
Hl_0_0_l_0_0_0_0_0_0_0_0 = 0.000101233
Hl_0_0_l_0_0_0_0_0_0_0_0_0 = 8.88118e-05
Hl_0_0_l_0_0_0_0_0_0_0_0_0_0 = 8.33247e-05
Hr_0_0 = 0.000999868
I = 1
pi2_0_0_0_0 = 8.02935e-07
pi2_0_0_0_0_l_0 = 3.32792e-07
pi2_0_0_0_0_l_0_0 = 2.85309e-07
pi2_0_0_0_0_l_0_0_0 = 1.97653e-07
pi2_0_0_0_0_l_0_0_0_0 = 1.76957e-07
pi2_0_0_0_0_l_0_0_0_0_0 = 1.40722e-07
pi2_0_0_0_0_l_0_0_0_0_0_0 = 1.29064e-07
pi2_0_0_0_0_l_0_0_0_0_0_0_0 = 1.09355e-07
pi2_0_0_0_0_l_0_0_0_0_0_0_0_0 = 1.01835e-07
pi2_0_0_0_0_l_0_0_0_0_0_0_0_0_0 = 8.9591e-08
pi2_0_0_0_0_l_0_0_0_0_0_0_0_0_0_0 = 8.34745e-08
