DD_0_0 = 2.9643e-07
DD_0_0_l_0 = 6.78276e-08
DD_0_0_l_0_0 = 4.88936e-08
Dr_0_0 = 1.15814e-07
Dr_0_0_l_0 = 2.44247e-07
Dr_0_0_l_0_0 = 1.03729e-07
Dr_0_0_l_0_0_0 = 1.08397e-07
Hl_0_0 = 0.000678571
Hl_0_0_l_0 = 0.000321422
Hl_0_0_l_0_0 = 0.000249994
Hr_0_0 = 0.000999874
I = 1
pi2_0_0_0_0 = 7.86607e-07
pi2_0_0_0_0_l_0 = 3.46427e-07
pi2_0_0_0_0_l_0_0 = 2.61709e-07
