DD_0_0 = 3.09512e-07
DD_0_0_l_0 = 6.15526e-08
DD_0_0_l_0_0 = 5.88641e-08
DD_0_0_l_0_0_0 = 2.48208e-08
DD_0_0_l_0_0_0_0 = 2.39836e-08
DD_0_0_l_0_0_0_0_0 = 1.30784e-08
Dr_0_0 = 1.20525e-07
Dr_0_0_l_0 = 2.56232e-07
Dr_0_0_l_0_0 = 9.17895e-08
Dr_0_0_l_0_0_0 = 1.25833e-07
Dr_0_0_l_0_0_0_0 = 6.04518e-08
Dr_0_0_l_0_0_0_0_0 = 7.30712e-08
Dr_0_0_l_0_0_0_0_0_0 = 4.31055e-08
Hl_0_0 = 0.000686975
Hl_0_0_l_0 = 0.000313018
Hl_0_0_l_0_0 = 0.000269603
Hl_0_0_l_0_0_0 = 0.000191164
Hl_0_0_l_0_0_0_0 = 0.000172698
Hl_0_0_l_0_0_0_0_0 = 0.000136461
Hr_0_0 = 0.000999869
I = 1
pi2_0_0_0_0 = 8.01581e-07
pi2_0_0_0_0_l_0 = 3.327e-07
pi2_0_0_0_0_l_0_0 = 2.85099e-07
pi2_0_0_0_0_l_0_0_0 = 1.97796e-07
pi2_0_0_0_0_l_0_0_0_0 = 1.76475e-07
pi2_0_0_0_0_l_0_0_0_0_0 = 1.39416e-07
