DD_0_0 = 3.09548e-07
DD_0_0_l_0 = 6.15268e-08
DD_0_0_l_0_0 = 5.89081e-08
DD_0_0_l_0_0_0 = 2.47339e-08
DD_0_0_l_0_0_0_0 = 2.41622e-08
DD_0_0_l_0_0_0_0_0 = 1.30866e-08
DD_0_0_l_0_0_0_0_0_0 = 1.29316e-08
DD_0_0_l_0_0_0_0_0_0_0 = 8.01054e-09
DD_0_0_l_0_0_0_0_0_0_0_0 = 7.96898e-09
DD_0_0_l_0_0_0_0_0_0_0_0_0 = 5.3899e-09
DD_0_0_l_0_0_0_0_0_0_0_0_0_0 = 5.24017e-09
Dr_0_0 = 1.20537e-07
Dr_0_0_l_0 = 2.56269e-07
Dr_0_0_l_0_0 = 9.17336e-08
Dr_0_0_l_0_0_0 = 1.26022e-07
Dr_0_0_l_0_0_0_0 = 5.96957e-08
Dr_0_0_l_0_0_0_0_0 = 7.70282e-08
Dr_0_0_l_0_0_0_0_0_0 = 4.18445e-08
Dr_0_0_l_0_0_0_0_0_0_0 = 5.26762e-08
Dr_0_0_l_0_0_0_0_0_0_0_0 = 3.10951e-08
Dr_0_0_l_0_0_0_0_0_0_0_0_0 = 3.85686e-08
Dr_0_0_l_0_0_0_0_0_0_0_0_0_0 = 2.45707e-08
Dr_0_0_l_0_0_0_0_0_0_0_0_0_0_0 = 2.88695e-08
Hl_0_0 = 0.000686964
Hl_0_0_l_0 = 0.000313029
Hl_0_0_l_0_0 = 0.000269578
Hl_0_0_l_0_0_0 = 0.000191239
Hl_0_0_l_0_0_0_0 = 0.000172397
Hl_0_0_l_0_0_0_0_0 = 0.000137967
Hl_0_0_l_0_0_0_0_0_0 = 0.00012742
Hl_0_0_l_0_0_0_0_0_0_0 = 0.000107988
Hl_0_0_l_0_0_0_0_0_0_0_0 = 0.000101233
Hl_0_0_l_0_0_0_0_0_0_0_0_0 = 8.88118e-05
Hl_0_0_l_0_0_0_0_0_0_0_0_0_0 = 8.33247e-05
Hr_0_0 = 0.000999869
I = 1
pi2_0_0_0_0 = 8.01602e-07
pi2_0_0_0_0_l_0 = 3.32667e-07
pi2_0_0_0_0_l_0_0 = 2.85167e-07
pi2_0_0_0_0_l_0_0_0 = 1.97622e-07
pi2_0_0_0_0_l_0_0_0_0 = 1.76928e-07
pi2_0_0_0_0_l_0_0_0_0_0 = 1.40712e-07
pi2_0_0_0_0_l_0_0_0_0_0_0 = 1.29059e-07
pi2_0_0_0_0_l_0_0_0_0_0_0_0 = 1.09352e-07
pi2_0_0_0_0_l_0_0_0_0_0_0_0_0 = 1.01838e-07
pi2_0_0_0_0_l_0_0_0_0_0_0_0_0_0 = 8.95903e-08
pi2_0_0_0_0_l_0_0_0_0_0_0_0_0_0_0 = 8.34796e-08
