DD_0_0 = 2.82096e-07
DD_0_0_l_0 = 5.83969e-08
DD_0_0_l_0_0 = 5.47197e-08
DD_0_0_l_0_0_0 = 2.36633e-08
DD_0_0_l_0_0_0_0 = 2.2707e-08
DD_0_0_l_0_0_0_0_0 = 1.2591e-08
DD_0_0_l_0_0_0_0_0_0 = 1.2251e-08
DD_0_0_l_0_0_0_0_0_0_0 = 7.73955e-09
DD_0_0_l_0_0_0_0_0_0_0_0 = 7.59747e-09
DD_0_0_l_0_0_0_0_0_0_0_0_0 = 5.20673e-09
DD_0_0_l_0_0_0_0_0_0_0_0_0_0 = 5.14188e-09
DD_0_0_l_0_0_0_0_0_0_0_0_0_0_0 = 3.72689e-09
DD_0_0_l_0_0_0_0_0_0_0_0_0_0_0_0 = 3.69603e-09
DD_0_0_l_0_0_0_0_0_0_0_0_0_0_0_0_0 = 2.79123e-09
DD_0_0_l_0_0_0_0_0_0_0_0_0_0_0_0_0_0 = 2.77663e-09
DD_0_0_l_0_0_0_0_0_0_0_0_0_0_0_0_0_0_0 = 2.16395e-09
DD_0_0_l_0_0_0_0_0_0_0_0_0_0_0_0_0_0_0_0 = 2.15757e-09
DD_0_0_l_0_0_0_0_0_0_0_0_0_0_0_0_0_0_0_0_0 = 1.72395e-09
DD_0_0_l_0_0_0_0_0_0_0_0_0_0_0_0_0_0_0_0_0_0 = 1.7218e-09
DD_0_0_l_0_0_0_0_0_0_0_0_0_0_0_0_0_0_0_0_0_0_0 = 1.40482e-09
DD_0_0_l_0_0_0_0_0_0_0_0_0_0_0_0_0_0_0_0_0_0_0_0 = 1.39324e-09
Dr_0_0 = 1.07859e-07
Dr_0_0_l_0 = 2.29819e-07
Dr_0_0_l_0_0 = 8.46821e-08
Dr_0_0_l_0_0_0 = 1.14181e-07
Dr_0_0_l_0_0_0_0 = 5.55374e-08
Dr_0_0_l_0_0_0_0_0 = 7.02627e-08
Dr_0_0_l_0_0_0_0_0_0 = 3.91158e-08
Dr_0_0_l_0_0_0_0_0_0_0 = 4.82859e-08
Dr_0_0_l_0_0_0_0_0_0_0_0 = 2.91635e-08
Dr_0_0_l_0_0_0_0_0_0_0_0_0 = 3.55295e-08
Dr_0_0_l_0_0_0_0_0_0_0_0_0_0 = 2.26754e-08
Dr_0_0_l_0_0_0_0_0_0_0_0_0_0_0 = 2.73938e-08
Dr_0_0_l_0_0_0_0_0_0_0_0_0_0_0_0 = 1.81981e-08
Dr_0_0_l_0_0_0_0_0_0_0_0_0_0_0_0_0 = 2.18535e-08
Dr_0_0_l_0_0_0_0_0_0_0_0_0_0_0_0_0_0 = 1.4969e-08
Dr_0_0_l_0_0_0_0_0_0_0_0_0_0_0_0_0_0_0 = 1.78934e-08
Dr_0_0_l_0_0_0_0_0_0_0_0_0_0_0_0_0_0_0_0 = 1.25573e-08
Dr_0_0_l_0_0_0_0_0_0_0_0_0_0_0_0_0_0_0_0_0 = 1.49549e-08
Dr_0_0_l_0_0_0_0_0_0_0_0_0_0_0_0_0_0_0_0_0_0 = 1.07047e-08
Dr_0_0_l_0_0_0_0_0_0_0_0_0_0_0_0_0_0_0_0_0_0_0 = 1.27051e-08
Dr_0_0_l_0_0_0_0_0_0_0_0_0_0_0_0_0_0_0_0_0_0_0_0 = 9.32447e-09
Dr_0_0_l_0_0_0_0_0_0_0_0_0_0_0_0_0_0_0_0_0_0_0_0_0 = 1.08247e-08
Hl_0_0 = 0.000686964
Hl_0_0_l_0 = 0.000313029
Hl_0_0_l_0_0 = 0.000269578
Hl_0_0_l_0_0_0 = 0.000191239
Hl_0_0_l_0_0_0_0 = 0.000172397
Hl_0_0_l_0_0_0_0_0 = 0.000137967
Hl_0_0_l_0_0_0_0_0_0 = 0.000127421
Hl_0_0_l_0_0_0_0_0_0_0 = 0.000107987
Hl_0_0_l_0_0_0_0_0_0_0_0 = 0.000101241
Hl_0_0_l_0_0_0_0_0_0_0_0_0 = 8.87392e-05
Hl_0_0_l_0_0_0_0_0_0_0_0_0_0 = 8.40513e-05
Hl_0_0_l_0_0_0_0_0_0_0_0_0_0_0 = 7.53268e-05
Hl_0_0_l_0_0_0_0_0_0_0_0_0_0_0_0 = 7.18791e-05
Hl_0_0_l_0_0_0_0_0_0_0_0_0_0_0_0_0 = 6.54423e-05
Hl_0_0_l_0_0_0_0_0_0_0_0_0_0_0_0_0_0 = 6.27998e-05
Hl_0_0_l_0_0_0_0_0_0_0_0_0_0_0_0_0_0_0 = 5.78539e-05
Hl_0_0_l_0_0_0_0_0_0_0_0_0_0_0_0_0_0_0_0 = 5.57639e-05
Hl_0_0_l_0_0_0_0_0_0_0_0_0_0_0_0_0_0_0_0_0 = 5.18442e-05
Hl_0_0_l_0_0_0_0_0_0_0_0_0_0_0_0_0_0_0_0_0_0 = 5.01494e-05
Hl_0_0_l_0_0_0_0_0_0_0_0_0_0_0_0_0_0_0_0_0_0_0 = 4.69724e-05
Hl_0_0_l_0_0_0_0_0_0_0_0_0_0_0_0_0_0_0_0_0_0_0_0 = 4.54453e-05
Hr_0_0 = 0.000999882
I = 1
pi2_0_0_0_0 = 7.89664e-07
pi2_0_0_0_0_l_0 = 3.31514e-07
pi2_0_0_0_0_l_0_0 = 2.83882e-07
pi2_0_0_0_0_l_0_0_0 = 1.97326e-07
pi2_0_0_0_0_l_0_0_0_0 = 1.76661e-07
pi2_0_0_0_0_l_0_0_0_0_0 = 1.4062e-07
pi2_0_0_0_0_l_0_0_0_0_0_0 = 1.29017e-07
pi2_0_0_0_0_l_0_0_0_0_0_0_0 = 1.09324e-07
pi2_0_0_0_0_l_0_0_0_0_0_0_0_0 = 1.01874e-07
pi2_0_0_0_0_l_0_0_0_0_0_0_0_0_0 = 8.94719e-08
pi2_0_0_0_0_l_0_0_0_0_0_0_0_0_0_0 = 8.42764e-08
pi2_0_0_0_0_l_0_0_0_0_0_0_0_0_0_0_0 = 7.5749e-08
pi2_0_0_0_0_l_0_0_0_0_0_0_0_0_0_0_0_0 = 7.19151e-08
pi2_0_0_0_0_l_0_0_0_0_0_0_0_0_0_0_0_0_0 = 6.56917e-08
pi2_0_0_0_0_l_0_0_0_0_0_0_0_0_0_0_0_0_0_0 = 6.27442e-08
pi2_0_0_0_0_l_0_0_0_0_0_0_0_0_0_0_0_0_0_0_0 = 5.80015e-08
pi2_0_0_0_0_l_0_0_0_0_0_0_0_0_0_0_0_0_0_0_0_0 = 5.56638e-08
pi2_0_0_0_0_l_0_0_0_0_0_0_0_0_0_0_0_0_0_0_0_0_0 = 5.19292e-08
pi2_0_0_0_0_l_0_0_0_0_0_0_0_0_0_0_0_0_0_0_0_0_0_0 = 5.00286e-08
pi2_0_0_0_0_l_0_0_0_0_0_0_0_0_0_0_0_0_0_0_0_0_0_0_0 = 4.70213e-08
pi2_0_0_0_0_l_0_0_0_0_0_0_0_0_0_0_0_0_0_0_0_0_0_0_0_0 = 4.53194e-08
