DD_0_0 = 2.82095e-07
DD_0_0_l_0 = 5.83976e-08
DD_0_0_l_0_0 = 5.47193e-08
DD_0_0_l_0_0_0 = 2.36636e-08
DD_0_0_l_0_0_0_0 = 2.2707e-08
DD_0_0_l_0_0_0_0_0 = 1.25912e-08
DD_0_0_l_0_0_0_0_0_0 = 1.22509e-08
DD_0_0_l_0_0_0_0_0_0_0 = 7.73958e-09
DD_0_0_l_0_0_0_0_0_0_0_0 = 7.59746e-09
DD_0_0_l_0_0_0_0_0_0_0_0_0 = 5.20664e-09
DD_0_0_l_0_0_0_0_0_0_0_0_0_0 = 5.14191e-09
DD_0_0_l_0_0_0_0_0_0_0_0_0_0_0 = 3.72683e-09
DD_0_0_l_0_0_0_0_0_0_0_0_0_0_0_0 = 3.69605e-09
DD_0_0_l_0_0_0_0_0_0_0_0_0_0_0_0_0 = 2.79119e-09
DD_0_0_l_0_0_0_0_0_0_0_0_0_0_0_0_0_0 = 2.77665e-09
DD_0_0_l_0_0_0_0_0_0_0_0_0_0_0_0_0_0_0 = 2.16393e-09
DD_0_0_l_0_0_0_0_0_0_0_0_0_0_0_0_0_0_0_0 = 2.15758e-09
DD_0_0_l_0_0_0_0_0_0_0_0_0_0_0_0_0_0_0_0_0 = 1.72393e-09
DD_0_0_l_0_0_0_0_0_0_0_0_0_0_0_0_0_0_0_0_0_0 = 1.72181e-09
DD_0_0_l_0_0_0_0_0_0_0_0_0_0_0_0_0_0_0_0_0_0_0 = 1.40481e-09
DD_0_0_l_0_0_0_0_0_0_0_0_0_0_0_0_0_0_0_0_0_0_0_0 = 1.39324e-09
Dr_0_0 = 1.07859e-07
Dr_0_0_l_0 = 2.29817e-07
Dr_0_0_l_0_0 = 8.46836e-08
Dr_0_0_l_0_0_0 = 1.14181e-07
Dr_0_0_l_0_0_0_0 = 5.55372e-08
Dr_0_0_l_0_0_0_0_0 = 7.02629e-08
Dr_0_0_l_0_0_0_0_0_0 = 3.91158e-08
Dr_0_0_l_0_0_0_0_0_0_0 = 4.82859e-08
Dr_0_0_l_0_0_0_0_0_0_0_0 = 2.91636e-08
Dr_0_0_l_0_0_0_0_0_0_0_0_0 = 3.55294e-08
Dr_0_0_l_0_0_0_0_0_0_0_0_0_0 = 2.26753e-08
Dr_0_0_l_0_0_0_0_0_0_0_0_0_0_0 = 2.73938e-08
Dr_0_0_l_0_0_0_0_0_0_0_0_0_0_0_0 = 1.8198e-08
Dr_0_0_l_0_0_0_0_0_0_0_0_0_0_0_0_0 = 2.18535e-08
Dr_0_0_l_0_0_0_0_0_0_0_0_0_0_0_0_0_0 = 1.49689e-08
Dr_0_0_l_0_0_0_0_0_0_0_0_0_0_0_0_0_0_0 = 1.78934e-08
Dr_0_0_l_0_0_0_0_0_0_0_0_0_0_0_0_0_0_0_0 = 1.25573e-08
Dr_0_0_l_0_0_0_0_0_0_0_0_0_0_0_0_0_0_0_0_0 = 1.4955e-08
Dr_0_0_l_0_0_0_0_0_0_0_0_0_0_0_0_0_0_0_0_0_0 = 1.07047e-08
Dr_0_0_l_0_0_0_0_0_0_0_0_0_0_0_0_0_0_0_0_0_0_0 = 1.27051e-08
Dr_0_0_l_0_0_0_0_0_0_0_0_0_0_0_0_0_0_0_0_0_0_0_0 = 9.32442e-09
Dr_0_0_l_0_0_0_0_0_0_0_0_0_0_0_0_0_0_0_0_0_0_0_0_0 = 1.08247e-08
Hl_0_0 = 0.000686964
Hl_0_0_l_0 = 0.000313029
Hl_0_0_l_0_0 = 0.000269578
Hl_0_0_l_0_0_0 = 0.000191239
Hl_0_0_l_0_0_0_0 = 0.000172397
Hl_0_0_l_0_0_0_0_0 = 0.000137967
Hl_0_0_l_0_0_0_0_0_0 = 0.000127421
Hl_0_0_l_0_0_0_0_0_0_0 = 0.000107987
Hl_0_0_l_0_0_0_0_0_0_0_0 = 0.000101241
Hl_0_0_l_0_0_0_0_0_0_0_0_0 = 8.87392e-05
Hl_0_0_l_0_0_0_0_0_0_0_0_0_0 = 8.40513e-05
Hl_0_0_l_0_0_0_0_0_0_0_0_0_0_0 = 7.53268e-05
Hl_0_0_l_0_0_0_0_0_0_0_0_0_0_0_0 = 7.18791e-05
Hl_0_0_l_0_0_0_0_0_0_0_0_0_0_0_0_0 = 6.54423e-05
Hl_0_0_l_0_0_0_0_0_0_0_0_0_0_0_0_0_0 = 6.27998e-05
Hl_0_0_l_0_0_0_0_0_0_0_0_0_0_0_0_0_0_0 = 5.78539e-05
Hl_0_0_l_0_0_0_0_0_0_0_0_0_0_0_0_0_0_0_0 = 5.57639e-05
Hl_0_0_l_0_0_0_0_0_0_0_0_0_0_0_0_0_0_0_0_0 = 5.18442e-05
Hl_0_0_l_0_0_0_0_0_0_0_0_0_0_0_0_0_0_0_0_0_0 = 5.01494e-05
Hl_0_0_l_0_0_0_0_0_0_0_0_0_0_0_0_0_0_0_0_0_0_0 = 4.69724e-05
Hl_0_0_l_0_0_0_0_0_0_0_0_0_0_0_0_0_0_0_0_0_0_0_0 = 4.54453e-05
Hr_0_0 = 0.000999882
I = 1
pi2_0_0_0_0 = 7.89663e-07
pi2_0_0_0_0_l_0 = 3.31514e-07
pi2_0_0_0_0_l_0_0 = 2.83883e-07
pi2_0_0_0_0_l_0_0_0 = 1.97326e-07
pi2_0_0_0_0_l_0_0_0_0 = 1.7666e-07
pi2_0_0_0_0_l_0_0_0_0_0 = 1.4062e-07
pi2_0_0_0_0_l_0_0_0_0_0_0 = 1.29017e-07
pi2_0_0_0_0_l_0_0_0_0_0_0_0 = 1.09324e-07
pi2_0_0_0_0_l_0_0_0_0_0_0_0_0 = 1.01874e-07
pi2_0_0_0_0_l_0_0_0_0_0_0_0_0_0 = 8.94719e-08
pi2_0_0_0_0_l_0_0_0_0_0_0_0_0_0_0 = 8.42763e-08
pi2_0_0_0_0_l_0_0_0_0_0_0_0_0_0_0_0 = 7.5749e-08
pi2_0_0_0_0_l_0_0_0_0_0_0_0_0_0_0_0_0 = 7.1915e-08
pi2_0_0_0_0_l_0_0_0_0_0_0_0_0_0_0_0_0_0 = 6.56916e-08
pi2_0_0_0_0_l_0_0_0_0_0_0_0_0_0_0_0_0_0_0 = 6.27441e-08
pi2_0_0_0_0_l_0_0_0_0_0_0_0_0_0_0_0_0_0_0_0 = 5.80014e-08
pi2_0_0_0_0_l_0_0_0_0_0_0_0_0_0_0_0_0_0_0_0_0 = 5.56638e-08
pi2_0_0_0_0_l_0_0_0_0_0_0_0_0_0_0_0_0_0_0_0_0_0 = 5.19292e-08
pi2_0_0_0_0_l_0_0_0_0_0_0_0_0_0_0_0_0_0_0_0_0_0_0 = 5.00286e-08
pi2_0_0_0_0_l_0_0_0_0_0_0_0_0_0_0_0_0_0_0_0_0_0_0_0 = 4.70213e-08
pi2_0_0_0_0_l_0_0_0_0_0_0_0_0_0_0_0_0_0_0_0_0_0_0_0_0 = 4.53194e-08
