DD_0_0 = 2.8207e-07
DD_0_0_l_0 = 5.84179e-08
DD_0_0_l_0_0 = 5.46838e-08
DD_0_0_l_0_0_0 = 2.3736e-08
DD_0_0_l_0_0_0_0 = 2.2559e-08
DD_0_0_l_0_0_0_0_0 = 1.25522e-08
Dr_0_0 = 1.07851e-07
Dr_0_0_l_0 = 2.29792e-07
Dr_0_0_l_0_0 = 8.47291e-08
Dr_0_0_l_0_0_0 = 1.14022e-07
Dr_0_0_l_0_0_0_0 = 5.61925e-08
Dr_0_0_l_0_0_0_0_0 = 6.68048e-08
Dr_0_0_l_0_0_0_0_0_0 = 4.01657e-08
Hl_0_0 = 0.000686975
Hl_0_0_l_0 = 0.000313018
Hl_0_0_l_0_0 = 0.000269603
Hl_0_0_l_0_0_0 = 0.000191164
Hl_0_0_l_0_0_0_0 = 0.000172698
Hl_0_0_l_0_0_0_0_0 = 0.000136461
Hr_0_0 = 0.000999882
I = 1
pi2_0_0_0_0 = 7.89649e-07
pi2_0_0_0_0_l_0 = 3.3154e-07
pi2_0_0_0_0_l_0_0 = 2.83827e-07
pi2_0_0_0_0_l_0_0_0 = 1.97467e-07
pi2_0_0_0_0_l_0_0_0_0 = 1.76304e-07
pi2_0_0_0_0_l_0_0_0_0_0 = 1.39284e-07
