DD_0_0 = 1.52117e-07
DD_0_0_l_0 = 4.04236e-08
DD_0_0_l_0_0 = 3.39892e-08
DD_0_0_l_0_0_0 = 1.73737e-08
DD_0_0_l_0_0_0_0 = 1.52952e-08
DD_0_0_l_0_0_0_0_0 = 9.62954e-09
DD_0_0_l_0_0_0_0_0_0 = 8.71261e-09
DD_0_0_l_0_0_0_0_0_0_0 = 6.10143e-09
DD_0_0_l_0_0_0_0_0_0_0_0 = 5.62131e-09
DD_0_0_l_0_0_0_0_0_0_0_0_0 = 4.20273e-09
DD_0_0_l_0_0_0_0_0_0_0_0_0_0 = 3.92204e-09
DD_0_0_l_0_0_0_0_0_0_0_0_0_0_0 = 3.06585e-09
DD_0_0_l_0_0_0_0_0_0_0_0_0_0_0_0 = 2.88856e-09
DD_0_0_l_0_0_0_0_0_0_0_0_0_0_0_0_0 = 2.33234e-09
DD_0_0_l_0_0_0_0_0_0_0_0_0_0_0_0_0_0 = 2.21372e-09
DD_0_0_l_0_0_0_0_0_0_0_0_0_0_0_0_0_0_0 = 1.83211e-09
DD_0_0_l_0_0_0_0_0_0_0_0_0_0_0_0_0_0_0_0 = 1.74915e-09
DD_0_0_l_0_0_0_0_0_0_0_0_0_0_0_0_0_0_0_0_0 = 1.47607e-09
DD_0_0_l_0_0_0_0_0_0_0_0_0_0_0_0_0_0_0_0_0_0 = 1.4159e-09
DD_0_0_l_0_0_0_0_0_0_0_0_0_0_0_0_0_0_0_0_0_0_0 = 1.21428e-09
DD_0_0_l_0_0_0_0_0_0_0_0_0_0_0_0_0_0_0_0_0_0_0_0 = 1.16195e-09
Dr_0_0 = 4.93082e-08
Dr_0_0_l_0 = 1.06995e-07
Dr_0_0_l_0_0 = 4.79913e-08
Dr_0_0_l_0_0_0 = 5.78707e-08
Dr_0_0_l_0_0_0_0 = 3.33053e-08
Dr_0_0_l_0_0_0_0_0 = 3.75856e-08
Dr_0_0_l_0_0_0_0_0_0 = 2.43064e-08
Dr_0_0_l_0_0_0_0_0_0_0 = 2.68417e-08
Dr_0_0_l_0_0_0_0_0_0_0_0 = 1.85988e-08
Dr_0_0_l_0_0_0_0_0_0_0_0_0 = 2.03379e-08
Dr_0_0_l_0_0_0_0_0_0_0_0_0_0 = 1.47576e-08
Dr_0_0_l_0_0_0_0_0_0_0_0_0_0_0 = 1.60516e-08
Dr_0_0_l_0_0_0_0_0_0_0_0_0_0_0_0 = 1.20412e-08
Dr_0_0_l_0_0_0_0_0_0_0_0_0_0_0_0_0 = 1.30541e-08
Dr_0_0_l_0_0_0_0_0_0_0_0_0_0_0_0_0_0 = 1.00427e-08
Dr_0_0_l_0_0_0_0_0_0_0_0_0_0_0_0_0_0_0 = 1.08635e-08
Dr_0_0_l_0_0_0_0_0_0_0_0_0_0_0_0_0_0_0_0 = 8.52512e-09
Dr_0_0_l_0_0_0_0_0_0_0_0_0_0_0_0_0_0_0_0_0 = 9.20707e-09
Dr_0_0_l_0_0_0_0_0_0_0_0_0_0_0_0_0_0_0_0_0_0 = 7.34261e-09
Dr_0_0_l_0_0_0_0_0_0_0_0_0_0_0_0_0_0_0_0_0_0_0 = 7.91901e-09
Dr_0_0_l_0_0_0_0_0_0_0_0_0_0_0_0_0_0_0_0_0_0_0_0 = 6.42385e-09
Dr_0_0_l_0_0_0_0_0_0_0_0_0_0_0_0_0_0_0_0_0_0_0_0_0 = 6.84262e-09
Hl_0_0 = 0.000686964
Hl_0_0_l_0 = 0.000313029
Hl_0_0_l_0_0 = 0.000269578
Hl_0_0_l_0_0_0 = 0.000191239
Hl_0_0_l_0_0_0_0 = 0.000172397
Hl_0_0_l_0_0_0_0_0 = 0.000137967
Hl_0_0_l_0_0_0_0_0_0 = 0.000127421
Hl_0_0_l_0_0_0_0_0_0_0 = 0.000107987
Hl_0_0_l_0_0_0_0_0_0_0_0 = 0.000101241
Hl_0_0_l_0_0_0_0_0_0_0_0_0 = 8.87392e-05
Hl_0_0_l_0_0_0_0_0_0_0_0_0_0 = 8.40513e-05
Hl_0_0_l_0_0_0_0_0_0_0_0_0_0_0 = 7.53268e-05
Hl_0_0_l_0_0_0_0_0_0_0_0_0_0_0_0 = 7.18791e-05
Hl_0_0_l_0_0_0_0_0_0_0_0_0_0_0_0_0 = 6.54423e-05
Hl_0_0_l_0_0_0_0_0_0_0_0_0_0_0_0_0_0 = 6.27998e-05
Hl_0_0_l_0_0_0_0_0_0_0_0_0_0_0_0_0_0_0 = 5.78539e-05
Hl_0_0_l_0_0_0_0_0_0_0_0_0_0_0_0_0_0_0_0 = 5.57639e-05
Hl_0_0_l_0_0_0_0_0_0_0_0_0_0_0_0_0_0_0_0_0 = 5.18442e-05
Hl_0_0_l_0_0_0_0_0_0_0_0_0_0_0_0_0_0_0_0_0_0 = 5.01494e-05
Hl_0_0_l_0_0_0_0_0_0_0_0_0_0_0_0_0_0_0_0_0_0_0 = 4.69724e-05
Hl_0_0_l_0_0_0_0_0_0_0_0_0_0_0_0_0_0_0_0_0_0_0_0 = 4.54453e-05
Hr_0_0 = 0.000999941
I = 1
pi2_0_0_0_0 = 7.34412e-07
pi2_0_0_0_0_l_0 = 3.24716e-07
pi2_0_0_0_0_l_0_0 = 2.77541e-07
pi2_0_0_0_0_l_0_0_0 = 1.95431e-07
pi2_0_0_0_0_l_0_0_0_0 = 1.75204e-07
pi2_0_0_0_0_l_0_0_0_0_0 = 1.39946e-07
pi2_0_0_0_0_l_0_0_0_0_0_0 = 1.2869e-07
pi2_0_0_0_0_l_0_0_0_0_0_0_0 = 1.09068e-07
pi2_0_0_0_0_l_0_0_0_0_0_0_0_0 = 1.01892e-07
pi2_0_0_0_0_l_0_0_0_0_0_0_0_0_0 = 8.93855e-08
pi2_0_0_0_0_l_0_0_0_0_0_0_0_0_0_0 = 8.4408e-08
pi2_0_0_0_0_l_0_0_0_0_0_0_0_0_0_0_0 = 7.57378e-08
pi2_0_0_0_0_l_0_0_0_0_0_0_0_0_0_0_0_0 = 7.20812e-08
pi2_0_0_0_0_l_0_0_0_0_0_0_0_0_0_0_0_0_0 = 6.57153e-08
pi2_0_0_0_0_l_0_0_0_0_0_0_0_0_0_0_0_0_0_0 = 6.29144e-08
pi2_0_0_0_0_l_0_0_0_0_0_0_0_0_0_0_0_0_0_0_0 = 5.80411e-08
pi2_0_0_0_0_l_0_0_0_0_0_0_0_0_0_0_0_0_0_0_0_0 = 5.58266e-08
pi2_0_0_0_0_l_0_0_0_0_0_0_0_0_0_0_0_0_0_0_0_0_0 = 5.19755e-08
pi2_0_0_0_0_l_0_0_0_0_0_0_0_0_0_0_0_0_0_0_0_0_0_0 = 5.018e-08
pi2_0_0_0_0_l_0_0_0_0_0_0_0_0_0_0_0_0_0_0_0_0_0_0_0 = 4.70671e-08
pi2_0_0_0_0_l_0_0_0_0_0_0_0_0_0_0_0_0_0_0_0_0_0_0_0_0 = 4.54566e-08
