DD_0_0 = 1.48371e-07
DD_0_0_l_0 = 4.32336e-08
DD_0_0_l_0_0 = 2.94137e-08
Dr_0_0 = 4.81708e-08
Dr_0_0_l_0 = 1.04052e-07
Dr_0_0_l_0_0 = 5.31409e-08
Dr_0_0_l_0_0_0 = 5.18484e-08
Hl_0_0 = 0.000678571
Hl_0_0_l_0 = 0.000321422
Hl_0_0_l_0_0 = 0.000249994
Hr_0_0 = 0.000999942
I = 1
pi2_0_0_0_0 = 7.24243e-07
pi2_0_0_0_0_l_0 = 3.35292e-07
pi2_0_0_0_0_l_0_0 = 2.56561e-07
