DD_0_0 = 1.52117e-07
DD_0_0_l_0 = 4.04266e-08
DD_0_0_l_0_0 = 3.39826e-08
DD_0_0_l_0_0_0 = 1.73896e-08
DD_0_0_l_0_0_0_0 = 1.52689e-08
DD_0_0_l_0_0_0_0_0 = 9.49571e-09
Dr_0_0 = 4.93085e-08
Dr_0_0_l_0 = 1.06993e-07
Dr_0_0_l_0_0 = 4.80026e-08
Dr_0_0_l_0_0_0 = 5.78245e-08
Dr_0_0_l_0_0_0_0 = 3.3531e-08
Dr_0_0_l_0_0_0_0_0 = 3.62905e-08
Dr_0_0_l_0_0_0_0_0_0 = 2.45348e-08
Hl_0_0 = 0.000686975
Hl_0_0_l_0 = 0.000313018
Hl_0_0_l_0_0 = 0.000269603
Hl_0_0_l_0_0_0 = 0.000191164
Hl_0_0_l_0_0_0_0 = 0.000172698
Hl_0_0_l_0_0_0_0_0 = 0.000136461
Hr_0_0 = 0.000999941
I = 1
pi2_0_0_0_0 = 7.34417e-07
pi2_0_0_0_0_l_0 = 3.24716e-07
pi2_0_0_0_0_l_0_0 = 2.7754e-07
pi2_0_0_0_0_l_0_0_0 = 1.95432e-07
pi2_0_0_0_0_l_0_0_0_0 = 1.75263e-07
pi2_0_0_0_0_l_0_0_0_0_0 = 1.38463e-07
