D^2   = 1.5121226532737935e-07
Dz    = 1.0619815204804767e-07
pi(A) = 0.0013734349562049858
pi(B) = 0.002000000000000005
pi2   = 7.332797799052154e-07
