DD_0_0 = 1.52117e-07
DD_0_0_l_0 = 4.04236e-08
DD_0_0_l_0_0 = 3.39892e-08
DD_0_0_l_0_0_0 = 1.73737e-08
DD_0_0_l_0_0_0_0 = 1.52952e-08
DD_0_0_l_0_0_0_0_0 = 9.62956e-09
DD_0_0_l_0_0_0_0_0_0 = 8.71258e-09
DD_0_0_l_0_0_0_0_0_0_0 = 6.1016e-09
DD_0_0_l_0_0_0_0_0_0_0_0 = 5.62018e-09
DD_0_0_l_0_0_0_0_0_0_0_0_0 = 4.21147e-09
DD_0_0_l_0_0_0_0_0_0_0_0_0_0 = 3.84935e-09
Dr_0_0 = 4.93082e-08
Dr_0_0_l_0 = 1.06995e-07
Dr_0_0_l_0_0 = 4.79913e-08
Dr_0_0_l_0_0_0 = 5.78707e-08
Dr_0_0_l_0_0_0_0 = 3.33053e-08
Dr_0_0_l_0_0_0_0_0 = 3.75856e-08
Dr_0_0_l_0_0_0_0_0_0 = 2.43065e-08
Dr_0_0_l_0_0_0_0_0_0_0 = 2.68415e-08
Dr_0_0_l_0_0_0_0_0_0_0_0 = 1.86001e-08
Dr_0_0_l_0_0_0_0_0_0_0_0_0 = 2.03265e-08
Dr_0_0_l_0_0_0_0_0_0_0_0_0_0 = 1.48734e-08
Dr_0_0_l_0_0_0_0_0_0_0_0_0_0_0 = 1.57354e-08
Hl_0_0 = 0.000686964
Hl_0_0_l_0 = 0.000313029
Hl_0_0_l_0_0 = 0.000269578
Hl_0_0_l_0_0_0 = 0.000191239
Hl_0_0_l_0_0_0_0 = 0.000172397
Hl_0_0_l_0_0_0_0_0 = 0.000137967
Hl_0_0_l_0_0_0_0_0_0 = 0.00012742
Hl_0_0_l_0_0_0_0_0_0_0 = 0.000107988
Hl_0_0_l_0_0_0_0_0_0_0_0 = 0.000101233
Hl_0_0_l_0_0_0_0_0_0_0_0_0 = 8.88118e-05
Hl_0_0_l_0_0_0_0_0_0_0_0_0_0 = 8.33247e-05
Hr_0_0 = 0.000999941
I = 1
pi2_0_0_0_0 = 7.34412e-07
pi2_0_0_0_0_l_0 = 3.24716e-07
pi2_0_0_0_0_l_0_0 = 2.77541e-07
pi2_0_0_0_0_l_0_0_0 = 1.95431e-07
pi2_0_0_0_0_l_0_0_0_0 = 1.75204e-07
pi2_0_0_0_0_l_0_0_0_0_0 = 1.39946e-07
pi2_0_0_0_0_l_0_0_0_0_0_0 = 1.2869e-07
pi2_0_0_0_0_l_0_0_0_0_0_0_0 = 1.09069e-07
pi2_0_0_0_0_l_0_0_0_0_0_0_0_0 = 1.01882e-07
pi2_0_0_0_0_l_0_0_0_0_0_0_0_0_0 = 8.94693e-08
pi2_0_0_0_0_l_0_0_0_0_0_0_0_0_0_0 = 8.36696e-08
