DD_0_0 = 2.94189e-08
DD_0_0_l_0 = 1.15614e-08
DD_0_0_l_0_0 = 9.38952e-09
DD_0_0_l_0_0_0 = 6.00097e-09
DD_0_0_l_0_0_0_0 = 5.14512e-09
DD_0_0_l_0_0_0_0_0 = 3.7854e-09
DD_0_0_l_0_0_0_0_0_0 = 3.34663e-09
DD_0_0_l_0_0_0_0_0_0_0 = 2.64039e-09
DD_0_0_l_0_0_0_0_0_0_0_0 = 2.38159e-09
DD_0_0_l_0_0_0_0_0_0_0_0_0 = 1.96055e-09
DD_0_0_l_0_0_0_0_0_0_0_0_0_0 = 1.79371e-09
DD_0_0_l_0_0_0_0_0_0_0_0_0_0_0 = 1.51983e-09
DD_0_0_l_0_0_0_0_0_0_0_0_0_0_0_0 = 1.40539e-09
DD_0_0_l_0_0_0_0_0_0_0_0_0_0_0_0_0 = 1.21606e-09
DD_0_0_l_0_0_0_0_0_0_0_0_0_0_0_0_0_0 = 1.13387e-09
DD_0_0_l_0_0_0_0_0_0_0_0_0_0_0_0_0_0_0 = 9.96979e-10
DD_0_0_l_0_0_0_0_0_0_0_0_0_0_0_0_0_0_0_0 = 9.3582e-10
DD_0_0_l_0_0_0_0_0_0_0_0_0_0_0_0_0_0_0_0_0 = 8.33334e-10
DD_0_0_l_0_0_0_0_0_0_0_0_0_0_0_0_0_0_0_0_0_0 = 7.86507e-10
DD_0_0_l_0_0_0_0_0_0_0_0_0_0_0_0_0_0_0_0_0_0_0 = 7.0777e-10
DD_0_0_l_0_0_0_0_0_0_0_0_0_0_0_0_0_0_0_0_0_0_0_0 = 6.68093e-10
Dr_0_0 = 3.84105e-09
Dr_0_0_l_0 = 8.89877e-09
Dr_0_0_l_0_0 = 6.14333e-09
Dr_0_0_l_0_0_0 = 6.70669e-09
Dr_0_0_l_0_0_0_0 = 5.20842e-09
Dr_0_0_l_0_0_0_0_0 = 5.31228e-09
Dr_0_0_l_0_0_0_0_0_0 = 4.35398e-09
Dr_0_0_l_0_0_0_0_0_0_0 = 4.35771e-09
Dr_0_0_l_0_0_0_0_0_0_0_0 = 3.68863e-09
Dr_0_0_l_0_0_0_0_0_0_0_0_0 = 3.66676e-09
Dr_0_0_l_0_0_0_0_0_0_0_0_0_0 = 3.17239e-09
Dr_0_0_l_0_0_0_0_0_0_0_0_0_0_0 = 3.14552e-09
Dr_0_0_l_0_0_0_0_0_0_0_0_0_0_0_0 = 2.76529e-09
Dr_0_0_l_0_0_0_0_0_0_0_0_0_0_0_0_0 = 2.73966e-09
Dr_0_0_l_0_0_0_0_0_0_0_0_0_0_0_0_0_0 = 2.43827e-09
Dr_0_0_l_0_0_0_0_0_0_0_0_0_0_0_0_0_0_0 = 2.41563e-09
Dr_0_0_l_0_0_0_0_0_0_0_0_0_0_0_0_0_0_0_0 = 2.17104e-09
Dr_0_0_l_0_0_0_0_0_0_0_0_0_0_0_0_0_0_0_0_0 = 2.15166e-09
Dr_0_0_l_0_0_0_0_0_0_0_0_0_0_0_0_0_0_0_0_0_0 = 1.94935e-09
Dr_0_0_l_0_0_0_0_0_0_0_0_0_0_0_0_0_0_0_0_0_0_0 = 1.933e-09
Dr_0_0_l_0_0_0_0_0_0_0_0_0_0_0_0_0_0_0_0_0_0_0_0 = 1.76274e-09
Dr_0_0_l_0_0_0_0_0_0_0_0_0_0_0_0_0_0_0_0_0_0_0_0_0 = 1.74282e-09
Hl_0_0 = 0.000686964
Hl_0_0_l_0 = 0.000313029
Hl_0_0_l_0_0 = 0.000269578
Hl_0_0_l_0_0_0 = 0.000191239
Hl_0_0_l_0_0_0_0 = 0.000172397
Hl_0_0_l_0_0_0_0_0 = 0.000137967
Hl_0_0_l_0_0_0_0_0_0 = 0.000127421
Hl_0_0_l_0_0_0_0_0_0_0 = 0.000107987
Hl_0_0_l_0_0_0_0_0_0_0_0 = 0.000101241
Hl_0_0_l_0_0_0_0_0_0_0_0_0 = 8.87392e-05
Hl_0_0_l_0_0_0_0_0_0_0_0_0_0 = 8.40513e-05
Hl_0_0_l_0_0_0_0_0_0_0_0_0_0_0 = 7.53268e-05
Hl_0_0_l_0_0_0_0_0_0_0_0_0_0_0_0 = 7.18791e-05
Hl_0_0_l_0_0_0_0_0_0_0_0_0_0_0_0_0 = 6.54423e-05
Hl_0_0_l_0_0_0_0_0_0_0_0_0_0_0_0_0_0 = 6.27998e-05
Hl_0_0_l_0_0_0_0_0_0_0_0_0_0_0_0_0_0_0 = 5.78539e-05
Hl_0_0_l_0_0_0_0_0_0_0_0_0_0_0_0_0_0_0_0 = 5.57639e-05
Hl_0_0_l_0_0_0_0_0_0_0_0_0_0_0_0_0_0_0_0_0 = 5.18442e-05
Hl_0_0_l_0_0_0_0_0_0_0_0_0_0_0_0_0_0_0_0_0_0 = 5.01494e-05
Hl_0_0_l_0_0_0_0_0_0_0_0_0_0_0_0_0_0_0_0_0_0_0 = 4.69724e-05
Hl_0_0_l_0_0_0_0_0_0_0_0_0_0_0_0_0_0_0_0_0_0_0_0 = 4.54453e-05
Hr_0_0 = 0.000999986
I = 1
pi2_0_0_0_0 = 6.90822e-07
pi2_0_0_0_0_l_0 = 3.14749e-07
pi2_0_0_0_0_l_0_0 = 2.70751e-07
pi2_0_0_0_0_l_0_0_0 = 1.92044e-07
pi2_0_0_0_0_l_0_0_0_0 = 1.72993e-07
pi2_0_0_0_0_l_0_0_0_0_0 = 1.38431e-07
pi2_0_0_0_0_l_0_0_0_0_0_0 = 1.2778e-07
pi2_0_0_0_0_l_0_0_0_0_0_0_0 = 1.08287e-07
pi2_0_0_0_0_l_0_0_0_0_0_0_0_0 = 1.0148e-07
pi2_0_0_0_0_l_0_0_0_0_0_0_0_0_0 = 8.89468e-08
pi2_0_0_0_0_l_0_0_0_0_0_0_0_0_0_0 = 8.42193e-08
pi2_0_0_0_0_l_0_0_0_0_0_0_0_0_0_0_0 = 7.54778e-08
pi2_0_0_0_0_l_0_0_0_0_0_0_0_0_0_0_0_0 = 7.20029e-08
pi2_0_0_0_0_l_0_0_0_0_0_0_0_0_0_0_0_0_0 = 6.55562e-08
pi2_0_0_0_0_l_0_0_0_0_0_0_0_0_0_0_0_0_0_0 = 6.2894e-08
pi2_0_0_0_0_l_0_0_0_0_0_0_0_0_0_0_0_0_0_0_0 = 5.79423e-08
pi2_0_0_0_0_l_0_0_0_0_0_0_0_0_0_0_0_0_0_0_0_0 = 5.58375e-08
pi2_0_0_0_0_l_0_0_0_0_0_0_0_0_0_0_0_0_0_0_0_0_0 = 5.19143e-08
pi2_0_0_0_0_l_0_0_0_0_0_0_0_0_0_0_0_0_0_0_0_0_0_0 = 5.02081e-08
pi2_0_0_0_0_l_0_0_0_0_0_0_0_0_0_0_0_0_0_0_0_0_0_0_0 = 4.70291e-08
pi2_0_0_0_0_l_0_0_0_0_0_0_0_0_0_0_0_0_0_0_0_0_0_0_0_0 = 4.54927e-08
