DD_0_0 = 2.94189e-08
DD_0_0_l_0 = 1.15614e-08
DD_0_0_l_0_0 = 9.38952e-09
DD_0_0_l_0_0_0 = 6.00106e-09
DD_0_0_l_0_0_0_0 = 5.14509e-09
DD_0_0_l_0_0_0_0_0 = 3.78535e-09
DD_0_0_l_0_0_0_0_0_0 = 3.34664e-09
DD_0_0_l_0_0_0_0_0_0_0 = 2.64039e-09
DD_0_0_l_0_0_0_0_0_0_0_0 = 2.38133e-09
DD_0_0_l_0_0_0_0_0_0_0_0_0 = 1.96293e-09
DD_0_0_l_0_0_0_0_0_0_0_0_0_0 = 1.77044e-09
Dr_0_0 = 3.84105e-09
Dr_0_0_l_0 = 8.89876e-09
Dr_0_0_l_0_0 = 6.14334e-09
Dr_0_0_l_0_0_0 = 6.7067e-09
Dr_0_0_l_0_0_0_0 = 5.20844e-09
Dr_0_0_l_0_0_0_0_0 = 5.31227e-09
Dr_0_0_l_0_0_0_0_0_0 = 4.35399e-09
Dr_0_0_l_0_0_0_0_0_0_0 = 4.35771e-09
Dr_0_0_l_0_0_0_0_0_0_0_0 = 3.68864e-09
Dr_0_0_l_0_0_0_0_0_0_0_0_0 = 3.66643e-09
Dr_0_0_l_0_0_0_0_0_0_0_0_0_0 = 3.17562e-09
Dr_0_0_l_0_0_0_0_0_0_0_0_0_0_0 = 3.1145e-09
Hl_0_0 = 0.000686964
Hl_0_0_l_0 = 0.000313029
Hl_0_0_l_0_0 = 0.000269578
Hl_0_0_l_0_0_0 = 0.000191239
Hl_0_0_l_0_0_0_0 = 0.000172397
Hl_0_0_l_0_0_0_0_0 = 0.000137967
Hl_0_0_l_0_0_0_0_0_0 = 0.00012742
Hl_0_0_l_0_0_0_0_0_0_0 = 0.000107988
Hl_0_0_l_0_0_0_0_0_0_0_0 = 0.000101233
Hl_0_0_l_0_0_0_0_0_0_0_0_0 = 8.88118e-05
Hl_0_0_l_0_0_0_0_0_0_0_0_0_0 = 8.33247e-05
Hr_0_0 = 0.000999986
I = 1
pi2_0_0_0_0 = 6.90822e-07
pi2_0_0_0_0_l_0 = 3.14749e-07
pi2_0_0_0_0_l_0_0 = 2.70751e-07
pi2_0_0_0_0_l_0_0_0 = 1.92044e-07
pi2_0_0_0_0_l_0_0_0_0 = 1.72993e-07
pi2_0_0_0_0_l_0_0_0_0_0 = 1.38431e-07
pi2_0_0_0_0_l_0_0_0_0_0_0 = 1.2778e-07
pi2_0_0_0_0_l_0_0_0_0_0_0_0 = 1.08288e-07
pi2_0_0_0_0_l_0_0_0_0_0_0_0_0 = 1.01471e-07
pi2_0_0_0_0_l_0_0_0_0_0_0_0_0_0 = 8.90198e-08
pi2_0_0_0_0_l_0_0_0_0_0_0_0_0_0_0 = 8.34902e-08
