DD_0_0 = 3.37045e-09
DD_0_0_l_0 = 1.50582e-09
DD_0_0_l_0_0 = 1.28298e-09
DD_0_0_l_0_0_0 = 8.94887e-10
DD_0_0_l_0_0_0_0 = 7.98105e-10
DD_0_0_l_0_0_0_0_0 = 6.28817e-10
DD_0_0_l_0_0_0_0_0_0 = 5.7468e-10
DD_0_0_l_0_0_0_0_0_0_0 = 4.79907e-10
DD_0_0_l_0_0_0_0_0_0_0_0 = 4.45347e-10
DD_0_0_l_0_0_0_0_0_0_0_0_0 = 3.84899e-10
DD_0_0_l_0_0_0_0_0_0_0_0_0_0 = 3.60965e-10
DD_0_0_l_0_0_0_0_0_0_0_0_0_0_0 = 3.19161e-10
DD_0_0_l_0_0_0_0_0_0_0_0_0_0_0_0 = 3.01632e-10
DD_0_0_l_0_0_0_0_0_0_0_0_0_0_0_0_0 = 2.71074e-10
DD_0_0_l_0_0_0_0_0_0_0_0_0_0_0_0_0_0 = 2.57706e-10
DD_0_0_l_0_0_0_0_0_0_0_0_0_0_0_0_0_0_0 = 2.34449e-10
DD_0_0_l_0_0_0_0_0_0_0_0_0_0_0_0_0_0_0_0 = 2.23934e-10
DD_0_0_l_0_0_0_0_0_0_0_0_0_0_0_0_0_0_0_0_0 = 2.05679e-10
DD_0_0_l_0_0_0_0_0_0_0_0_0_0_0_0_0_0_0_0_0_0 = 1.97205e-10
DD_0_0_l_0_0_0_0_0_0_0_0_0_0_0_0_0_0_0_0_0_0_0 = 1.82552e-10
DD_0_0_l_0_0_0_0_0_0_0_0_0_0_0_0_0_0_0_0_0_0_0_0 = 1.75018e-10
Dr_0_0 = 6.38749e-11
Dr_0_0_l_0 = 1.55188e-10
Dr_0_0_l_0_0 = 1.34203e-10
Dr_0_0_l_0_0_0 = 1.55959e-10
Dr_0_0_l_0_0_0_0 = 1.41444e-10
Dr_0_0_l_0_0_0_0_0 = 1.51312e-10
Dr_0_0_l_0_0_0_0_0_0 = 1.40036e-10
Dr_0_0_l_0_0_0_0_0_0_0 = 1.45471e-10
Dr_0_0_l_0_0_0_0_0_0_0_0 = 1.36227e-10
Dr_0_0_l_0_0_0_0_0_0_0_0_0 = 1.39473e-10
Dr_0_0_l_0_0_0_0_0_0_0_0_0_0 = 1.31628e-10
Dr_0_0_l_0_0_0_0_0_0_0_0_0_0_0 = 1.33679e-10
Dr_0_0_l_0_0_0_0_0_0_0_0_0_0_0_0 = 1.26877e-10
Dr_0_0_l_0_0_0_0_0_0_0_0_0_0_0_0_0 = 1.2818e-10
Dr_0_0_l_0_0_0_0_0_0_0_0_0_0_0_0_0_0 = 1.22194e-10
Dr_0_0_l_0_0_0_0_0_0_0_0_0_0_0_0_0_0_0 = 1.23018e-10
Dr_0_0_l_0_0_0_0_0_0_0_0_0_0_0_0_0_0_0_0 = 1.17684e-10
Dr_0_0_l_0_0_0_0_0_0_0_0_0_0_0_0_0_0_0_0_0 = 1.18188e-10
Dr_0_0_l_0_0_0_0_0_0_0_0_0_0_0_0_0_0_0_0_0_0 = 1.13389e-10
Dr_0_0_l_0_0_0_0_0_0_0_0_0_0_0_0_0_0_0_0_0_0_0 = 1.1367e-10
Dr_0_0_l_0_0_0_0_0_0_0_0_0_0_0_0_0_0_0_0_0_0_0_0 = 1.09372e-10
Dr_0_0_l_0_0_0_0_0_0_0_0_0_0_0_0_0_0_0_0_0_0_0_0_0 = 1.09262e-10
Hl_0_0 = 0.000686964
Hl_0_0_l_0 = 0.000313029
Hl_0_0_l_0_0 = 0.000269578
Hl_0_0_l_0_0_0 = 0.000191239
Hl_0_0_l_0_0_0_0 = 0.000172397
Hl_0_0_l_0_0_0_0_0 = 0.000137967
Hl_0_0_l_0_0_0_0_0_0 = 0.000127421
Hl_0_0_l_0_0_0_0_0_0_0 = 0.000107987
Hl_0_0_l_0_0_0_0_0_0_0_0 = 0.000101241
Hl_0_0_l_0_0_0_0_0_0_0_0_0 = 8.87392e-05
Hl_0_0_l_0_0_0_0_0_0_0_0_0_0 = 8.40513e-05
Hl_0_0_l_0_0_0_0_0_0_0_0_0_0_0 = 7.53268e-05
Hl_0_0_l_0_0_0_0_0_0_0_0_0_0_0_0 = 7.18791e-05
Hl_0_0_l_0_0_0_0_0_0_0_0_0_0_0_0_0 = 6.54423e-05
Hl_0_0_l_0_0_0_0_0_0_0_0_0_0_0_0_0_0 = 6.27998e-05
Hl_0_0_l_0_0_0_0_0_0_0_0_0_0_0_0_0_0_0 = 5.78539e-05
Hl_0_0_l_0_0_0_0_0_0_0_0_0_0_0_0_0_0_0_0 = 5.57639e-05
Hl_0_0_l_0_0_0_0_0_0_0_0_0_0_0_0_0_0_0_0_0 = 5.18442e-05
Hl_0_0_l_0_0_0_0_0_0_0_0_0_0_0_0_0_0_0_0_0_0 = 5.01494e-05
Hl_0_0_l_0_0_0_0_0_0_0_0_0_0_0_0_0_0_0_0_0_0_0 = 4.69724e-05
Hl_0_0_l_0_0_0_0_0_0_0_0_0_0_0_0_0_0_0_0_0_0_0_0 = 4.54453e-05
Hr_0_0 = 0.00099999
I = 1
pi2_0_0_0_0 = 6.87018e-07
pi2_0_0_0_0_l_0 = 3.13061e-07
pi2_0_0_0_0_l_0_0 = 2.69602e-07
pi2_0_0_0_0_l_0_0_0 = 1.91258e-07
pi2_0_0_0_0_l_0_0_0_0 = 1.72413e-07
pi2_0_0_0_0_l_0_0_0_0_0 = 1.3798e-07
pi2_0_0_0_0_l_0_0_0_0_0_0 = 1.27432e-07
pi2_0_0_0_0_l_0_0_0_0_0_0_0 = 1.07997e-07
pi2_0_0_0_0_l_0_0_0_0_0_0_0_0 = 1.0125e-07
pi2_0_0_0_0_l_0_0_0_0_0_0_0_0_0 = 8.8747e-08
pi2_0_0_0_0_l_0_0_0_0_0_0_0_0_0_0 = 8.40583e-08
pi2_0_0_0_0_l_0_0_0_0_0_0_0_0_0_0_0 = 7.53332e-08
pi2_0_0_0_0_l_0_0_0_0_0_0_0_0_0_0_0_0 = 7.18849e-08
pi2_0_0_0_0_l_0_0_0_0_0_0_0_0_0_0_0_0_0 = 6.54475e-08
pi2_0_0_0_0_l_0_0_0_0_0_0_0_0_0_0_0_0_0_0 = 6.28046e-08
pi2_0_0_0_0_l_0_0_0_0_0_0_0_0_0_0_0_0_0_0_0 = 5.78583e-08
pi2_0_0_0_0_l_0_0_0_0_0_0_0_0_0_0_0_0_0_0_0_0 = 5.5768e-08
pi2_0_0_0_0_l_0_0_0_0_0_0_0_0_0_0_0_0_0_0_0_0_0 = 5.1848e-08
pi2_0_0_0_0_l_0_0_0_0_0_0_0_0_0_0_0_0_0_0_0_0_0_0 = 5.01529e-08
pi2_0_0_0_0_l_0_0_0_0_0_0_0_0_0_0_0_0_0_0_0_0_0_0_0 = 4.69757e-08
pi2_0_0_0_0_l_0_0_0_0_0_0_0_0_0_0_0_0_0_0_0_0_0_0_0_0 = 4.54483e-08
