DD_0_0 = 3.3705e-09
DD_0_0_l_0 = 1.50579e-09
DD_0_0_l_0_0 = 1.28309e-09
DD_0_0_l_0_0_0 = 8.94518e-10
DD_0_0_l_0_0_0_0 = 7.9959e-10
DD_0_0_l_0_0_0_0_0 = 6.21446e-10
Dr_0_0 = 6.38759e-11
Dr_0_0_l_0 = 1.5519e-10
Dr_0_0_l_0_0 = 1.34202e-10
Dr_0_0_l_0_0_0 = 1.55967e-10
Dr_0_0_l_0_0_0_0 = 1.41351e-10
Dr_0_0_l_0_0_0_0_0 = 1.53931e-10
Dr_0_0_l_0_0_0_0_0_0 = 1.3963e-10
Hl_0_0 = 0.000686975
Hl_0_0_l_0 = 0.000313018
Hl_0_0_l_0_0 = 0.000269603
Hl_0_0_l_0_0_0 = 0.000191164
Hl_0_0_l_0_0_0_0 = 0.000172698
Hl_0_0_l_0_0_0_0_0 = 0.000136461
Hr_0_0 = 0.00099999
I = 1
pi2_0_0_0_0 = 6.87028e-07
pi2_0_0_0_0_l_0 = 3.1305e-07
pi2_0_0_0_0_l_0_0 = 2.69627e-07
pi2_0_0_0_0_l_0_0_0 = 1.91184e-07
pi2_0_0_0_0_l_0_0_0_0 = 1.72715e-07
pi2_0_0_0_0_l_0_0_0_0_0 = 1.36474e-07
