DD_0_0 = 3.37045e-09
DD_0_0_l_0 = 1.50584e-09
DD_0_0_l_0_0 = 1.28296e-09
DD_0_0_l_0_0_0 = 8.94885e-10
DD_0_0_l_0_0_0_0 = 7.98106e-10
DD_0_0_l_0_0_0_0_0 = 6.28817e-10
DD_0_0_l_0_0_0_0_0_0 = 5.74679e-10
DD_0_0_l_0_0_0_0_0_0_0 = 4.79909e-10
DD_0_0_l_0_0_0_0_0_0_0_0 = 4.45309e-10
DD_0_0_l_0_0_0_0_0_0_0_0_0 = 3.85248e-10
DD_0_0_l_0_0_0_0_0_0_0_0_0_0 = 3.57506e-10
Dr_0_0 = 6.38749e-11
Dr_0_0_l_0 = 1.55189e-10
Dr_0_0_l_0_0 = 1.34205e-10
Dr_0_0_l_0_0_0 = 1.55958e-10
Dr_0_0_l_0_0_0_0 = 1.41443e-10
Dr_0_0_l_0_0_0_0_0 = 1.51312e-10
Dr_0_0_l_0_0_0_0_0_0 = 1.40041e-10
Dr_0_0_l_0_0_0_0_0_0_0 = 1.45469e-10
Dr_0_0_l_0_0_0_0_0_0_0_0 = 1.36219e-10
Dr_0_0_l_0_0_0_0_0_0_0_0_0 = 1.39458e-10
Dr_0_0_l_0_0_0_0_0_0_0_0_0_0 = 1.32062e-10
Dr_0_0_l_0_0_0_0_0_0_0_0_0_0_0 = 1.33042e-10
Hl_0_0 = 0.000686964
Hl_0_0_l_0 = 0.000313029
Hl_0_0_l_0_0 = 0.000269578
Hl_0_0_l_0_0_0 = 0.000191239
Hl_0_0_l_0_0_0_0 = 0.000172397
Hl_0_0_l_0_0_0_0_0 = 0.000137967
Hl_0_0_l_0_0_0_0_0_0 = 0.00012742
Hl_0_0_l_0_0_0_0_0_0_0 = 0.000107988
Hl_0_0_l_0_0_0_0_0_0_0_0 = 0.000101233
Hl_0_0_l_0_0_0_0_0_0_0_0_0 = 8.88118e-05
Hl_0_0_l_0_0_0_0_0_0_0_0_0_0 = 8.33247e-05
Hr_0_0 = 0.00099999
I = 1
pi2_0_0_0_0 = 6.87018e-07
pi2_0_0_0_0_l_0 = 3.13061e-07
pi2_0_0_0_0_l_0_0 = 2.69602e-07
pi2_0_0_0_0_l_0_0_0 = 1.91258e-07
pi2_0_0_0_0_l_0_0_0_0 = 1.72413e-07
pi2_0_0_0_0_l_0_0_0_0_0 = 1.3798e-07
pi2_0_0_0_0_l_0_0_0_0_0_0 = 1.27432e-07
pi2_0_0_0_0_l_0_0_0_0_0_0_0 = 1.07998e-07
pi2_0_0_0_0_l_0_0_0_0_0_0_0_0 = 1.01242e-07
pi2_0_0_0_0_l_0_0_0_0_0_0_0_0_0 = 8.88197e-08
pi2_0_0_0_0_l_0_0_0_0_0_0_0_0_0_0 = 8.33317e-08
