DD_0_0 = 1.14319e-08
DD_0_0_l_0 = 1.57821e-08
DD_0_0_l_0_0 = 8.65579e-09
Dr_0_0 = 1.21203e-08
Dr_0_0_l_0 = 1.5589e-08
Dr_0_0_l_0_0 = 2.07841e-08
Dr_0_0_l_0_0_0 = 1.60428e-08
Hl_0_0 = 0.000173386
Hl_0_0_l_0 = 0.000165322
Hl_0_0_l_0_0 = 0.000124998
Hr_0_0 = 0.000999929
I = 1
pi2_0_0_0_0 = 1.76542e-07
pi2_0_0_0_0_l_0 = 1.69327e-07
pi2_0_0_0_0_l_0_0 = 1.27327e-07
