D^2   = 5.663254814178966e-09
Dz    = 8.620035068729989e-09
pi(A) = 0.00019933600945674926
pi(B) = 0.0020000000000000126
pi2   = 9.992172260161363e-08
