DD_0_0 = 1.40784e-09
DD_0_0_l_0 = 4.24673e-09
DD_0_0_l_0_0 = 3.01282e-09
Dr_0_0 = 3.03432e-10
Dr_0_0_l_0 = 2.72461e-09
Dr_0_0_l_0_0 = 5.23024e-09
Dr_0_0_l_0_0_0 = 4.94663e-09
Hl_0_0 = 8.56304e-05
Hl_0_0_l_0 = 9.14369e-05
Hl_0_0_l_0_0 = 7.69222e-05
Hr_0_0 = 0.000999987
I = 1
pi2_0_0_0_0 = 8.6432e-08
pi2_0_0_0_0_l_0 = 9.27782e-08
pi2_0_0_0_0_l_0_0 = 7.77132e-08
