DD_0_0 = 2.55518e-08
DD_0_0_l_0 = 1.57624e-08
DD_0_0_l_0_0 = 1.13237e-08
DD_0_0_l_0_0_0 = 8.53302e-09
DD_0_0_l_0_0_0_0 = 6.70274e-09
DD_0_0_l_0_0_0_0_0 = 5.42406e-09
DD_0_0_l_0_0_0_0_0_0 = 4.46392e-09
DD_0_0_l_0_0_0_0_0_0_0 = 3.7746e-09
DD_0_0_l_0_0_0_0_0_0_0_0 = 3.17985e-09
DD_0_0_l_0_0_0_0_0_0_0_0_0 = 2.81082e-09
DD_0_0_l_0_0_0_0_0_0_0_0_0_0 = 2.3161e-09
Dr_0_0 = 3.41619e-08
Dr_0_0_l_0 = 3.05989e-08
Dr_0_0_l_0_0 = 2.56269e-08
Dr_0_0_l_0_0_0 = 2.21443e-08
Dr_0_0_l_0_0_0_0 = 1.9156e-08
Dr_0_0_l_0_0_0_0_0 = 1.68721e-08
Dr_0_0_l_0_0_0_0_0_0 = 1.49203e-08
Dr_0_0_l_0_0_0_0_0_0_0 = 1.33802e-08
Dr_0_0_l_0_0_0_0_0_0_0_0 = 1.1986e-08
Dr_0_0_l_0_0_0_0_0_0_0_0_0 = 1.0984e-08
Dr_0_0_l_0_0_0_0_0_0_0_0_0_0 = 9.73983e-09
Dr_0_0_l_0_0_0_0_0_0_0_0_0_0_0 = 8.86255e-09
Hl_0_0 = 0.000199689
Hl_0_0_l_0 = 0.000160062
Hl_0_0_l_0_0 = 0.00013587
Hl_0_0_l_0_0_0 = 0.000118475
Hl_0_0_l_0_0_0_0 = 0.000105152
Hl_0_0_l_0_0_0_0_0 = 9.48399e-05
Hl_0_0_l_0_0_0_0_0_0 = 8.6138e-05
Hl_0_0_l_0_0_0_0_0_0_0 = 7.93951e-05
Hl_0_0_l_0_0_0_0_0_0_0_0 = 7.29193e-05
Hl_0_0_l_0_0_0_0_0_0_0_0_0 = 6.87295e-05
Hl_0_0_l_0_0_0_0_0_0_0_0_0_0 = 6.24942e-05
Hr_0_0 = 0.000999819
I = 1
pi2_0_0_0_0 = 2.03722e-07
pi2_0_0_0_0_l_0 = 1.62396e-07
pi2_0_0_0_0_l_0_0 = 1.37382e-07
pi2_0_0_0_0_l_0_0_0 = 1.19527e-07
pi2_0_0_0_0_l_0_0_0_0 = 1.05907e-07
pi2_0_0_0_0_l_0_0_0_0_0 = 9.53968e-08
pi2_0_0_0_0_l_0_0_0_0_0_0 = 8.65647e-08
pi2_0_0_0_0_l_0_0_0_0_0_0_0 = 7.97119e-08
pi2_0_0_0_0_l_0_0_0_0_0_0_0_0 = 7.31844e-08
pi2_0_0_0_0_l_0_0_0_0_0_0_0_0_0 = 6.89089e-08
pi2_0_0_0_0_l_0_0_0_0_0_0_0_0_0_0 = 6.26433e-08
