DD_0_0 = 4.12132e-09
DD_0_0_l_0 = 4.60312e-09
DD_0_0_l_0_0 = 3.44717e-09
DD_0_0_l_0_0_0 = 3.21349e-09
DD_0_0_l_0_0_0_0 = 2.56903e-09
DD_0_0_l_0_0_0_0_0 = 2.39062e-09
DD_0_0_l_0_0_0_0_0_0 = 1.96788e-09
DD_0_0_l_0_0_0_0_0_0_0 = 1.85851e-09
DD_0_0_l_0_0_0_0_0_0_0_0 = 1.5479e-09
DD_0_0_l_0_0_0_0_0_0_0_0_0 = 1.49577e-09
DD_0_0_l_0_0_0_0_0_0_0_0_0_0 = 1.24e-09
Dr_0_0 = 4.82298e-09
Dr_0_0_l_0 = 6.79523e-09
Dr_0_0_l_0_0 = 6.57834e-09
Dr_0_0_l_0_0_0 = 6.29522e-09
Dr_0_0_l_0_0_0_0 = 5.96561e-09
Dr_0_0_l_0_0_0_0_0 = 5.55807e-09
Dr_0_0_l_0_0_0_0_0_0 = 5.24104e-09
Dr_0_0_l_0_0_0_0_0_0_0 = 4.89287e-09
Dr_0_0_l_0_0_0_0_0_0_0_0 = 4.58853e-09
Dr_0_0_l_0_0_0_0_0_0_0_0_0 = 4.34444e-09
Dr_0_0_l_0_0_0_0_0_0_0_0_0_0 = 4.01128e-09
Dr_0_0_l_0_0_0_0_0_0_0_0_0_0_0 = 3.7167e-09
Hl_0_0 = 9.63273e-05
Hl_0_0_l_0 = 9.03672e-05
Hl_0_0_l_0_0 = 8.07018e-05
Hl_0_0_l_0_0_0 = 7.57883e-05
Hl_0_0_l_0_0_0_0 = 6.89482e-05
Hl_0_0_l_0_0_0_0_0 = 6.55232e-05
Hl_0_0_l_0_0_0_0_0_0 = 6.01577e-05
Hl_0_0_l_0_0_0_0_0_0_0 = 5.7885e-05
Hl_0_0_l_0_0_0_0_0_0_0_0 = 5.32782e-05
Hl_0_0_l_0_0_0_0_0_0_0_0_0 = 5.20432e-05
Hl_0_0_l_0_0_0_0_0_0_0_0_0_0 = 4.76151e-05
Hr_0_0 = 0.000999942
I = 1
pi2_0_0_0_0 = 9.76345e-08
pi2_0_0_0_0_l_0 = 9.12171e-08
pi2_0_0_0_0_l_0_0 = 8.13198e-08
pi2_0_0_0_0_l_0_0_0 = 7.62718e-08
pi2_0_0_0_0_l_0_0_0_0 = 6.93335e-08
pi2_0_0_0_0_l_0_0_0_0_0 = 6.58369e-08
pi2_0_0_0_0_l_0_0_0_0_0_0 = 6.04222e-08
pi2_0_0_0_0_l_0_0_0_0_0_0_0 = 5.81029e-08
pi2_0_0_0_0_l_0_0_0_0_0_0_0_0 = 5.34703e-08
pi2_0_0_0_0_l_0_0_0_0_0_0_0_0_0 = 5.22015e-08
pi2_0_0_0_0_l_0_0_0_0_0_0_0_0_0_0 = 4.77495e-08
