DD_0_0 = 5.71231e-09
DD_0_0_l_0 = 4.59732e-09
DD_0_0_l_0_0 = 3.78636e-09
DD_0_0_l_0_0_0 = 3.19321e-09
DD_0_0_l_0_0_0_0 = 2.72661e-09
DD_0_0_l_0_0_0_0_0 = 2.36475e-09
DD_0_0_l_0_0_0_0_0_0 = 2.0674e-09
DD_0_0_l_0_0_0_0_0_0_0 = 1.8275e-09
DD_0_0_l_0_0_0_0_0_0_0_0 = 1.62521e-09
DD_0_0_l_0_0_0_0_0_0_0_0_0 = 1.45727e-09
DD_0_0_l_0_0_0_0_0_0_0_0_0_0 = 1.3126e-09
DD_0_0_l_0_0_0_0_0_0_0_0_0_0_0 = 1.19046e-09
DD_0_0_l_0_0_0_0_0_0_0_0_0_0_0_0 = 1.0829e-09
DD_0_0_l_0_0_0_0_0_0_0_0_0_0_0_0_0 = 9.91418e-10
DD_0_0_l_0_0_0_0_0_0_0_0_0_0_0_0_0_0 = 9.08861e-10
DD_0_0_l_0_0_0_0_0_0_0_0_0_0_0_0_0_0_0 = 8.38971e-10
DD_0_0_l_0_0_0_0_0_0_0_0_0_0_0_0_0_0_0_0 = 7.73343e-10
DD_0_0_l_0_0_0_0_0_0_0_0_0_0_0_0_0_0_0_0_0 = 7.20232e-10
DD_0_0_l_0_0_0_0_0_0_0_0_0_0_0_0_0_0_0_0_0_0 = 6.64334e-10
DD_0_0_l_0_0_0_0_0_0_0_0_0_0_0_0_0_0_0_0_0_0_0 = 6.28695e-10
DD_0_0_l_0_0_0_0_0_0_0_0_0_0_0_0_0_0_0_0_0_0_0_0 = 5.69326e-10
Dr_0_0 = 9.3625e-09
Dr_0_0_l_0 = 8.61549e-09
Dr_0_0_l_0_0 = 7.89989e-09
Dr_0_0_l_0_0_0 = 7.24176e-09
Dr_0_0_l_0_0_0_0 = 6.66819e-09
Dr_0_0_l_0_0_0_0_0 = 6.15013e-09
Dr_0_0_l_0_0_0_0_0_0 = 5.69916e-09
Dr_0_0_l_0_0_0_0_0_0_0 = 5.29112e-09
Dr_0_0_l_0_0_0_0_0_0_0_0 = 4.93296e-09
Dr_0_0_l_0_0_0_0_0_0_0_0_0 = 4.60689e-09
Dr_0_0_l_0_0_0_0_0_0_0_0_0_0 = 4.31834e-09
Dr_0_0_l_0_0_0_0_0_0_0_0_0_0_0 = 4.05362e-09
Dr_0_0_l_0_0_0_0_0_0_0_0_0_0_0_0 = 3.8176e-09
Dr_0_0_l_0_0_0_0_0_0_0_0_0_0_0_0_0 = 3.59979e-09
Dr_0_0_l_0_0_0_0_0_0_0_0_0_0_0_0_0_0 = 3.40362e-09
Dr_0_0_l_0_0_0_0_0_0_0_0_0_0_0_0_0_0_0 = 3.22294e-09
Dr_0_0_l_0_0_0_0_0_0_0_0_0_0_0_0_0_0_0_0 = 3.05624e-09
Dr_0_0_l_0_0_0_0_0_0_0_0_0_0_0_0_0_0_0_0_0 = 2.90785e-09
Dr_0_0_l_0_0_0_0_0_0_0_0_0_0_0_0_0_0_0_0_0_0 = 2.75814e-09
Dr_0_0_l_0_0_0_0_0_0_0_0_0_0_0_0_0_0_0_0_0_0_0 = 2.64885e-09
Dr_0_0_l_0_0_0_0_0_0_0_0_0_0_0_0_0_0_0_0_0_0_0_0 = 2.4834e-09
Dr_0_0_l_0_0_0_0_0_0_0_0_0_0_0_0_0_0_0_0_0_0_0_0_0 = 2.36824e-09
Hl_0_0 = 9.99876e-05
Hl_0_0_l_0 = 9.00011e-05
Hl_0_0_l_0_0 = 8.19951e-05
Hl_0_0_l_0_0_0 = 7.54003e-05
Hl_0_0_l_0_0_0_0 = 6.98355e-05
Hl_0_0_l_0_0_0_0_0 = 6.50795e-05
Hl_0_0_l_0_0_0_0_0_0 = 6.09469e-05
Hl_0_0_l_0_0_0_0_0_0_0 = 5.73326e-05
Hl_0_0_l_0_0_0_0_0_0_0_0 = 5.4127e-05
Hl_0_0_l_0_0_0_0_0_0_0_0_0 = 5.12792e-05
Hl_0_0_l_0_0_0_0_0_0_0_0_0_0 = 4.87122e-05
Hl_0_0_l_0_0_0_0_0_0_0_0_0_0_0 = 4.64081e-05
Hl_0_0_l_0_0_0_0_0_0_0_0_0_0_0_0 = 4.42998e-05
Hl_0_0_l_0_0_0_0_0_0_0_0_0_0_0_0_0 = 4.23997e-05
Hl_0_0_l_0_0_0_0_0_0_0_0_0_0_0_0_0_0 = 4.0628e-05
Hl_0_0_l_0_0_0_0_0_0_0_0_0_0_0_0_0_0_0 = 3.90454e-05
Hl_0_0_l_0_0_0_0_0_0_0_0_0_0_0_0_0_0_0_0 = 3.75129e-05
Hl_0_0_l_0_0_0_0_0_0_0_0_0_0_0_0_0_0_0_0_0 = 3.62133e-05
Hl_0_0_l_0_0_0_0_0_0_0_0_0_0_0_0_0_0_0_0_0_0 = 3.47995e-05
Hl_0_0_l_0_0_0_0_0_0_0_0_0_0_0_0_0_0_0_0_0_0_0 = 3.38643e-05
Hl_0_0_l_0_0_0_0_0_0_0_0_0_0_0_0_0_0_0_0_0_0_0_0 = 3.22524e-05
Hr_0_0 = 0.000999896
I = 1
pi2_0_0_0_0 = 1.00473e-07
pi2_0_0_0_0_l_0 = 9.0387e-08
pi2_0_0_0_0_l_0_0 = 8.22966e-08
pi2_0_0_0_0_l_0_0_0 = 7.56446e-08
pi2_0_0_0_0_l_0_0_0_0 = 7.00345e-08
pi2_0_0_0_0_l_0_0_0_0_0 = 6.5244e-08
pi2_0_0_0_0_l_0_0_0_0_0_0 = 6.10841e-08
pi2_0_0_0_0_l_0_0_0_0_0_0_0 = 5.74483e-08
pi2_0_0_0_0_l_0_0_0_0_0_0_0_0 = 5.42245e-08
pi2_0_0_0_0_l_0_0_0_0_0_0_0_0_0 = 5.1363e-08
pi2_0_0_0_0_l_0_0_0_0_0_0_0_0_0_0 = 4.87833e-08
pi2_0_0_0_0_l_0_0_0_0_0_0_0_0_0_0_0 = 4.64701e-08
pi2_0_0_0_0_l_0_0_0_0_0_0_0_0_0_0_0_0 = 4.43527e-08
pi2_0_0_0_0_l_0_0_0_0_0_0_0_0_0_0_0_0_0 = 4.24462e-08
pi2_0_0_0_0_l_0_0_0_0_0_0_0_0_0_0_0_0_0_0 = 4.06681e-08
pi2_0_0_0_0_l_0_0_0_0_0_0_0_0_0_0_0_0_0_0_0 = 3.90805e-08
pi2_0_0_0_0_l_0_0_0_0_0_0_0_0_0_0_0_0_0_0_0_0 = 3.75439e-08
pi2_0_0_0_0_l_0_0_0_0_0_0_0_0_0_0_0_0_0_0_0_0_0 = 3.62396e-08
pi2_0_0_0_0_l_0_0_0_0_0_0_0_0_0_0_0_0_0_0_0_0_0_0 = 3.48241e-08
pi2_0_0_0_0_l_0_0_0_0_0_0_0_0_0_0_0_0_0_0_0_0_0_0_0 = 3.38834e-08
pi2_0_0_0_0_l_0_0_0_0_0_0_0_0_0_0_0_0_0_0_0_0_0_0_0_0 = 3.227e-08
