DD_0_0 = 5.5486e-07
DD_0_0_l_0 = 5.92355e-08
DD_0_0_l_0_0 = 9.32335e-08
DD_0_0_l_0_0_0 = 2.38225e-08
DD_0_0_l_0_0_0_0 = 3.54315e-08
DD_0_0_l_0_0_0_0_0 = 1.26212e-08
DD_0_0_l_0_0_0_0_0_0 = 1.79943e-08
DD_0_0_l_0_0_0_0_0_0_0 = 7.73761e-09
DD_0_0_l_0_0_0_0_0_0_0_0 = 1.06723e-08
DD_0_0_l_0_0_0_0_0_0_0_0_0 = 5.19663e-09
DD_0_0_l_0_0_0_0_0_0_0_0_0_0 = 6.97794e-09
Dr_0_0 = -4.51206e-15
Dr_0_0_l_0 = 4.43799e-07
Dr_0_0_l_0_0 = 5.92281e-08
Dr_0_0_l_0_0_0 = 2.04166e-07
Dr_0_0_l_0_0_0_0 = 4.33227e-08
Dr_0_0_l_0_0_0_0_0 = 1.19573e-07
Dr_0_0_l_0_0_0_0_0_0 = 3.17572e-08
Dr_0_0_l_0_0_0_0_0_0_0 = 7.93365e-08
Dr_0_0_l_0_0_0_0_0_0_0_0 = 2.41868e-08
Dr_0_0_l_0_0_0_0_0_0_0_0_0 = 5.68467e-08
Dr_0_0_l_0_0_0_0_0_0_0_0_0_0 = 1.90626e-08
Dr_0_0_l_0_0_0_0_0_0_0_0_0_0_0 = 4.29194e-08
Hl_0_0 = 0.00099999
Hl_0_0_l_0 = 0.000333323
Hl_0_0_l_0_0 = 0.000333323
Hl_0_0_l_0_0_0 = 0.00019999
Hl_0_0_l_0_0_0_0 = 0.00019999
Hl_0_0_l_0_0_0_0_0 = 0.000142847
Hl_0_0_l_0_0_0_0_0_0 = 0.000142847
Hl_0_0_l_0_0_0_0_0_0_0 = 0.000111101
Hl_0_0_l_0_0_0_0_0_0_0_0 = 0.000111101
Hl_0_0_l_0_0_0_0_0_0_0_0_0 = 9.08991e-05
Hl_0_0_l_0_0_0_0_0_0_0_0_0_0 = 9.08991e-05
Hr_0_0 = 0.00099999
I = 1
pi2_0_0_0_0 = 1.22187e-06
pi2_0_0_0_0_l_0 = 3.55526e-07
pi2_0_0_0_0_l_0_0 = 3.59949e-07
pi2_0_0_0_0_l_0_0_0 = 2.07812e-07
pi2_0_0_0_0_l_0_0_0_0 = 2.06872e-07
pi2_0_0_0_0_l_0_0_0_0_0 = 1.4653e-07
pi2_0_0_0_0_l_0_0_0_0_0_0 = 1.44979e-07
pi2_0_0_0_0_l_0_0_0_0_0_0_0 = 1.13128e-07
pi2_0_0_0_0_l_0_0_0_0_0_0_0_0 = 1.11678e-07
pi2_0_0_0_0_l_0_0_0_0_0_0_0_0_0 = 9.21304e-08
pi2_0_0_0_0_l_0_0_0_0_0_0_0_0_0_0 = 9.08875e-08
