DD_0_0 = 5.5486e-07
DD_0_0_l_0 = 5.92355e-08
DD_0_0_l_0_0 = 9.32335e-08
Dr_0_0 = 5.02649e-15
Dr_0_0_l_0 = 4.43799e-07
Dr_0_0_l_0_0 = 5.92281e-08
Dr_0_0_l_0_0_0 = 2.04166e-07
Hl_0_0 = 0.00099999
Hl_0_0_l_0 = 0.000333323
Hl_0_0_l_0_0 = 0.000333323
Hr_0_0 = 0.00099999
I = 1
pi2_0_0_0_0 = 1.22187e-06
pi2_0_0_0_0_l_0 = 3.55526e-07
pi2_0_0_0_0_l_0_0 = 3.59949e-07
