DD_0_0 = 5.5486e-07
DD_0_0_l_0 = 5.92352e-08
DD_0_0_l_0_0 = 9.32335e-08
DD_0_0_l_0_0_0 = 2.38224e-08
DD_0_0_l_0_0_0_0 = 3.54315e-08
DD_0_0_l_0_0_0_0_0 = 1.26211e-08
DD_0_0_l_0_0_0_0_0_0 = 1.79944e-08
DD_0_0_l_0_0_0_0_0_0_0 = 7.7376e-09
DD_0_0_l_0_0_0_0_0_0_0_0 = 1.06723e-08
DD_0_0_l_0_0_0_0_0_0_0_0_0 = 5.19662e-09
DD_0_0_l_0_0_0_0_0_0_0_0_0_0 = 6.97794e-09
DD_0_0_l_0_0_0_0_0_0_0_0_0_0_0 = 3.71546e-09
DD_0_0_l_0_0_0_0_0_0_0_0_0_0_0_0 = 4.87922e-09
DD_0_0_l_0_0_0_0_0_0_0_0_0_0_0_0_0 = 2.78054e-09
DD_0_0_l_0_0_0_0_0_0_0_0_0_0_0_0_0_0 = 3.58333e-09
DD_0_0_l_0_0_0_0_0_0_0_0_0_0_0_0_0_0_0 = 2.15454e-09
DD_0_0_l_0_0_0_0_0_0_0_0_0_0_0_0_0_0_0_0 = 2.73201e-09
DD_0_0_l_0_0_0_0_0_0_0_0_0_0_0_0_0_0_0_0_0 = 1.71583e-09
DD_0_0_l_0_0_0_0_0_0_0_0_0_0_0_0_0_0_0_0_0_0 = 2.14529e-09
DD_0_0_l_0_0_0_0_0_0_0_0_0_0_0_0_0_0_0_0_0_0_0 = 1.39703e-09
DD_0_0_l_0_0_0_0_0_0_0_0_0_0_0_0_0_0_0_0_0_0_0_0 = 1.72519e-09
Dr_0_0 = 6.97869e-15
Dr_0_0_l_0 = 4.43799e-07
Dr_0_0_l_0_0 = 5.92279e-08
Dr_0_0_l_0_0_0 = 2.04166e-07
Dr_0_0_l_0_0_0_0 = 4.33225e-08
Dr_0_0_l_0_0_0_0_0 = 1.19573e-07
Dr_0_0_l_0_0_0_0_0_0 = 3.17571e-08
Dr_0_0_l_0_0_0_0_0_0_0 = 7.93365e-08
Dr_0_0_l_0_0_0_0_0_0_0_0 = 2.41868e-08
Dr_0_0_l_0_0_0_0_0_0_0_0_0 = 5.68467e-08
Dr_0_0_l_0_0_0_0_0_0_0_0_0_0 = 1.90625e-08
Dr_0_0_l_0_0_0_0_0_0_0_0_0_0_0 = 4.29194e-08
Dr_0_0_l_0_0_0_0_0_0_0_0_0_0_0_0 = 1.54457e-08
Dr_0_0_l_0_0_0_0_0_0_0_0_0_0_0_0_0 = 3.3658e-08
Dr_0_0_l_0_0_0_0_0_0_0_0_0_0_0_0_0_0 = 1.27972e-08
Dr_0_0_l_0_0_0_0_0_0_0_0_0_0_0_0_0_0_0 = 2.71671e-08
Dr_0_0_l_0_0_0_0_0_0_0_0_0_0_0_0_0_0_0_0 = 1.07971e-08
Dr_0_0_l_0_0_0_0_0_0_0_0_0_0_0_0_0_0_0_0_0 = 2.24305e-08
Dr_0_0_l_0_0_0_0_0_0_0_0_0_0_0_0_0_0_0_0_0_0 = 9.24729e-09
Dr_0_0_l_0_0_0_0_0_0_0_0_0_0_0_0_0_0_0_0_0_0_0 = 1.88615e-08
Dr_0_0_l_0_0_0_0_0_0_0_0_0_0_0_0_0_0_0_0_0_0_0_0 = 8.02034e-09
Dr_0_0_l_0_0_0_0_0_0_0_0_0_0_0_0_0_0_0_0_0_0_0_0_0 = 1.61012e-08
Hl_0_0 = 0.00099999
Hl_0_0_l_0 = 0.000333323
Hl_0_0_l_0_0 = 0.000333323
Hl_0_0_l_0_0_0 = 0.00019999
Hl_0_0_l_0_0_0_0 = 0.00019999
Hl_0_0_l_0_0_0_0_0 = 0.000142847
Hl_0_0_l_0_0_0_0_0_0 = 0.000142847
Hl_0_0_l_0_0_0_0_0_0_0 = 0.000111101
Hl_0_0_l_0_0_0_0_0_0_0_0 = 0.000111101
Hl_0_0_l_0_0_0_0_0_0_0_0_0 = 9.08991e-05
Hl_0_0_l_0_0_0_0_0_0_0_0_0_0 = 9.08991e-05
Hl_0_0_l_0_0_0_0_0_0_0_0_0_0_0 = 7.69131e-05
Hl_0_0_l_0_0_0_0_0_0_0_0_0_0_0_0 = 7.69131e-05
Hl_0_0_l_0_0_0_0_0_0_0_0_0_0_0_0_0 = 6.66567e-05
Hl_0_0_l_0_0_0_0_0_0_0_0_0_0_0_0_0_0 = 6.66567e-05
Hl_0_0_l_0_0_0_0_0_0_0_0_0_0_0_0_0_0_0 = 5.88135e-05
Hl_0_0_l_0_0_0_0_0_0_0_0_0_0_0_0_0_0_0_0 = 5.88135e-05
Hl_0_0_l_0_0_0_0_0_0_0_0_0_0_0_0_0_0_0_0_0 = 5.26216e-05
Hl_0_0_l_0_0_0_0_0_0_0_0_0_0_0_0_0_0_0_0_0_0 = 5.26216e-05
Hl_0_0_l_0_0_0_0_0_0_0_0_0_0_0_0_0_0_0_0_0_0_0 = 4.7609e-05
Hl_0_0_l_0_0_0_0_0_0_0_0_0_0_0_0_0_0_0_0_0_0_0_0 = 4.7609e-05
Hr_0_0 = 0.00099999
I = 1
pi2_0_0_0_0 = 1.22187e-06
pi2_0_0_0_0_l_0 = 3.55526e-07
pi2_0_0_0_0_l_0_0 = 3.59949e-07
pi2_0_0_0_0_l_0_0_0 = 2.07812e-07
pi2_0_0_0_0_l_0_0_0_0 = 2.06872e-07
pi2_0_0_0_0_l_0_0_0_0_0 = 1.4653e-07
pi2_0_0_0_0_l_0_0_0_0_0_0 = 1.44979e-07
pi2_0_0_0_0_l_0_0_0_0_0_0_0 = 1.13128e-07
pi2_0_0_0_0_l_0_0_0_0_0_0_0_0 = 1.11678e-07
pi2_0_0_0_0_l_0_0_0_0_0_0_0_0_0 = 9.21304e-08
pi2_0_0_0_0_l_0_0_0_0_0_0_0_0_0_0 = 9.08875e-08
pi2_0_0_0_0_l_0_0_0_0_0_0_0_0_0_0_0 = 7.77136e-08
pi2_0_0_0_0_l_0_0_0_0_0_0_0_0_0_0_0_0 = 7.66663e-08
pi2_0_0_0_0_l_0_0_0_0_0_0_0_0_0_0_0_0_0 = 6.72038e-08
pi2_0_0_0_0_l_0_0_0_0_0_0_0_0_0_0_0_0_0_0 = 6.63198e-08
pi2_0_0_0_0_l_0_0_0_0_0_0_0_0_0_0_0_0_0_0_0 = 5.92019e-08
pi2_0_0_0_0_l_0_0_0_0_0_0_0_0_0_0_0_0_0_0_0_0 = 5.84504e-08
pi2_0_0_0_0_l_0_0_0_0_0_0_0_0_0_0_0_0_0_0_0_0_0 = 5.29057e-08
pi2_0_0_0_0_l_0_0_0_0_0_0_0_0_0_0_0_0_0_0_0_0_0_0 = 5.22611e-08
pi2_0_0_0_0_l_0_0_0_0_0_0_0_0_0_0_0_0_0_0_0_0_0_0_0 = 4.78219e-08
pi2_0_0_0_0_l_0_0_0_0_0_0_0_0_0_0_0_0_0_0_0_0_0_0_0_0 = 4.72642e-08
