DD_0_0 = 2.54783e-08
DD_0_0_l_0 = 1.57252e-08
DD_0_0_l_0_0 = 1.12992e-08
DD_0_0_l_0_0_0 = 8.51637e-09
DD_0_0_l_0_0_0_0 = 6.69053e-09
DD_0_0_l_0_0_0_0_0 = 5.4149e-09
DD_0_0_l_0_0_0_0_0_0 = 4.45678e-09
DD_0_0_l_0_0_0_0_0_0_0 = 3.76893e-09
DD_0_0_l_0_0_0_0_0_0_0_0 = 3.1753e-09
DD_0_0_l_0_0_0_0_0_0_0_0_0 = 2.807e-09
DD_0_0_l_0_0_0_0_0_0_0_0_0_0 = 2.31312e-09
Dr_0_0 = 3.40161e-08
Dr_0_0_l_0 = 3.04783e-08
Dr_0_0_l_0_0 = 2.55333e-08
Dr_0_0_l_0_0_0 = 2.20671e-08
Dr_0_0_l_0_0_0_0 = 1.90924e-08
Dr_0_0_l_0_0_0_0_0 = 1.68179e-08
Dr_0_0_l_0_0_0_0_0_0 = 1.48742e-08
Dr_0_0_l_0_0_0_0_0_0_0 = 1.33398e-08
Dr_0_0_l_0_0_0_0_0_0_0_0 = 1.1951e-08
Dr_0_0_l_0_0_0_0_0_0_0_0_0 = 1.09524e-08
Dr_0_0_l_0_0_0_0_0_0_0_0_0_0 = 9.71287e-09
Dr_0_0_l_0_0_0_0_0_0_0_0_0_0_0 = 8.83838e-09
Hl_0_0 = 0.000199689
Hl_0_0_l_0 = 0.000160062
Hl_0_0_l_0_0 = 0.00013587
Hl_0_0_l_0_0_0 = 0.000118475
Hl_0_0_l_0_0_0_0 = 0.000105152
Hl_0_0_l_0_0_0_0_0 = 9.48399e-05
Hl_0_0_l_0_0_0_0_0_0 = 8.6138e-05
Hl_0_0_l_0_0_0_0_0_0_0 = 7.93951e-05
Hl_0_0_l_0_0_0_0_0_0_0_0 = 7.29193e-05
Hl_0_0_l_0_0_0_0_0_0_0_0_0 = 6.87295e-05
Hl_0_0_l_0_0_0_0_0_0_0_0_0_0 = 6.24942e-05
Hr_0_0 = 0.00099982
I = 1
pi2_0_0_0_0 = 2.03709e-07
pi2_0_0_0_0_l_0 = 1.6239e-07
pi2_0_0_0_0_l_0_0 = 1.37379e-07
pi2_0_0_0_0_l_0_0_0 = 1.19525e-07
pi2_0_0_0_0_l_0_0_0_0 = 1.05906e-07
pi2_0_0_0_0_l_0_0_0_0_0 = 9.53964e-08
pi2_0_0_0_0_l_0_0_0_0_0_0 = 8.65645e-08
pi2_0_0_0_0_l_0_0_0_0_0_0_0 = 7.9712e-08
pi2_0_0_0_0_l_0_0_0_0_0_0_0_0 = 7.31844e-08
pi2_0_0_0_0_l_0_0_0_0_0_0_0_0_0 = 6.89092e-08
pi2_0_0_0_0_l_0_0_0_0_0_0_0_0_0_0 = 6.26436e-08
