DD_0_0 = 5.72284e-09
DD_0_0_l_0 = 4.59097e-09
DD_0_0_l_0_0 = 3.78672e-09
DD_0_0_l_0_0_0 = 3.18886e-09
DD_0_0_l_0_0_0_0 = 2.7265e-09
DD_0_0_l_0_0_0_0_0 = 2.36162e-09
DD_0_0_l_0_0_0_0_0_0 = 2.06718e-09
DD_0_0_l_0_0_0_0_0_0_0 = 1.82536e-09
DD_0_0_l_0_0_0_0_0_0_0_0 = 1.62483e-09
DD_0_0_l_0_0_0_0_0_0_0_0_0 = 1.45587e-09
DD_0_0_l_0_0_0_0_0_0_0_0_0_0 = 1.31211e-09
DD_0_0_l_0_0_0_0_0_0_0_0_0_0_0 = 1.18953e-09
DD_0_0_l_0_0_0_0_0_0_0_0_0_0_0_0 = 1.08241e-09
DD_0_0_l_0_0_0_0_0_0_0_0_0_0_0_0_0 = 9.90754e-10
DD_0_0_l_0_0_0_0_0_0_0_0_0_0_0_0_0_0 = 9.08415e-10
DD_0_0_l_0_0_0_0_0_0_0_0_0_0_0_0_0_0_0 = 8.38468e-10
DD_0_0_l_0_0_0_0_0_0_0_0_0_0_0_0_0_0_0_0 = 7.72962e-10
DD_0_0_l_0_0_0_0_0_0_0_0_0_0_0_0_0_0_0_0_0 = 7.19834e-10
DD_0_0_l_0_0_0_0_0_0_0_0_0_0_0_0_0_0_0_0_0_0 = 6.64012e-10
DD_0_0_l_0_0_0_0_0_0_0_0_0_0_0_0_0_0_0_0_0_0_0 = 6.2837e-10
DD_0_0_l_0_0_0_0_0_0_0_0_0_0_0_0_0_0_0_0_0_0_0_0 = 5.69056e-10
Dr_0_0 = 9.38547e-09
Dr_0_0_l_0 = 8.6211e-09
Dr_0_0_l_0_0 = 7.89511e-09
Dr_0_0_l_0_0_0 = 7.24152e-09
Dr_0_0_l_0_0_0_0 = 6.66071e-09
Dr_0_0_l_0_0_0_0_0 = 6.14821e-09
Dr_0_0_l_0_0_0_0_0_0 = 5.69227e-09
Dr_0_0_l_0_0_0_0_0_0_0 = 5.2882e-09
Dr_0_0_l_0_0_0_0_0_0_0_0 = 4.92739e-09
Dr_0_0_l_0_0_0_0_0_0_0_0_0 = 4.60342e-09
Dr_0_0_l_0_0_0_0_0_0_0_0_0_0 = 4.31387e-09
Dr_0_0_l_0_0_0_0_0_0_0_0_0_0_0 = 4.05005e-09
Dr_0_0_l_0_0_0_0_0_0_0_0_0_0_0_0 = 3.81386e-09
Dr_0_0_l_0_0_0_0_0_0_0_0_0_0_0_0_0 = 3.59642e-09
Dr_0_0_l_0_0_0_0_0_0_0_0_0_0_0_0_0_0 = 3.40035e-09
Dr_0_0_l_0_0_0_0_0_0_0_0_0_0_0_0_0_0_0 = 3.21989e-09
Dr_0_0_l_0_0_0_0_0_0_0_0_0_0_0_0_0_0_0_0 = 3.05332e-09
Dr_0_0_l_0_0_0_0_0_0_0_0_0_0_0_0_0_0_0_0_0 = 2.90509e-09
Dr_0_0_l_0_0_0_0_0_0_0_0_0_0_0_0_0_0_0_0_0_0 = 2.75552e-09
Dr_0_0_l_0_0_0_0_0_0_0_0_0_0_0_0_0_0_0_0_0_0_0 = 2.64635e-09
Dr_0_0_l_0_0_0_0_0_0_0_0_0_0_0_0_0_0_0_0_0_0_0_0 = 2.48106e-09
Dr_0_0_l_0_0_0_0_0_0_0_0_0_0_0_0_0_0_0_0_0_0_0_0_0 = 2.36602e-09
Hl_0_0 = 9.99876e-05
Hl_0_0_l_0 = 9.00011e-05
Hl_0_0_l_0_0 = 8.19951e-05
Hl_0_0_l_0_0_0 = 7.54003e-05
Hl_0_0_l_0_0_0_0 = 6.98355e-05
Hl_0_0_l_0_0_0_0_0 = 6.50795e-05
Hl_0_0_l_0_0_0_0_0_0 = 6.09469e-05
Hl_0_0_l_0_0_0_0_0_0_0 = 5.73326e-05
Hl_0_0_l_0_0_0_0_0_0_0_0 = 5.4127e-05
Hl_0_0_l_0_0_0_0_0_0_0_0_0 = 5.12792e-05
Hl_0_0_l_0_0_0_0_0_0_0_0_0_0 = 4.87121e-05
Hl_0_0_l_0_0_0_0_0_0_0_0_0_0_0 = 4.64081e-05
Hl_0_0_l_0_0_0_0_0_0_0_0_0_0_0_0 = 4.42998e-05
Hl_0_0_l_0_0_0_0_0_0_0_0_0_0_0_0_0 = 4.23997e-05
Hl_0_0_l_0_0_0_0_0_0_0_0_0_0_0_0_0_0 = 4.0628e-05
Hl_0_0_l_0_0_0_0_0_0_0_0_0_0_0_0_0_0_0 = 3.90454e-05
Hl_0_0_l_0_0_0_0_0_0_0_0_0_0_0_0_0_0_0_0 = 3.75129e-05
Hl_0_0_l_0_0_0_0_0_0_0_0_0_0_0_0_0_0_0_0_0 = 3.62133e-05
Hl_0_0_l_0_0_0_0_0_0_0_0_0_0_0_0_0_0_0_0_0_0 = 3.47995e-05
Hl_0_0_l_0_0_0_0_0_0_0_0_0_0_0_0_0_0_0_0_0_0_0 = 3.38643e-05
Hl_0_0_l_0_0_0_0_0_0_0_0_0_0_0_0_0_0_0_0_0_0_0_0 = 3.22524e-05
Hr_0_0 = 0.000999896
I = 1
pi2_0_0_0_0 = 1.00478e-07
pi2_0_0_0_0_l_0 = 9.0381e-08
pi2_0_0_0_0_l_0_0 = 8.22957e-08
pi2_0_0_0_0_l_0_0_0 = 7.56432e-08
pi2_0_0_0_0_l_0_0_0_0 = 7.0032e-08
pi2_0_0_0_0_l_0_0_0_0_0 = 6.52447e-08
pi2_0_0_0_0_l_0_0_0_0_0_0 = 6.10812e-08
pi2_0_0_0_0_l_0_0_0_0_0_0_0 = 5.74494e-08
pi2_0_0_0_0_l_0_0_0_0_0_0_0_0 = 5.42222e-08
pi2_0_0_0_0_l_0_0_0_0_0_0_0_0_0 = 5.13639e-08
pi2_0_0_0_0_l_0_0_0_0_0_0_0_0_0_0 = 4.87817e-08
pi2_0_0_0_0_l_0_0_0_0_0_0_0_0_0_0_0 = 4.64705e-08
pi2_0_0_0_0_l_0_0_0_0_0_0_0_0_0_0_0_0 = 4.43517e-08
pi2_0_0_0_0_l_0_0_0_0_0_0_0_0_0_0_0_0_0 = 4.24464e-08
pi2_0_0_0_0_l_0_0_0_0_0_0_0_0_0_0_0_0_0_0 = 4.06674e-08
pi2_0_0_0_0_l_0_0_0_0_0_0_0_0_0_0_0_0_0_0_0 = 3.90805e-08
pi2_0_0_0_0_l_0_0_0_0_0_0_0_0_0_0_0_0_0_0_0_0 = 3.75434e-08
pi2_0_0_0_0_l_0_0_0_0_0_0_0_0_0_0_0_0_0_0_0_0_0 = 3.62396e-08
pi2_0_0_0_0_l_0_0_0_0_0_0_0_0_0_0_0_0_0_0_0_0_0_0 = 3.48238e-08
pi2_0_0_0_0_l_0_0_0_0_0_0_0_0_0_0_0_0_0_0_0_0_0_0_0 = 3.38834e-08
pi2_0_0_0_0_l_0_0_0_0_0_0_0_0_0_0_0_0_0_0_0_0_0_0_0_0 = 3.22698e-08
