DD_0_0 = 1.02923e-08
DD_0_0_l_0 = 4.62932e-09
DD_0_0_l_0_0 = 4.75048e-09
DD_0_0_l_0_0_0 = 3.16303e-09
DD_0_0_l_0_0_0_0 = 3.16424e-09
DD_0_0_l_0_0_0_0_0 = 2.31669e-09
Dr_0_0 = 2.27421e-08
Dr_0_0_l_0 = 1.3739e-08
Dr_0_0_l_0_0 = 1.19086e-08
Dr_0_0_l_0_0_0 = 9.83905e-09
Dr_0_0_l_0_0_0_0 = 8.8775e-09
Dr_0_0_l_0_0_0_0_0 = 7.70367e-09
Dr_0_0_l_0_0_0_0_0_0 = 6.65908e-09
Hl_0_0 = 0.000112258
Hl_0_0_l_0 = 8.87741e-05
Hl_0_0_l_0_0 = 8.63306e-05
Hl_0_0_l_0_0_0 = 7.40996e-05
Hl_0_0_l_0_0_0_0 = 7.28098e-05
Hl_0_0_l_0_0_0_0_0 = 6.35922e-05
Hr_0_0 = 0.000999763
I = 1
pi2_0_0_0_0 = 1.09925e-07
pi2_0_0_0_0_l_0 = 8.78813e-08
pi2_0_0_0_0_l_0_0 = 8.55572e-08
pi2_0_0_0_0_l_0_0_0 = 7.37127e-08
pi2_0_0_0_0_l_0_0_0_0 = 7.23585e-08
pi2_0_0_0_0_l_0_0_0_0_0 = 6.33415e-08
