DD_0_0 = 4.12119e-09
DD_0_0_l_0 = 4.59898e-09
DD_0_0_l_0_0 = 3.44463e-09
DD_0_0_l_0_0_0 = 3.21077e-09
DD_0_0_l_0_0_0_0 = 2.56709e-09
DD_0_0_l_0_0_0_0_0 = 2.38874e-09
DD_0_0_l_0_0_0_0_0_0 = 1.96646e-09
DD_0_0_l_0_0_0_0_0_0_0 = 1.85716e-09
DD_0_0_l_0_0_0_0_0_0_0_0 = 1.54686e-09
DD_0_0_l_0_0_0_0_0_0_0_0_0 = 1.49475e-09
DD_0_0_l_0_0_0_0_0_0_0_0_0_0 = 1.2392e-09
Dr_0_0 = 4.82595e-09
Dr_0_0_l_0 = 6.78973e-09
Dr_0_0_l_0_0 = 6.57154e-09
Dr_0_0_l_0_0_0 = 6.28819e-09
Dr_0_0_l_0_0_0_0 = 5.9586e-09
Dr_0_0_l_0_0_0_0_0 = 5.55147e-09
Dr_0_0_l_0_0_0_0_0_0 = 5.23474e-09
Dr_0_0_l_0_0_0_0_0_0_0 = 4.887e-09
Dr_0_0_l_0_0_0_0_0_0_0_0 = 4.58306e-09
Dr_0_0_l_0_0_0_0_0_0_0_0_0 = 4.33925e-09
Dr_0_0_l_0_0_0_0_0_0_0_0_0_0 = 4.00657e-09
Dr_0_0_l_0_0_0_0_0_0_0_0_0_0_0 = 3.71236e-09
Hl_0_0 = 9.63273e-05
Hl_0_0_l_0 = 9.03672e-05
Hl_0_0_l_0_0 = 8.07018e-05
Hl_0_0_l_0_0_0 = 7.57883e-05
Hl_0_0_l_0_0_0_0 = 6.89482e-05
Hl_0_0_l_0_0_0_0_0 = 6.55232e-05
Hl_0_0_l_0_0_0_0_0_0 = 6.01577e-05
Hl_0_0_l_0_0_0_0_0_0_0 = 5.7885e-05
Hl_0_0_l_0_0_0_0_0_0_0_0 = 5.32782e-05
Hl_0_0_l_0_0_0_0_0_0_0_0_0 = 5.20432e-05
Hl_0_0_l_0_0_0_0_0_0_0_0_0_0 = 4.76151e-05
Hr_0_0 = 0.000999942
I = 1
pi2_0_0_0_0 = 9.7631e-08
pi2_0_0_0_0_l_0 = 9.12148e-08
pi2_0_0_0_0_l_0_0 = 8.13183e-08
pi2_0_0_0_0_l_0_0_0 = 7.62706e-08
pi2_0_0_0_0_l_0_0_0_0 = 6.93325e-08
pi2_0_0_0_0_l_0_0_0_0_0 = 6.58362e-08
pi2_0_0_0_0_l_0_0_0_0_0_0 = 6.04216e-08
pi2_0_0_0_0_l_0_0_0_0_0_0_0 = 5.81024e-08
pi2_0_0_0_0_l_0_0_0_0_0_0_0_0 = 5.34699e-08
pi2_0_0_0_0_l_0_0_0_0_0_0_0_0_0 = 5.22011e-08
pi2_0_0_0_0_l_0_0_0_0_0_0_0_0_0_0 = 4.77492e-08
