DD_0_0 = 1.1505e-08
DD_0_0_l_0 = 1.55138e-08
DD_0_0_l_0_0 = 8.53193e-09
Dr_0_0 = 1.21826e-08
Dr_0_0_l_0 = 1.54565e-08
Dr_0_0_l_0_0 = 2.03704e-08
Dr_0_0_l_0_0_0 = 1.57252e-08
Hl_0_0 = 0.000173386
Hl_0_0_l_0 = 0.000165322
Hl_0_0_l_0_0 = 0.000124998
Hr_0_0 = 0.000999929
I = 1
pi2_0_0_0_0 = 1.76489e-07
pi2_0_0_0_0_l_0 = 1.69203e-07
pi2_0_0_0_0_l_0_0 = 1.27257e-07
