DD_0_0 = 1.00652e-08
DD_0_0_l_0 = 4.5566e-09
DD_0_0_l_0_0 = 4.6804e-09
DD_0_0_l_0_0_0 = 3.12379e-09
DD_0_0_l_0_0_0_0 = 3.12606e-09
DD_0_0_l_0_0_0_0_0 = 2.29238e-09
Dr_0_0 = 2.19844e-08
Dr_0_0_l_0 = 1.3315e-08
Dr_0_0_l_0_0 = 1.15602e-08
Dr_0_0_l_0_0_0 = 9.57748e-09
Dr_0_0_l_0_0_0_0 = 8.64375e-09
Dr_0_0_l_0_0_0_0_0 = 7.51985e-09
Dr_0_0_l_0_0_0_0_0_0 = 6.50658e-09
Hl_0_0 = 0.000112258
Hl_0_0_l_0 = 8.87741e-05
Hl_0_0_l_0_0 = 8.63306e-05
Hl_0_0_l_0_0_0 = 7.40996e-05
Hl_0_0_l_0_0_0_0 = 7.28098e-05
Hl_0_0_l_0_0_0_0_0 = 6.35922e-05
Hr_0_0 = 0.00099977
I = 1
pi2_0_0_0_0 = 1.1002e-07
pi2_0_0_0_0_l_0 = 8.79229e-08
pi2_0_0_0_0_l_0_0 = 8.55958e-08
pi2_0_0_0_0_l_0_0_0 = 7.37345e-08
pi2_0_0_0_0_l_0_0_0_0 = 7.23827e-08
pi2_0_0_0_0_l_0_0_0_0_0 = 6.33569e-08
