DD_0_0 = 2.47694e-08
DD_0_0_l_0 = 1.53647e-08
DD_0_0_l_0_0 = 1.10621e-08
DD_0_0_l_0_0_0 = 8.35456e-09
DD_0_0_l_0_0_0_0 = 6.57178e-09
DD_0_0_l_0_0_0_0_0 = 5.32564e-09
DD_0_0_l_0_0_0_0_0_0 = 4.38728e-09
DD_0_0_l_0_0_0_0_0_0_0 = 3.71366e-09
DD_0_0_l_0_0_0_0_0_0_0_0 = 3.13087e-09
DD_0_0_l_0_0_0_0_0_0_0_0_0 = 2.76965e-09
DD_0_0_l_0_0_0_0_0_0_0_0_0_0 = 2.28405e-09
Dr_0_0 = 3.26148e-08
Dr_0_0_l_0 = 2.9317e-08
Dr_0_0_l_0_0 = 2.46314e-08
Dr_0_0_l_0_0_0 = 2.13215e-08
Dr_0_0_l_0_0_0_0 = 1.84783e-08
Dr_0_0_l_0_0_0_0_0 = 1.62938e-08
Dr_0_0_l_0_0_0_0_0_0 = 1.4428e-08
Dr_0_0_l_0_0_0_0_0_0_0 = 1.2949e-08
Dr_0_0_l_0_0_0_0_0_0_0_0 = 1.16123e-08
Dr_0_0_l_0_0_0_0_0_0_0_0_0 = 1.06466e-08
Dr_0_0_l_0_0_0_0_0_0_0_0_0_0 = 9.4516e-09
Dr_0_0_l_0_0_0_0_0_0_0_0_0_0_0 = 8.60415e-09
Hl_0_0 = 0.000199689
Hl_0_0_l_0 = 0.000160062
Hl_0_0_l_0_0 = 0.00013587
Hl_0_0_l_0_0_0 = 0.000118475
Hl_0_0_l_0_0_0_0 = 0.000105152
Hl_0_0_l_0_0_0_0_0 = 9.48399e-05
Hl_0_0_l_0_0_0_0_0_0 = 8.6138e-05
Hl_0_0_l_0_0_0_0_0_0_0 = 7.93951e-05
Hl_0_0_l_0_0_0_0_0_0_0_0 = 7.29193e-05
Hl_0_0_l_0_0_0_0_0_0_0_0_0 = 6.87295e-05
Hl_0_0_l_0_0_0_0_0_0_0_0_0_0 = 6.24942e-05
Hr_0_0 = 0.000999827
I = 1
pi2_0_0_0_0 = 2.03582e-07
pi2_0_0_0_0_l_0 = 1.62335e-07
pi2_0_0_0_0_l_0_0 = 1.37349e-07
pi2_0_0_0_0_l_0_0_0 = 1.19509e-07
pi2_0_0_0_0_l_0_0_0_0 = 1.05898e-07
pi2_0_0_0_0_l_0_0_0_0_0 = 9.53923e-08
pi2_0_0_0_0_l_0_0_0_0_0_0 = 8.65627e-08
pi2_0_0_0_0_l_0_0_0_0_0_0_0 = 7.97125e-08
pi2_0_0_0_0_l_0_0_0_0_0_0_0_0 = 7.31851e-08
pi2_0_0_0_0_l_0_0_0_0_0_0_0_0_0 = 6.89119e-08
pi2_0_0_0_0_l_0_0_0_0_0_0_0_0_0_0 = 6.26459e-08
