DD_0_0 = 1.46292e-09
DD_0_0_l_0 = 4.22721e-09
DD_0_0_l_0_0 = 2.99437e-09
Dr_0_0 = 4.32015e-10
Dr_0_0_l_0 = 2.79192e-09
Dr_0_0_l_0_0 = 5.22089e-09
Dr_0_0_l_0_0_0 = 4.91918e-09
Hl_0_0 = 8.56304e-05
Hl_0_0_l_0 = 9.14369e-05
Hl_0_0_l_0_0 = 7.69222e-05
Hr_0_0 = 0.000999986
I = 1
pi2_0_0_0_0 = 8.64291e-08
pi2_0_0_0_0_l_0 = 9.2751e-08
pi2_0_0_0_0_l_0_0 = 7.76984e-08
