DD_0_0 = 5.64906e-09
DD_0_0_l_0 = 4.54257e-09
DD_0_0_l_0_0 = 3.74731e-09
DD_0_0_l_0_0_0 = 3.15917e-09
DD_0_0_l_0_0_0_0 = 2.70099e-09
DD_0_0_l_0_0_0_0_0 = 2.34241e-09
DD_0_0_l_0_0_0_0_0_0 = 2.04895e-09
DD_0_0_l_0_0_0_0_0_0_0 = 1.81224e-09
DD_0_0_l_0_0_0_0_0_0_0_0 = 1.61144e-09
DD_0_0_l_0_0_0_0_0_0_0_0_0 = 1.44614e-09
DD_0_0_l_0_0_0_0_0_0_0_0_0_0 = 1.30226e-09
DD_0_0_l_0_0_0_0_0_0_0_0_0_0_0 = 1.18188e-09
DD_0_0_l_0_0_0_0_0_0_0_0_0_0_0_0 = 1.07503e-09
DD_0_0_l_0_0_0_0_0_0_0_0_0_0_0_0_0 = 9.84611e-10
DD_0_0_l_0_0_0_0_0_0_0_0_0_0_0_0_0_0 = 9.02709e-10
DD_0_0_l_0_0_0_0_0_0_0_0_0_0_0_0_0_0_0 = 8.33493e-10
DD_0_0_l_0_0_0_0_0_0_0_0_0_0_0_0_0_0_0_0 = 7.68419e-10
DD_0_0_l_0_0_0_0_0_0_0_0_0_0_0_0_0_0_0_0_0 = 7.15765e-10
DD_0_0_l_0_0_0_0_0_0_0_0_0_0_0_0_0_0_0_0_0_0 = 6.60327e-10
DD_0_0_l_0_0_0_0_0_0_0_0_0_0_0_0_0_0_0_0_0_0_0 = 6.24979e-10
DD_0_0_l_0_0_0_0_0_0_0_0_0_0_0_0_0_0_0_0_0_0_0_0 = 5.66077e-10
Dr_0_0 = 9.17964e-09
Dr_0_0_l_0 = 8.45207e-09
Dr_0_0_l_0_0 = 7.74909e-09
Dr_0_0_l_0_0_0 = 7.11057e-09
Dr_0_0_l_0_0_0_0 = 6.54802e-09
Dr_0_0_l_0_0_0_0_0 = 6.04312e-09
Dr_0_0_l_0_0_0_0_0_0 = 5.60187e-09
Dr_0_0_l_0_0_0_0_0_0_0 = 5.20236e-09
Dr_0_0_l_0_0_0_0_0_0_0_0 = 4.85244e-09
Dr_0_0_l_0_0_0_0_0_0_0_0_0 = 4.53235e-09
Dr_0_0_l_0_0_0_0_0_0_0_0_0_0 = 4.25035e-09
Dr_0_0_l_0_0_0_0_0_0_0_0_0_0_0 = 3.99025e-09
Dr_0_0_l_0_0_0_0_0_0_0_0_0_0_0_0 = 3.75934e-09
Dr_0_0_l_0_0_0_0_0_0_0_0_0_0_0_0_0 = 3.54526e-09
Dr_0_0_l_0_0_0_0_0_0_0_0_0_0_0_0_0_0 = 3.35312e-09
Dr_0_0_l_0_0_0_0_0_0_0_0_0_0_0_0_0_0_0 = 3.1755e-09
Dr_0_0_l_0_0_0_0_0_0_0_0_0_0_0_0_0_0_0_0 = 3.01205e-09
Dr_0_0_l_0_0_0_0_0_0_0_0_0_0_0_0_0_0_0_0_0 = 2.86612e-09
Dr_0_0_l_0_0_0_0_0_0_0_0_0_0_0_0_0_0_0_0_0_0 = 2.71923e-09
Dr_0_0_l_0_0_0_0_0_0_0_0_0_0_0_0_0_0_0_0_0_0_0 = 2.61168e-09
Dr_0_0_l_0_0_0_0_0_0_0_0_0_0_0_0_0_0_0_0_0_0_0_0 = 2.44922e-09
Dr_0_0_l_0_0_0_0_0_0_0_0_0_0_0_0_0_0_0_0_0_0_0_0_0 = 2.3359e-09
Hl_0_0 = 9.99876e-05
Hl_0_0_l_0 = 9.00011e-05
Hl_0_0_l_0_0 = 8.19951e-05
Hl_0_0_l_0_0_0 = 7.54003e-05
Hl_0_0_l_0_0_0_0 = 6.98355e-05
Hl_0_0_l_0_0_0_0_0 = 6.50795e-05
Hl_0_0_l_0_0_0_0_0_0 = 6.09469e-05
Hl_0_0_l_0_0_0_0_0_0_0 = 5.73326e-05
Hl_0_0_l_0_0_0_0_0_0_0_0 = 5.4127e-05
Hl_0_0_l_0_0_0_0_0_0_0_0_0 = 5.12792e-05
Hl_0_0_l_0_0_0_0_0_0_0_0_0_0 = 4.87122e-05
Hl_0_0_l_0_0_0_0_0_0_0_0_0_0_0 = 4.64081e-05
Hl_0_0_l_0_0_0_0_0_0_0_0_0_0_0_0 = 4.42998e-05
Hl_0_0_l_0_0_0_0_0_0_0_0_0_0_0_0_0 = 4.23997e-05
Hl_0_0_l_0_0_0_0_0_0_0_0_0_0_0_0_0_0 = 4.0628e-05
Hl_0_0_l_0_0_0_0_0_0_0_0_0_0_0_0_0_0_0 = 3.90454e-05
Hl_0_0_l_0_0_0_0_0_0_0_0_0_0_0_0_0_0_0_0 = 3.75129e-05
Hl_0_0_l_0_0_0_0_0_0_0_0_0_0_0_0_0_0_0_0_0 = 3.62133e-05
Hl_0_0_l_0_0_0_0_0_0_0_0_0_0_0_0_0_0_0_0_0_0 = 3.47995e-05
Hl_0_0_l_0_0_0_0_0_0_0_0_0_0_0_0_0_0_0_0_0_0_0 = 3.38643e-05
Hl_0_0_l_0_0_0_0_0_0_0_0_0_0_0_0_0_0_0_0_0_0_0_0 = 3.22524e-05
Hr_0_0 = 0.000999898
I = 1
pi2_0_0_0_0 = 1.00482e-07
pi2_0_0_0_0_l_0 = 9.03781e-08
pi2_0_0_0_0_l_0_0 = 8.2297e-08
pi2_0_0_0_0_l_0_0_0 = 7.56409e-08
pi2_0_0_0_0_l_0_0_0_0 = 7.00338e-08
pi2_0_0_0_0_l_0_0_0_0_0 = 6.52425e-08
pi2_0_0_0_0_l_0_0_0_0_0_0 = 6.10834e-08
pi2_0_0_0_0_l_0_0_0_0_0_0_0 = 5.74476e-08
pi2_0_0_0_0_l_0_0_0_0_0_0_0_0 = 5.42243e-08
pi2_0_0_0_0_l_0_0_0_0_0_0_0_0_0 = 5.13626e-08
pi2_0_0_0_0_l_0_0_0_0_0_0_0_0_0_0 = 4.87834e-08
pi2_0_0_0_0_l_0_0_0_0_0_0_0_0_0_0_0 = 4.64698e-08
pi2_0_0_0_0_l_0_0_0_0_0_0_0_0_0_0_0_0 = 4.4353e-08
pi2_0_0_0_0_l_0_0_0_0_0_0_0_0_0_0_0_0_0 = 4.2446e-08
pi2_0_0_0_0_l_0_0_0_0_0_0_0_0_0_0_0_0_0_0 = 4.06684e-08
pi2_0_0_0_0_l_0_0_0_0_0_0_0_0_0_0_0_0_0_0_0 = 3.90804e-08
pi2_0_0_0_0_l_0_0_0_0_0_0_0_0_0_0_0_0_0_0_0_0 = 3.75443e-08
pi2_0_0_0_0_l_0_0_0_0_0_0_0_0_0_0_0_0_0_0_0_0_0 = 3.62397e-08
pi2_0_0_0_0_l_0_0_0_0_0_0_0_0_0_0_0_0_0_0_0_0_0_0 = 3.48245e-08
pi2_0_0_0_0_l_0_0_0_0_0_0_0_0_0_0_0_0_0_0_0_0_0_0_0 = 3.38836e-08
pi2_0_0_0_0_l_0_0_0_0_0_0_0_0_0_0_0_0_0_0_0_0_0_0_0_0 = 3.22703e-08
