DD_0_0 = 2.48848e-08
DD_0_0_l_0 = 1.53597e-08
DD_0_0_l_0_0 = 1.10881e-08
DD_0_0_l_0_0_0 = 8.34861e-09
DD_0_0_l_0_0_0_0 = 6.58663e-09
DD_0_0_l_0_0_0_0_0 = 5.31723e-09
DD_0_0_l_0_0_0_0_0_0 = 4.40206e-09
DD_0_0_l_0_0_0_0_0_0_0 = 3.69824e-09
DD_0_0_l_0_0_0_0_0_0_0_0 = 3.15788e-09
DD_0_0_l_0_0_0_0_0_0_0_0_0 = 2.72466e-09
DD_0_0_l_0_0_0_0_0_0_0_0_0_0 = 2.37793e-09
DD_0_0_l_0_0_0_0_0_0_0_0_0_0_0 = 2.09159e-09
DD_0_0_l_0_0_0_0_0_0_0_0_0_0_0_0 = 1.85559e-09
DD_0_0_l_0_0_0_0_0_0_0_0_0_0_0_0_0 = 1.65622e-09
DD_0_0_l_0_0_0_0_0_0_0_0_0_0_0_0_0_0 = 1.48825e-09
DD_0_0_l_0_0_0_0_0_0_0_0_0_0_0_0_0_0_0 = 1.3438e-09
DD_0_0_l_0_0_0_0_0_0_0_0_0_0_0_0_0_0_0_0 = 1.21993e-09
DD_0_0_l_0_0_0_0_0_0_0_0_0_0_0_0_0_0_0_0_0 = 1.11214e-09
DD_0_0_l_0_0_0_0_0_0_0_0_0_0_0_0_0_0_0_0_0_0 = 1.01731e-09
DD_0_0_l_0_0_0_0_0_0_0_0_0_0_0_0_0_0_0_0_0_0_0 = 9.38117e-10
DD_0_0_l_0_0_0_0_0_0_0_0_0_0_0_0_0_0_0_0_0_0_0_0 = 8.49617e-10
Dr_0_0 = 3.28212e-08
Dr_0_0_l_0 = 2.94187e-08
Dr_0_0_l_0_0 = 2.46853e-08
Dr_0_0_l_0_0_0 = 2.13737e-08
Dr_0_0_l_0_0_0_0 = 1.8504e-08
Dr_0_0_l_0_0_0_0_0 = 1.6324e-08
Dr_0_0_l_0_0_0_0_0_0 = 1.44489e-08
Dr_0_0_l_0_0_0_0_0_0_0 = 1.29566e-08
Dr_0_0_l_0_0_0_0_0_0_0_0 = 1.16553e-08
Dr_0_0_l_0_0_0_0_0_0_0_0_0 = 1.05863e-08
Dr_0_0_l_0_0_0_0_0_0_0_0_0_0 = 9.6407e-09
Dr_0_0_l_0_0_0_0_0_0_0_0_0_0_0 = 8.84593e-09
Dr_0_0_l_0_0_0_0_0_0_0_0_0_0_0_0 = 8.1337e-09
Dr_0_0_l_0_0_0_0_0_0_0_0_0_0_0_0_0 = 7.5247e-09
Dr_0_0_l_0_0_0_0_0_0_0_0_0_0_0_0_0_0 = 6.97277e-09
Dr_0_0_l_0_0_0_0_0_0_0_0_0_0_0_0_0_0_0 = 6.49454e-09
Dr_0_0_l_0_0_0_0_0_0_0_0_0_0_0_0_0_0_0_0 = 6.05658e-09
Dr_0_0_l_0_0_0_0_0_0_0_0_0_0_0_0_0_0_0_0_0 = 5.67412e-09
Dr_0_0_l_0_0_0_0_0_0_0_0_0_0_0_0_0_0_0_0_0_0 = 5.31669e-09
Dr_0_0_l_0_0_0_0_0_0_0_0_0_0_0_0_0_0_0_0_0_0_0 = 5.01798e-09
Dr_0_0_l_0_0_0_0_0_0_0_0_0_0_0_0_0_0_0_0_0_0_0_0 = 4.67032e-09
Dr_0_0_l_0_0_0_0_0_0_0_0_0_0_0_0_0_0_0_0_0_0_0_0_0 = 4.41095e-09
Hl_0_0 = 0.000199909
Hl_0_0_l_0 = 0.000160018
Hl_0_0_l_0_0 = 0.000135961
Hl_0_0_l_0_0_0 = 0.00011842
Hl_0_0_l_0_0_0_0 = 0.00010524
Hl_0_0_l_0_0_0_0_0 = 9.4752e-05
Hl_0_0_l_0_0_0_0_0_0 = 8.62749e-05
Hl_0_0_l_0_0_0_0_0_0_0 = 7.92034e-05
Hl_0_0_l_0_0_0_0_0_0_0_0 = 7.32507e-05
Hl_0_0_l_0_0_0_0_0_0_0_0_0 = 6.81329e-05
Hl_0_0_l_0_0_0_0_0_0_0_0_0_0 = 6.37081e-05
Hl_0_0_l_0_0_0_0_0_0_0_0_0_0_0 = 5.98222e-05
Hl_0_0_l_0_0_0_0_0_0_0_0_0_0_0_0 = 5.63976e-05
Hl_0_0_l_0_0_0_0_0_0_0_0_0_0_0_0_0 = 5.33421e-05
Hl_0_0_l_0_0_0_0_0_0_0_0_0_0_0_0_0_0 = 5.06098e-05
Hl_0_0_l_0_0_0_0_0_0_0_0_0_0_0_0_0_0_0 = 4.81425e-05
Hl_0_0_l_0_0_0_0_0_0_0_0_0_0_0_0_0_0_0_0 = 4.59085e-05
Hl_0_0_l_0_0_0_0_0_0_0_0_0_0_0_0_0_0_0_0_0 = 4.38789e-05
Hl_0_0_l_0_0_0_0_0_0_0_0_0_0_0_0_0_0_0_0_0_0 = 4.19969e-05
Hl_0_0_l_0_0_0_0_0_0_0_0_0_0_0_0_0_0_0_0_0_0_0 = 4.03756e-05
Hl_0_0_l_0_0_0_0_0_0_0_0_0_0_0_0_0_0_0_0_0_0_0_0 = 3.84542e-05
Hr_0_0 = 0.000999826
I = 1
pi2_0_0_0_0 = 2.03798e-07
pi2_0_0_0_0_l_0 = 1.62275e-07
pi2_0_0_0_0_l_0_0 = 1.37434e-07
pi2_0_0_0_0_l_0_0_0 = 1.19448e-07
pi2_0_0_0_0_l_0_0_0_0 = 1.05979e-07
pi2_0_0_0_0_l_0_0_0_0_0 = 9.53035e-08
pi2_0_0_0_0_l_0_0_0_0_0_0 = 8.66914e-08
pi2_0_0_0_0_l_0_0_0_0_0_0_0 = 7.95259e-08
pi2_0_0_0_0_l_0_0_0_0_0_0_0_0 = 7.35017e-08
pi2_0_0_0_0_l_0_0_0_0_0_0_0_0_0 = 6.83316e-08
pi2_0_0_0_0_l_0_0_0_0_0_0_0_0_0_0 = 6.38655e-08
pi2_0_0_0_0_l_0_0_0_0_0_0_0_0_0_0_0 = 5.99485e-08
pi2_0_0_0_0_l_0_0_0_0_0_0_0_0_0_0_0_0 = 5.64985e-08
pi2_0_0_0_0_l_0_0_0_0_0_0_0_0_0_0_0_0_0 = 5.34236e-08
pi2_0_0_0_0_l_0_0_0_0_0_0_0_0_0_0_0_0_0_0 = 5.06749e-08
pi2_0_0_0_0_l_0_0_0_0_0_0_0_0_0_0_0_0_0_0_0 = 4.81949e-08
pi2_0_0_0_0_l_0_0_0_0_0_0_0_0_0_0_0_0_0_0_0_0 = 4.59502e-08
pi2_0_0_0_0_l_0_0_0_0_0_0_0_0_0_0_0_0_0_0_0_0_0 = 4.39117e-08
pi2_0_0_0_0_l_0_0_0_0_0_0_0_0_0_0_0_0_0_0_0_0_0_0 = 4.20235e-08
pi2_0_0_0_0_l_0_0_0_0_0_0_0_0_0_0_0_0_0_0_0_0_0_0_0 = 4.03932e-08
pi2_0_0_0_0_l_0_0_0_0_0_0_0_0_0_0_0_0_0_0_0_0_0_0_0_0 = 3.84685e-08
