DD_0_0 = 8.25653e-09
DD_0_0_l_0 = 3.9759e-09
DD_0_0_l_0_0 = 4.10482e-09
DD_0_0_l_0_0_0 = 2.79935e-09
DD_0_0_l_0_0_0_0 = 2.80692e-09
DD_0_0_l_0_0_0_0_0 = 2.08686e-09
Dr_0_0 = 1.61625e-08
Dr_0_0_l_0 = 1.00479e-08
Dr_0_0_l_0_0 = 8.87097e-09
Dr_0_0_l_0_0_0 = 7.53493e-09
Dr_0_0_l_0_0_0_0 = 6.81966e-09
Dr_0_0_l_0_0_0_0_0 = 6.06967e-09
Dr_0_0_l_0_0_0_0_0_0 = 5.2986e-09
Hl_0_0 = 0.000112258
Hl_0_0_l_0 = 8.87741e-05
Hl_0_0_l_0_0 = 8.63306e-05
Hl_0_0_l_0_0_0 = 7.40996e-05
Hl_0_0_l_0_0_0_0 = 7.28098e-05
Hl_0_0_l_0_0_0_0_0 = 6.35922e-05
Hr_0_0 = 0.000999828
I = 1
pi2_0_0_0_0 = 1.10746e-07
pi2_0_0_0_0_l_0 = 8.824e-08
pi2_0_0_0_0_l_0_0 = 8.58863e-08
pi2_0_0_0_0_l_0_0_0 = 7.38979e-08
pi2_0_0_0_0_l_0_0_0_0 = 7.25636e-08
pi2_0_0_0_0_l_0_0_0_0_0 = 6.34718e-08
