DD_0_0 = 5.0824e-09
DD_0_0_l_0 = 4.1058e-09
DD_0_0_l_0_0 = 3.41356e-09
DD_0_0_l_0_0_0 = 2.88934e-09
DD_0_0_l_0_0_0_0 = 2.48408e-09
DD_0_0_l_0_0_0_0_0 = 2.1604e-09
DD_0_0_l_0_0_0_0_0_0 = 1.89861e-09
DD_0_0_l_0_0_0_0_0_0_0 = 1.68233e-09
DD_0_0_l_0_0_0_0_0_0_0_0 = 1.50229e-09
DD_0_0_l_0_0_0_0_0_0_0_0_0 = 1.34964e-09
DD_0_0_l_0_0_0_0_0_0_0_0_0_0 = 1.22011e-09
DD_0_0_l_0_0_0_0_0_0_0_0_0_0_0 = 1.10806e-09
DD_0_0_l_0_0_0_0_0_0_0_0_0_0_0_0 = 1.01137e-09
DD_0_0_l_0_0_0_0_0_0_0_0_0_0_0_0_0 = 9.26807e-10
DD_0_0_l_0_0_0_0_0_0_0_0_0_0_0_0_0_0 = 8.52208e-10
DD_0_0_l_0_0_0_0_0_0_0_0_0_0_0_0_0_0_0 = 7.87328e-10
DD_0_0_l_0_0_0_0_0_0_0_0_0_0_0_0_0_0_0_0 = 7.27628e-10
DD_0_0_l_0_0_0_0_0_0_0_0_0_0_0_0_0_0_0_0_0 = 6.78213e-10
DD_0_0_l_0_0_0_0_0_0_0_0_0_0_0_0_0_0_0_0_0_0 = 6.26969e-10
DD_0_0_l_0_0_0_0_0_0_0_0_0_0_0_0_0_0_0_0_0_0_0 = 5.9377e-10
DD_0_0_l_0_0_0_0_0_0_0_0_0_0_0_0_0_0_0_0_0_0_0_0 = 5.38895e-10
Dr_0_0 = 7.67071e-09
Dr_0_0_l_0 = 7.09683e-09
Dr_0_0_l_0_0 = 6.54717e-09
Dr_0_0_l_0_0_0 = 6.04162e-09
Dr_0_0_l_0_0_0_0 = 5.58773e-09
Dr_0_0_l_0_0_0_0_0 = 5.18149e-09
Dr_0_0_l_0_0_0_0_0_0 = 4.81805e-09
Dr_0_0_l_0_0_0_0_0_0_0 = 4.49294e-09
Dr_0_0_l_0_0_0_0_0_0_0_0 = 4.20036e-09
Dr_0_0_l_0_0_0_0_0_0_0_0_0 = 3.93758e-09
Dr_0_0_l_0_0_0_0_0_0_0_0_0_0 = 3.69908e-09
Dr_0_0_l_0_0_0_0_0_0_0_0_0_0_0 = 3.48399e-09
Dr_0_0_l_0_0_0_0_0_0_0_0_0_0_0_0 = 3.28693e-09
Dr_0_0_l_0_0_0_0_0_0_0_0_0_0_0_0_0 = 3.10877e-09
Dr_0_0_l_0_0_0_0_0_0_0_0_0_0_0_0_0_0 = 2.94365e-09
Dr_0_0_l_0_0_0_0_0_0_0_0_0_0_0_0_0_0_0 = 2.79491e-09
Dr_0_0_l_0_0_0_0_0_0_0_0_0_0_0_0_0_0_0_0 = 2.65382e-09
Dr_0_0_l_0_0_0_0_0_0_0_0_0_0_0_0_0_0_0_0_0 = 2.53078e-09
Dr_0_0_l_0_0_0_0_0_0_0_0_0_0_0_0_0_0_0_0_0_0 = 2.40381e-09
Dr_0_0_l_0_0_0_0_0_0_0_0_0_0_0_0_0_0_0_0_0_0_0 = 2.31234e-09
Dr_0_0_l_0_0_0_0_0_0_0_0_0_0_0_0_0_0_0_0_0_0_0_0 = 2.1725e-09
Dr_0_0_l_0_0_0_0_0_0_0_0_0_0_0_0_0_0_0_0_0_0_0_0_0 = 2.07485e-09
Hl_0_0 = 9.99876e-05
Hl_0_0_l_0 = 9.00011e-05
Hl_0_0_l_0_0 = 8.19951e-05
Hl_0_0_l_0_0_0 = 7.54003e-05
Hl_0_0_l_0_0_0_0 = 6.98355e-05
Hl_0_0_l_0_0_0_0_0 = 6.50795e-05
Hl_0_0_l_0_0_0_0_0_0 = 6.09469e-05
Hl_0_0_l_0_0_0_0_0_0_0 = 5.73326e-05
Hl_0_0_l_0_0_0_0_0_0_0_0 = 5.4127e-05
Hl_0_0_l_0_0_0_0_0_0_0_0_0 = 5.12792e-05
Hl_0_0_l_0_0_0_0_0_0_0_0_0_0 = 4.87121e-05
Hl_0_0_l_0_0_0_0_0_0_0_0_0_0_0 = 4.64081e-05
Hl_0_0_l_0_0_0_0_0_0_0_0_0_0_0_0 = 4.42998e-05
Hl_0_0_l_0_0_0_0_0_0_0_0_0_0_0_0_0 = 4.23997e-05
Hl_0_0_l_0_0_0_0_0_0_0_0_0_0_0_0_0_0 = 4.0628e-05
Hl_0_0_l_0_0_0_0_0_0_0_0_0_0_0_0_0_0_0 = 3.90454e-05
Hl_0_0_l_0_0_0_0_0_0_0_0_0_0_0_0_0_0_0_0 = 3.75129e-05
Hl_0_0_l_0_0_0_0_0_0_0_0_0_0_0_0_0_0_0_0_0 = 3.62133e-05
Hl_0_0_l_0_0_0_0_0_0_0_0_0_0_0_0_0_0_0_0_0_0 = 3.47995e-05
Hl_0_0_l_0_0_0_0_0_0_0_0_0_0_0_0_0_0_0_0_0_0_0 = 3.38643e-05
Hl_0_0_l_0_0_0_0_0_0_0_0_0_0_0_0_0_0_0_0_0_0_0_0 = 3.22524e-05
Hr_0_0 = 0.000999913
I = 1
pi2_0_0_0_0 = 1.00417e-07
pi2_0_0_0_0_l_0 = 9.0334e-08
pi2_0_0_0_0_l_0_0 = 8.22661e-08
pi2_0_0_0_0_l_0_0_0 = 7.56178e-08
pi2_0_0_0_0_l_0_0_0_0 = 7.00179e-08
pi2_0_0_0_0_l_0_0_0_0_0 = 6.52295e-08
pi2_0_0_0_0_l_0_0_0_0_0_0 = 6.10753e-08
pi2_0_0_0_0_l_0_0_0_0_0_0_0 = 5.74401e-08
pi2_0_0_0_0_l_0_0_0_0_0_0_0_0 = 5.42204e-08
pi2_0_0_0_0_l_0_0_0_0_0_0_0_0_0 = 5.13584e-08
pi2_0_0_0_0_l_0_0_0_0_0_0_0_0_0_0 = 4.87819e-08
pi2_0_0_0_0_l_0_0_0_0_0_0_0_0_0_0_0 = 4.64677e-08
pi2_0_0_0_0_l_0_0_0_0_0_0_0_0_0_0_0_0 = 4.43529e-08
pi2_0_0_0_0_l_0_0_0_0_0_0_0_0_0_0_0_0_0 = 4.24453e-08
pi2_0_0_0_0_l_0_0_0_0_0_0_0_0_0_0_0_0_0_0 = 4.06692e-08
pi2_0_0_0_0_l_0_0_0_0_0_0_0_0_0_0_0_0_0_0_0 = 3.90806e-08
pi2_0_0_0_0_l_0_0_0_0_0_0_0_0_0_0_0_0_0_0_0_0 = 3.75454e-08
pi2_0_0_0_0_l_0_0_0_0_0_0_0_0_0_0_0_0_0_0_0_0_0 = 3.62406e-08
pi2_0_0_0_0_l_0_0_0_0_0_0_0_0_0_0_0_0_0_0_0_0_0_0 = 3.48257e-08
pi2_0_0_0_0_l_0_0_0_0_0_0_0_0_0_0_0_0_0_0_0_0_0_0_0 = 3.38851e-08
pi2_0_0_0_0_l_0_0_0_0_0_0_0_0_0_0_0_0_0_0_0_0_0_0_0_0 = 3.22718e-08
