DD_0_0 = 1.95183e-08
DD_0_0_l_0 = 1.25971e-08
DD_0_0_l_0_0 = 9.2269e-09
DD_0_0_l_0_0_0 = 7.0839e-09
DD_0_0_l_0_0_0_0 = 5.63408e-09
DD_0_0_l_0_0_0_0_0 = 4.61407e-09
DD_0_0_l_0_0_0_0_0_0 = 3.83112e-09
DD_0_0_l_0_0_0_0_0_0_0 = 3.26806e-09
DD_0_0_l_0_0_0_0_0_0_0_0 = 2.77184e-09
DD_0_0_l_0_0_0_0_0_0_0_0_0 = 2.46601e-09
DD_0_0_l_0_0_0_0_0_0_0_0_0_0 = 2.04695e-09
Dr_0_0 = 2.26415e-08
Dr_0_0_l_0 = 2.09228e-08
Dr_0_0_l_0_0 = 1.80137e-08
Dr_0_0_l_0_0_0 = 1.58169e-08
Dr_0_0_l_0_0_0_0 = 1.39043e-08
Dr_0_0_l_0_0_0_0_0 = 1.23765e-08
Dr_0_0_l_0_0_0_0_0_0 = 1.10714e-08
Dr_0_0_l_0_0_0_0_0_0_0 = 1.0002e-08
Dr_0_0_l_0_0_0_0_0_0_0_0 = 9.04551e-09
Dr_0_0_l_0_0_0_0_0_0_0_0_0 = 8.32579e-09
Dr_0_0_l_0_0_0_0_0_0_0_0_0_0 = 7.45953e-09
Dr_0_0_l_0_0_0_0_0_0_0_0_0_0_0 = 6.81581e-09
Hl_0_0 = 0.000199689
Hl_0_0_l_0 = 0.000160062
Hl_0_0_l_0_0 = 0.00013587
Hl_0_0_l_0_0_0 = 0.000118475
Hl_0_0_l_0_0_0_0 = 0.000105152
Hl_0_0_l_0_0_0_0_0 = 9.48399e-05
Hl_0_0_l_0_0_0_0_0_0 = 8.6138e-05
Hl_0_0_l_0_0_0_0_0_0_0 = 7.93951e-05
Hl_0_0_l_0_0_0_0_0_0_0_0 = 7.29193e-05
Hl_0_0_l_0_0_0_0_0_0_0_0_0 = 6.87295e-05
Hl_0_0_l_0_0_0_0_0_0_0_0_0_0 = 6.24942e-05
Hr_0_0 = 0.000999877
I = 1
pi2_0_0_0_0 = 2.02628e-07
pi2_0_0_0_0_l_0 = 1.61886e-07
pi2_0_0_0_0_l_0_0 = 1.371e-07
pi2_0_0_0_0_l_0_0_0 = 1.19363e-07
pi2_0_0_0_0_l_0_0_0_0 = 1.05811e-07
pi2_0_0_0_0_l_0_0_0_0_0 = 9.53429e-08
pi2_0_0_0_0_l_0_0_0_0_0_0 = 8.65337e-08
pi2_0_0_0_0_l_0_0_0_0_0_0_0 = 7.97026e-08
pi2_0_0_0_0_l_0_0_0_0_0_0_0_0 = 7.31784e-08
pi2_0_0_0_0_l_0_0_0_0_0_0_0_0_0 = 6.89218e-08
pi2_0_0_0_0_l_0_0_0_0_0_0_0_0_0_0 = 6.26549e-08
