DD_0_0 = 4.00904e-09
DD_0_0_l_0 = 4.16852e-09
DD_0_0_l_0_0 = 3.17405e-09
DD_0_0_l_0_0_0 = 2.93218e-09
DD_0_0_l_0_0_0_0 = 2.3674e-09
DD_0_0_l_0_0_0_0_0 = 2.19712e-09
DD_0_0_l_0_0_0_0_0_0 = 1.8215e-09
DD_0_0_l_0_0_0_0_0_0_0 = 1.71868e-09
DD_0_0_l_0_0_0_0_0_0_0_0 = 1.43946e-09
DD_0_0_l_0_0_0_0_0_0_0_0_0 = 1.39054e-09
DD_0_0_l_0_0_0_0_0_0_0_0_0_0 = 1.15816e-09
Dr_0_0 = 4.82224e-09
Dr_0_0_l_0 = 6.08912e-09
Dr_0_0_l_0_0 = 5.79858e-09
Dr_0_0_l_0_0_0 = 5.51747e-09
Dr_0_0_l_0_0_0_0 = 5.20975e-09
Dr_0_0_l_0_0_0_0_0 = 4.85402e-09
Dr_0_0_l_0_0_0_0_0_0 = 4.57726e-09
Dr_0_0_l_0_0_0_0_0_0_0 = 4.27563e-09
Dr_0_0_l_0_0_0_0_0_0_0_0 = 4.01681e-09
Dr_0_0_l_0_0_0_0_0_0_0_0_0 = 3.80324e-09
Dr_0_0_l_0_0_0_0_0_0_0_0_0_0 = 3.52206e-09
Dr_0_0_l_0_0_0_0_0_0_0_0_0_0_0 = 3.26721e-09
Hl_0_0 = 9.63273e-05
Hl_0_0_l_0 = 9.03672e-05
Hl_0_0_l_0_0 = 8.07018e-05
Hl_0_0_l_0_0_0 = 7.57883e-05
Hl_0_0_l_0_0_0_0 = 6.89482e-05
Hl_0_0_l_0_0_0_0_0 = 6.55232e-05
Hl_0_0_l_0_0_0_0_0_0 = 6.01577e-05
Hl_0_0_l_0_0_0_0_0_0_0 = 5.7885e-05
Hl_0_0_l_0_0_0_0_0_0_0_0 = 5.32782e-05
Hl_0_0_l_0_0_0_0_0_0_0_0_0 = 5.20432e-05
Hl_0_0_l_0_0_0_0_0_0_0_0_0_0 = 4.76151e-05
Hr_0_0 = 0.000999942
I = 1
pi2_0_0_0_0 = 9.73201e-08
pi2_0_0_0_0_l_0 = 9.10146e-08
pi2_0_0_0_0_l_0_0 = 8.11791e-08
pi2_0_0_0_0_l_0_0_0 = 7.61646e-08
pi2_0_0_0_0_l_0_0_0_0 = 6.92505e-08
pi2_0_0_0_0_l_0_0_0_0_0 = 6.57707e-08
pi2_0_0_0_0_l_0_0_0_0_0_0 = 6.03677e-08
pi2_0_0_0_0_l_0_0_0_0_0_0_0 = 5.80584e-08
pi2_0_0_0_0_l_0_0_0_0_0_0_0_0 = 5.34323e-08
pi2_0_0_0_0_l_0_0_0_0_0_0_0_0_0 = 5.21698e-08
pi2_0_0_0_0_l_0_0_0_0_0_0_0_0_0_0 = 4.77236e-08
