DD_0_0 = 1.13198e-08
DD_0_0_l_0 = 1.32899e-08
DD_0_0_l_0_0 = 7.5009e-09
Dr_0_0 = 1.14062e-08
Dr_0_0_l_0 = 1.35143e-08
Dr_0_0_l_0_0 = 1.67467e-08
Dr_0_0_l_0_0_0 = 1.29864e-08
Hl_0_0 = 0.000173386
Hl_0_0_l_0 = 0.000165322
Hl_0_0_l_0_0 = 0.000124998
Hr_0_0 = 0.000999933
I = 1
pi2_0_0_0_0 = 1.75973e-07
pi2_0_0_0_0_l_0 = 1.6831e-07
pi2_0_0_0_0_l_0_0 = 1.26757e-07
