DD_0_0 = 1.8368e-09
DD_0_0_l_0 = 4.01806e-09
DD_0_0_l_0_0 = 2.82298e-09
Dr_0_0 = 1.28777e-09
Dr_0_0_l_0 = 3.15848e-09
Dr_0_0_l_0_0 = 5.01283e-09
Dr_0_0_l_0_0_0 = 4.60516e-09
Hl_0_0 = 8.56304e-05
Hl_0_0_l_0 = 9.14369e-05
Hl_0_0_l_0_0 = 7.69222e-05
Hr_0_0 = 0.000999977
I = 1
pi2_0_0_0_0 = 8.63809e-08
pi2_0_0_0_0_l_0 = 9.25304e-08
pi2_0_0_0_0_l_0_0 = 7.75778e-08
