DD_0_0 = 6.74126e-09
DD_0_0_l_0 = 4.91695e-09
DD_0_0_l_0_0 = 3.86812e-09
DD_0_0_l_0_0_0 = 3.15249e-09
DD_0_0_l_0_0_0_0 = 2.62961e-09
DD_0_0_l_0_0_0_0_0 = 2.24314e-09
DD_0_0_l_0_0_0_0_0_0 = 1.92999e-09
DD_0_0_l_0_0_0_0_0_0_0 = 1.69727e-09
DD_0_0_l_0_0_0_0_0_0_0_0 = 1.48182e-09
DD_0_0_l_0_0_0_0_0_0_0_0_0 = 1.34744e-09
DD_0_0_l_0_0_0_0_0_0_0_0_0_0 = 1.15414e-09
Dr_0_0 = 3.70354e-09
Dr_0_0_l_0 = 3.85227e-09
Dr_0_0_l_0_0 = 3.67992e-09
Dr_0_0_l_0_0_0 = 3.47317e-09
Dr_0_0_l_0_0_0_0 = 3.25413e-09
Dr_0_0_l_0_0_0_0_0 = 3.04488e-09
Dr_0_0_l_0_0_0_0_0_0 = 2.85364e-09
Dr_0_0_l_0_0_0_0_0_0_0 = 2.67316e-09
Dr_0_0_l_0_0_0_0_0_0_0_0 = 2.51424e-09
Dr_0_0_l_0_0_0_0_0_0_0_0_0 = 2.36692e-09
Dr_0_0_l_0_0_0_0_0_0_0_0_0_0 = 2.21923e-09
Dr_0_0_l_0_0_0_0_0_0_0_0_0_0_0 = 2.06958e-09
Hl_0_0 = 0.000199689
Hl_0_0_l_0 = 0.000160062
Hl_0_0_l_0_0 = 0.00013587
Hl_0_0_l_0_0_0 = 0.000118475
Hl_0_0_l_0_0_0_0 = 0.000105152
Hl_0_0_l_0_0_0_0_0 = 9.48399e-05
Hl_0_0_l_0_0_0_0_0_0 = 8.6138e-05
Hl_0_0_l_0_0_0_0_0_0_0 = 7.93951e-05
Hl_0_0_l_0_0_0_0_0_0_0_0 = 7.29193e-05
Hl_0_0_l_0_0_0_0_0_0_0_0_0 = 6.87295e-05
Hl_0_0_l_0_0_0_0_0_0_0_0_0_0 = 6.24942e-05
Hr_0_0 = 0.000999971
I = 1
pi2_0_0_0_0 = 2.00347e-07
pi2_0_0_0_0_l_0 = 1.60555e-07
pi2_0_0_0_0_l_0_0 = 1.36246e-07
pi2_0_0_0_0_l_0_0_0 = 1.18775e-07
pi2_0_0_0_0_l_0_0_0_0 = 1.05395e-07
pi2_0_0_0_0_l_0_0_0_0_0 = 9.50413e-08
pi2_0_0_0_0_l_0_0_0_0_0_0 = 8.63062e-08
pi2_0_0_0_0_l_0_0_0_0_0_0_0 = 7.95384e-08
pi2_0_0_0_0_l_0_0_0_0_0_0_0_0 = 7.30423e-08
pi2_0_0_0_0_l_0_0_0_0_0_0_0_0_0 = 6.88354e-08
pi2_0_0_0_0_l_0_0_0_0_0_0_0_0_0_0 = 6.2584e-08
