DD_0_0 = 2.38101e-09
DD_0_0_l_0 = 2.19939e-09
DD_0_0_l_0_0 = 1.8062e-09
DD_0_0_l_0_0_0 = 1.64815e-09
DD_0_0_l_0_0_0_0 = 1.39755e-09
DD_0_0_l_0_0_0_0_0 = 1.29523e-09
DD_0_0_l_0_0_0_0_0_0 = 1.11476e-09
DD_0_0_l_0_0_0_0_0_0_0 = 1.05252e-09
DD_0_0_l_0_0_0_0_0_0_0_0 = 9.09301e-10
DD_0_0_l_0_0_0_0_0_0_0_0_0 = 8.78774e-10
DD_0_0_l_0_0_0_0_0_0_0_0_0_0 = 7.52286e-10
Dr_0_0 = 1.99888e-09
Dr_0_0_l_0 = 2.16321e-09
Dr_0_0_l_0_0 = 2.07015e-09
Dr_0_0_l_0_0_0 = 2.00399e-09
Dr_0_0_l_0_0_0_0 = 1.92331e-09
Dr_0_0_l_0_0_0_0_0 = 1.82944e-09
Dr_0_0_l_0_0_0_0_0_0 = 1.75991e-09
Dr_0_0_l_0_0_0_0_0_0_0 = 1.66769e-09
Dr_0_0_l_0_0_0_0_0_0_0_0 = 1.60488e-09
Dr_0_0_l_0_0_0_0_0_0_0_0_0 = 1.52728e-09
Dr_0_0_l_0_0_0_0_0_0_0_0_0_0 = 1.45871e-09
Dr_0_0_l_0_0_0_0_0_0_0_0_0_0_0 = 1.37011e-09
Hl_0_0 = 9.63273e-05
Hl_0_0_l_0 = 9.03672e-05
Hl_0_0_l_0_0 = 8.07018e-05
Hl_0_0_l_0_0_0 = 7.57883e-05
Hl_0_0_l_0_0_0_0 = 6.89482e-05
Hl_0_0_l_0_0_0_0_0 = 6.55232e-05
Hl_0_0_l_0_0_0_0_0_0 = 6.01577e-05
Hl_0_0_l_0_0_0_0_0_0_0 = 5.7885e-05
Hl_0_0_l_0_0_0_0_0_0_0_0 = 5.32782e-05
Hl_0_0_l_0_0_0_0_0_0_0_0_0 = 5.20432e-05
Hl_0_0_l_0_0_0_0_0_0_0_0_0_0 = 4.76151e-05
Hr_0_0 = 0.00099997
I = 1
pi2_0_0_0_0 = 9.65744e-08
pi2_0_0_0_0_l_0 = 9.05477e-08
pi2_0_0_0_0_l_0_0 = 8.08469e-08
pi2_0_0_0_0_l_0_0_0 = 7.59118e-08
pi2_0_0_0_0_l_0_0_0_0 = 6.90515e-08
pi2_0_0_0_0_l_0_0_0_0_0 = 6.56136e-08
pi2_0_0_0_0_l_0_0_0_0_0_0 = 6.02356e-08
pi2_0_0_0_0_l_0_0_0_0_0_0_0 = 5.79538e-08
pi2_0_0_0_0_l_0_0_0_0_0_0_0_0 = 5.33392e-08
pi2_0_0_0_0_l_0_0_0_0_0_0_0_0_0 = 5.20967e-08
pi2_0_0_0_0_l_0_0_0_0_0_0_0_0_0_0 = 4.76621e-08
