D^2   = 2.4904561421932833e-09
Dz    = 2.0369644868533577e-09
pi(A) = 0.0001993360094567494
pi(B) = 0.002000000000000007
pi2   = 9.926532769242809e-08
