DD_0_0 = 7.1567e-09
DD_0_0_l_0 = 4.82011e-09
DD_0_0_l_0_0 = 4.02371e-09
DD_0_0_l_0_0_0 = 3.05647e-09
DD_0_0_l_0_0_0_0 = 2.76453e-09
DD_0_0_l_0_0_0_0_0 = 2.11341e-09
Dr_0_0 = 3.99382e-09
Dr_0_0_l_0 = 3.92833e-09
Dr_0_0_l_0_0 = 3.71698e-09
Dr_0_0_l_0_0_0 = 3.55162e-09
Dr_0_0_l_0_0_0_0 = 3.22908e-09
Dr_0_0_l_0_0_0_0_0 = 3.14463e-09
Dr_0_0_l_0_0_0_0_0_0 = 2.79082e-09
Hl_0_0 = 0.000208224
Hl_0_0_l_0 = 0.000158355
Hl_0_0_l_0_0 = 0.000139397
Hl_0_0_l_0_0_0 = 0.000116358
Hl_0_0_l_0_0_0_0 = 0.000108553
Hl_0_0_l_0_0_0_0_0 = 9.1439e-05
Hr_0_0 = 0.00099997
I = 1
pi2_0_0_0_0 = 2.08857e-07
pi2_0_0_0_0_l_0 = 1.58809e-07
pi2_0_0_0_0_l_0_0 = 1.39775e-07
pi2_0_0_0_0_l_0_0_0 = 1.16636e-07
pi2_0_0_0_0_l_0_0_0_0 = 1.08799e-07
pi2_0_0_0_0_l_0_0_0_0_0 = 9.16288e-08
