DD_0_0 = 2.56617e-09
DD_0_0_l_0 = 2.16756e-09
DD_0_0_l_0_0 = 1.86382e-09
DD_0_0_l_0_0_0 = 1.62562e-09
DD_0_0_l_0_0_0_0 = 1.43299e-09
DD_0_0_l_0_0_0_0_0 = 1.27524e-09
DD_0_0_l_0_0_0_0_0_0 = 1.14313e-09
DD_0_0_l_0_0_0_0_0_0_0 = 1.03197e-09
DD_0_0_l_0_0_0_0_0_0_0_0 = 9.3659e-10
DD_0_0_l_0_0_0_0_0_0_0_0_0 = 8.54796e-10
DD_0_0_l_0_0_0_0_0_0_0_0_0_0 = 7.83231e-10
DD_0_0_l_0_0_0_0_0_0_0_0_0_0_0 = 7.21119e-10
DD_0_0_l_0_0_0_0_0_0_0_0_0_0_0_0 = 6.6575e-10
DD_0_0_l_0_0_0_0_0_0_0_0_0_0_0_0_0 = 6.1746e-10
DD_0_0_l_0_0_0_0_0_0_0_0_0_0_0_0_0_0 = 5.73452e-10
DD_0_0_l_0_0_0_0_0_0_0_0_0_0_0_0_0_0_0 = 5.35375e-10
DD_0_0_l_0_0_0_0_0_0_0_0_0_0_0_0_0_0_0_0 = 4.99259e-10
DD_0_0_l_0_0_0_0_0_0_0_0_0_0_0_0_0_0_0_0_0 = 4.69554e-10
DD_0_0_l_0_0_0_0_0_0_0_0_0_0_0_0_0_0_0_0_0_0 = 4.37851e-10
DD_0_0_l_0_0_0_0_0_0_0_0_0_0_0_0_0_0_0_0_0_0_0 = 4.17502e-10
DD_0_0_l_0_0_0_0_0_0_0_0_0_0_0_0_0_0_0_0_0_0_0_0 = 3.82989e-10
Dr_0_0 = 2.25357e-09
Dr_0_0_l_0 = 2.20238e-09
Dr_0_0_l_0_0 = 2.12278e-09
Dr_0_0_l_0_0_0 = 2.03382e-09
Dr_0_0_l_0_0_0_0 = 1.94298e-09
Dr_0_0_l_0_0_0_0_0 = 1.85377e-09
Dr_0_0_l_0_0_0_0_0_0 = 1.76836e-09
Dr_0_0_l_0_0_0_0_0_0_0 = 1.68706e-09
Dr_0_0_l_0_0_0_0_0_0_0_0 = 1.61067e-09
Dr_0_0_l_0_0_0_0_0_0_0_0_0 = 1.53863e-09
Dr_0_0_l_0_0_0_0_0_0_0_0_0_0 = 1.47147e-09
Dr_0_0_l_0_0_0_0_0_0_0_0_0_0_0 = 1.40806e-09
Dr_0_0_l_0_0_0_0_0_0_0_0_0_0_0_0 = 1.34929e-09
Dr_0_0_l_0_0_0_0_0_0_0_0_0_0_0_0_0 = 1.29351e-09
Dr_0_0_l_0_0_0_0_0_0_0_0_0_0_0_0_0_0 = 1.24196e-09
Dr_0_0_l_0_0_0_0_0_0_0_0_0_0_0_0_0_0_0 = 1.19292e-09
Dr_0_0_l_0_0_0_0_0_0_0_0_0_0_0_0_0_0_0_0 = 1.14725e-09
Dr_0_0_l_0_0_0_0_0_0_0_0_0_0_0_0_0_0_0_0_0 = 1.10462e-09
Dr_0_0_l_0_0_0_0_0_0_0_0_0_0_0_0_0_0_0_0_0_0 = 1.06252e-09
Dr_0_0_l_0_0_0_0_0_0_0_0_0_0_0_0_0_0_0_0_0_0_0 = 1.02873e-09
Dr_0_0_l_0_0_0_0_0_0_0_0_0_0_0_0_0_0_0_0_0_0_0_0 = 9.81581e-10
Dr_0_0_l_0_0_0_0_0_0_0_0_0_0_0_0_0_0_0_0_0_0_0_0_0 = 9.44555e-10
Hl_0_0 = 9.99876e-05
Hl_0_0_l_0 = 9.00011e-05
Hl_0_0_l_0_0 = 8.19951e-05
Hl_0_0_l_0_0_0 = 7.54003e-05
Hl_0_0_l_0_0_0_0 = 6.98355e-05
Hl_0_0_l_0_0_0_0_0 = 6.50795e-05
Hl_0_0_l_0_0_0_0_0_0 = 6.09469e-05
Hl_0_0_l_0_0_0_0_0_0_0 = 5.73326e-05
Hl_0_0_l_0_0_0_0_0_0_0_0 = 5.4127e-05
Hl_0_0_l_0_0_0_0_0_0_0_0_0 = 5.12792e-05
Hl_0_0_l_0_0_0_0_0_0_0_0_0_0 = 4.87122e-05
Hl_0_0_l_0_0_0_0_0_0_0_0_0_0_0 = 4.64081e-05
Hl_0_0_l_0_0_0_0_0_0_0_0_0_0_0_0 = 4.42998e-05
Hl_0_0_l_0_0_0_0_0_0_0_0_0_0_0_0_0 = 4.23997e-05
Hl_0_0_l_0_0_0_0_0_0_0_0_0_0_0_0_0_0 = 4.0628e-05
Hl_0_0_l_0_0_0_0_0_0_0_0_0_0_0_0_0_0_0 = 3.90454e-05
Hl_0_0_l_0_0_0_0_0_0_0_0_0_0_0_0_0_0_0_0 = 3.75129e-05
Hl_0_0_l_0_0_0_0_0_0_0_0_0_0_0_0_0_0_0_0_0 = 3.62133e-05
Hl_0_0_l_0_0_0_0_0_0_0_0_0_0_0_0_0_0_0_0_0_0 = 3.47995e-05
Hl_0_0_l_0_0_0_0_0_0_0_0_0_0_0_0_0_0_0_0_0_0_0 = 3.38643e-05
Hl_0_0_l_0_0_0_0_0_0_0_0_0_0_0_0_0_0_0_0_0_0_0_0 = 3.22524e-05
Hr_0_0 = 0.000999967
I = 1
pi2_0_0_0_0 = 1.00157e-07
pi2_0_0_0_0_l_0 = 9.01503e-08
pi2_0_0_0_0_l_0_0 = 8.21179e-08
pi2_0_0_0_0_l_0_0_0 = 7.55086e-08
pi2_0_0_0_0_l_0_0_0_0 = 6.99267e-08
pi2_0_0_0_0_l_0_0_0_0_0 = 6.5161e-08
pi2_0_0_0_0_l_0_0_0_0_0_0 = 6.10167e-08
pi2_0_0_0_0_l_0_0_0_0_0_0_0 = 5.73957e-08
pi2_0_0_0_0_l_0_0_0_0_0_0_0_0 = 5.41818e-08
pi2_0_0_0_0_l_0_0_0_0_0_0_0_0_0 = 5.13291e-08
pi2_0_0_0_0_l_0_0_0_0_0_0_0_0_0_0 = 4.8756e-08
pi2_0_0_0_0_l_0_0_0_0_0_0_0_0_0_0_0 = 4.64483e-08
pi2_0_0_0_0_l_0_0_0_0_0_0_0_0_0_0_0_0 = 4.43356e-08
pi2_0_0_0_0_l_0_0_0_0_0_0_0_0_0_0_0_0_0 = 4.24325e-08
pi2_0_0_0_0_l_0_0_0_0_0_0_0_0_0_0_0_0_0_0 = 4.06576e-08
pi2_0_0_0_0_l_0_0_0_0_0_0_0_0_0_0_0_0_0_0_0 = 3.90725e-08
pi2_0_0_0_0_l_0_0_0_0_0_0_0_0_0_0_0_0_0_0_0_0 = 3.75378e-08
pi2_0_0_0_0_l_0_0_0_0_0_0_0_0_0_0_0_0_0_0_0_0_0 = 3.62359e-08
pi2_0_0_0_0_l_0_0_0_0_0_0_0_0_0_0_0_0_0_0_0_0_0_0 = 3.48207e-08
pi2_0_0_0_0_l_0_0_0_0_0_0_0_0_0_0_0_0_0_0_0_0_0_0_0 = 3.38833e-08
pi2_0_0_0_0_l_0_0_0_0_0_0_0_0_0_0_0_0_0_0_0_0_0_0_0_0 = 3.22698e-08
