DD_0_0 = 5.44199e-09
DD_0_0_l_0 = 5.22493e-09
DD_0_0_l_0_0 = 3.41232e-09
Dr_0_0 = 2.88506e-09
Dr_0_0_l_0 = 3.38202e-09
Dr_0_0_l_0_0 = 4.06541e-09
Dr_0_0_l_0_0_0 = 3.35349e-09
Hl_0_0 = 0.000173386
Hl_0_0_l_0 = 0.000165322
Hl_0_0_l_0_0 = 0.000124998
Hr_0_0 = 0.000999976
I = 1
pi2_0_0_0_0 = 1.74014e-07
pi2_0_0_0_0_l_0 = 1.66035e-07
pi2_0_0_0_0_l_0_0 = 1.25438e-07
