DD_0_0 = 6.75198e-09
DD_0_0_l_0 = 4.91447e-09
DD_0_0_l_0_0 = 3.87214e-09
DD_0_0_l_0_0_0 = 3.14994e-09
DD_0_0_l_0_0_0_0 = 2.63322e-09
DD_0_0_l_0_0_0_0_0 = 2.23969e-09
DD_0_0_l_0_0_0_0_0_0 = 1.93488e-09
DD_0_0_l_0_0_0_0_0_0_0 = 1.69071e-09
DD_0_0_l_0_0_0_0_0_0_0_0 = 1.49265e-09
DD_0_0_l_0_0_0_0_0_0_0_0_0 = 1.32857e-09
DD_0_0_l_0_0_0_0_0_0_0_0_0_0 = 1.19154e-09
DD_0_0_l_0_0_0_0_0_0_0_0_0_0_0 = 1.0751e-09
DD_0_0_l_0_0_0_0_0_0_0_0_0_0_0_0 = 9.75806e-10
DD_0_0_l_0_0_0_0_0_0_0_0_0_0_0_0_0 = 8.89827e-10
DD_0_0_l_0_0_0_0_0_0_0_0_0_0_0_0_0_0 = 8.15281e-10
DD_0_0_l_0_0_0_0_0_0_0_0_0_0_0_0_0_0_0 = 7.4982e-10
DD_0_0_l_0_0_0_0_0_0_0_0_0_0_0_0_0_0_0_0 = 6.92235e-10
DD_0_0_l_0_0_0_0_0_0_0_0_0_0_0_0_0_0_0_0_0 = 6.41265e-10
DD_0_0_l_0_0_0_0_0_0_0_0_0_0_0_0_0_0_0_0_0_0 = 5.95304e-10
DD_0_0_l_0_0_0_0_0_0_0_0_0_0_0_0_0_0_0_0_0_0_0 = 5.5657e-10
DD_0_0_l_0_0_0_0_0_0_0_0_0_0_0_0_0_0_0_0_0_0_0_0 = 5.12011e-10
Dr_0_0 = 3.71104e-09
Dr_0_0_l_0 = 3.85422e-09
Dr_0_0_l_0_0 = 3.68092e-09
Dr_0_0_l_0_0_0 = 3.47512e-09
Dr_0_0_l_0_0_0_0 = 3.2536e-09
Dr_0_0_l_0_0_0_0_0 = 3.04718e-09
Dr_0_0_l_0_0_0_0_0_0 = 2.85223e-09
Dr_0_0_l_0_0_0_0_0_0_0 = 2.67562e-09
Dr_0_0_l_0_0_0_0_0_0_0_0 = 2.51309e-09
Dr_0_0_l_0_0_0_0_0_0_0_0_0 = 2.36599e-09
Dr_0_0_l_0_0_0_0_0_0_0_0_0_0 = 2.23108e-09
Dr_0_0_l_0_0_0_0_0_0_0_0_0_0_0 = 2.1087e-09
Dr_0_0_l_0_0_0_0_0_0_0_0_0_0_0_0 = 1.99604e-09
Dr_0_0_l_0_0_0_0_0_0_0_0_0_0_0_0_0 = 1.89346e-09
Dr_0_0_l_0_0_0_0_0_0_0_0_0_0_0_0_0_0 = 1.79858e-09
Dr_0_0_l_0_0_0_0_0_0_0_0_0_0_0_0_0_0_0 = 1.71178e-09
Dr_0_0_l_0_0_0_0_0_0_0_0_0_0_0_0_0_0_0_0 = 1.63111e-09
Dr_0_0_l_0_0_0_0_0_0_0_0_0_0_0_0_0_0_0_0_0 = 1.5571e-09
Dr_0_0_l_0_0_0_0_0_0_0_0_0_0_0_0_0_0_0_0_0_0 = 1.48738e-09
Dr_0_0_l_0_0_0_0_0_0_0_0_0_0_0_0_0_0_0_0_0_0_0 = 1.42587e-09
Dr_0_0_l_0_0_0_0_0_0_0_0_0_0_0_0_0_0_0_0_0_0_0_0 = 1.35565e-09
Dr_0_0_l_0_0_0_0_0_0_0_0_0_0_0_0_0_0_0_0_0_0_0_0_0 = 1.29839e-09
Hl_0_0 = 0.000199909
Hl_0_0_l_0 = 0.000160018
Hl_0_0_l_0_0 = 0.000135961
Hl_0_0_l_0_0_0 = 0.00011842
Hl_0_0_l_0_0_0_0 = 0.00010524
Hl_0_0_l_0_0_0_0_0 = 9.4752e-05
Hl_0_0_l_0_0_0_0_0_0 = 8.62749e-05
Hl_0_0_l_0_0_0_0_0_0_0 = 7.92034e-05
Hl_0_0_l_0_0_0_0_0_0_0_0 = 7.32507e-05
Hl_0_0_l_0_0_0_0_0_0_0_0_0 = 6.81329e-05
Hl_0_0_l_0_0_0_0_0_0_0_0_0_0 = 6.37081e-05
Hl_0_0_l_0_0_0_0_0_0_0_0_0_0_0 = 5.98222e-05
Hl_0_0_l_0_0_0_0_0_0_0_0_0_0_0_0 = 5.63976e-05
Hl_0_0_l_0_0_0_0_0_0_0_0_0_0_0_0_0 = 5.33421e-05
Hl_0_0_l_0_0_0_0_0_0_0_0_0_0_0_0_0_0 = 5.06098e-05
Hl_0_0_l_0_0_0_0_0_0_0_0_0_0_0_0_0_0_0 = 4.81425e-05
Hl_0_0_l_0_0_0_0_0_0_0_0_0_0_0_0_0_0_0_0 = 4.59085e-05
Hl_0_0_l_0_0_0_0_0_0_0_0_0_0_0_0_0_0_0_0_0 = 4.38789e-05
Hl_0_0_l_0_0_0_0_0_0_0_0_0_0_0_0_0_0_0_0_0_0 = 4.19969e-05
Hl_0_0_l_0_0_0_0_0_0_0_0_0_0_0_0_0_0_0_0_0_0_0 = 4.03756e-05
Hl_0_0_l_0_0_0_0_0_0_0_0_0_0_0_0_0_0_0_0_0_0_0_0 = 3.84542e-05
Hr_0_0 = 0.000999971
I = 1
pi2_0_0_0_0 = 2.00567e-07
pi2_0_0_0_0_l_0 = 1.6051e-07
pi2_0_0_0_0_l_0_0 = 1.36337e-07
pi2_0_0_0_0_l_0_0_0 = 1.1872e-07
pi2_0_0_0_0_l_0_0_0_0 = 1.05483e-07
pi2_0_0_0_0_l_0_0_0_0_0 = 9.4953e-08
pi2_0_0_0_0_l_0_0_0_0_0_0 = 8.64433e-08
pi2_0_0_0_0_l_0_0_0_0_0_0_0 = 7.93465e-08
pi2_0_0_0_0_l_0_0_0_0_0_0_0_0 = 7.33734e-08
pi2_0_0_0_0_l_0_0_0_0_0_0_0_0_0 = 6.82392e-08
pi2_0_0_0_0_l_0_0_0_0_0_0_0_0_0_0 = 6.38008e-08
pi2_0_0_0_0_l_0_0_0_0_0_0_0_0_0_0_0 = 5.99038e-08
pi2_0_0_0_0_l_0_0_0_0_0_0_0_0_0_0_0_0 = 5.64696e-08
pi2_0_0_0_0_l_0_0_0_0_0_0_0_0_0_0_0_0_0 = 5.34063e-08
pi2_0_0_0_0_l_0_0_0_0_0_0_0_0_0_0_0_0_0_0 = 5.0667e-08
pi2_0_0_0_0_l_0_0_0_0_0_0_0_0_0_0_0_0_0_0_0 = 4.81939e-08
pi2_0_0_0_0_l_0_0_0_0_0_0_0_0_0_0_0_0_0_0_0_0 = 4.59548e-08
pi2_0_0_0_0_l_0_0_0_0_0_0_0_0_0_0_0_0_0_0_0_0_0 = 4.39207e-08
pi2_0_0_0_0_l_0_0_0_0_0_0_0_0_0_0_0_0_0_0_0_0_0_0 = 4.2035e-08
pi2_0_0_0_0_l_0_0_0_0_0_0_0_0_0_0_0_0_0_0_0_0_0_0_0 = 4.04099e-08
pi2_0_0_0_0_l_0_0_0_0_0_0_0_0_0_0_0_0_0_0_0_0_0_0_0_0 = 3.84854e-08
