DD_0_0 = 4.35209e-10
DD_0_0_l_0 = 4.04693e-10
DD_0_0_l_0_0 = 3.55589e-10
DD_0_0_l_0_0_0 = 3.30691e-10
DD_0_0_l_0_0_0_0 = 2.96265e-10
DD_0_0_l_0_0_0_0_0 = 2.79011e-10
DD_0_0_l_0_0_0_0_0_0 = 2.52287e-10
DD_0_0_l_0_0_0_0_0_0_0 = 2.40873e-10
DD_0_0_l_0_0_0_0_0_0_0_0 = 2.18191e-10
DD_0_0_l_0_0_0_0_0_0_0_0_0 = 2.11947e-10
DD_0_0_l_0_0_0_0_0_0_0_0_0_0 = 1.90374e-10
Dr_0_0 = 7.62077e-11
Dr_0_0_l_0 = 8.46895e-11
Dr_0_0_l_0_0 = 8.74955e-11
Dr_0_0_l_0_0_0 = 9.04972e-11
Dr_0_0_l_0_0_0_0 = 9.18867e-11
Dr_0_0_l_0_0_0_0_0 = 9.28251e-11
Dr_0_0_l_0_0_0_0_0_0 = 9.35307e-11
Dr_0_0_l_0_0_0_0_0_0_0 = 9.32136e-11
Dr_0_0_l_0_0_0_0_0_0_0_0 = 9.38439e-11
Dr_0_0_l_0_0_0_0_0_0_0_0_0 = 9.21093e-11
Dr_0_0_l_0_0_0_0_0_0_0_0_0_0 = 9.44112e-11
Dr_0_0_l_0_0_0_0_0_0_0_0_0_0_0 = 9.15233e-11
Hl_0_0 = 9.63273e-05
Hl_0_0_l_0 = 9.03672e-05
Hl_0_0_l_0_0 = 8.07018e-05
Hl_0_0_l_0_0_0 = 7.57883e-05
Hl_0_0_l_0_0_0_0 = 6.89482e-05
Hl_0_0_l_0_0_0_0_0 = 6.55232e-05
Hl_0_0_l_0_0_0_0_0_0 = 6.01577e-05
Hl_0_0_l_0_0_0_0_0_0_0 = 5.7885e-05
Hl_0_0_l_0_0_0_0_0_0_0_0 = 5.32782e-05
Hl_0_0_l_0_0_0_0_0_0_0_0_0 = 5.20432e-05
Hl_0_0_l_0_0_0_0_0_0_0_0_0_0 = 4.76151e-05
Hr_0_0 = 0.000999989
I = 1
pi2_0_0_0_0 = 9.63356e-08
pi2_0_0_0_0_l_0 = 9.03745e-08
pi2_0_0_0_0_l_0_0 = 8.07081e-08
pi2_0_0_0_0_l_0_0_0 = 7.57943e-08
pi2_0_0_0_0_l_0_0_0_0 = 6.89534e-08
pi2_0_0_0_0_l_0_0_0_0_0 = 6.55281e-08
pi2_0_0_0_0_l_0_0_0_0_0_0 = 6.0162e-08
pi2_0_0_0_0_l_0_0_0_0_0_0_0 = 5.78893e-08
pi2_0_0_0_0_l_0_0_0_0_0_0_0_0 = 5.32818e-08
pi2_0_0_0_0_l_0_0_0_0_0_0_0_0_0 = 5.20468e-08
pi2_0_0_0_0_l_0_0_0_0_0_0_0_0_0_0 = 4.76183e-08
