DD_0_0 = 8.16631e-10
DD_0_0_l_0 = 7.74809e-10
DD_0_0_l_0_0 = 5.71986e-10
Dr_0_0 = 7.44638e-11
Dr_0_0_l_0 = 9.77719e-11
Dr_0_0_l_0_0 = 1.22801e-10
Dr_0_0_l_0_0_0 = 1.10675e-10
Hl_0_0 = 0.000173386
Hl_0_0_l_0 = 0.000165322
Hl_0_0_l_0_0 = 0.000124998
Hr_0_0 = 0.00099999
I = 1
pi2_0_0_0_0 = 1.73402e-07
pi2_0_0_0_0_l_0 = 1.65343e-07
pi2_0_0_0_0_l_0_0 = 1.2501e-07
