DD_0_0 = 9.90047e-10
DD_0_0_l_0 = 7.38853e-10
DD_0_0_l_0_0 = 6.43037e-10
DD_0_0_l_0_0_0 = 5.27575e-10
DD_0_0_l_0_0_0_0 = 4.8796e-10
DD_0_0_l_0_0_0_0_0 = 4.03006e-10
Dr_0_0 = 9.10634e-11
Dr_0_0_l_0 = 1.0231e-10
Dr_0_0_l_0_0 = 1.09202e-10
Dr_0_0_l_0_0_0 = 1.13233e-10
Dr_0_0_l_0_0_0_0 = 1.13291e-10
Dr_0_0_l_0_0_0_0_0 = 1.22165e-10
Dr_0_0_l_0_0_0_0_0_0 = 1.14745e-10
Hl_0_0 = 0.000208224
Hl_0_0_l_0 = 0.000158355
Hl_0_0_l_0_0 = 0.000139397
Hl_0_0_l_0_0_0 = 0.000116358
Hl_0_0_l_0_0_0_0 = 0.000108553
Hl_0_0_l_0_0_0_0_0 = 9.1439e-05
Hr_0_0 = 0.00099999
I = 1
pi2_0_0_0_0 = 2.08241e-07
pi2_0_0_0_0_l_0 = 1.58368e-07
pi2_0_0_0_0_l_0_0 = 1.3941e-07
pi2_0_0_0_0_l_0_0_0 = 1.16367e-07
pi2_0_0_0_0_l_0_0_0_0 = 1.08563e-07
pi2_0_0_0_0_l_0_0_0_0_0 = 9.1447e-08
