DD_0_0 = 5.74859e-09
DD_0_0_l_0 = 4.59487e-09
DD_0_0_l_0_0 = 3.79483e-09
DD_0_0_l_0_0_0 = 3.191e-09
DD_0_0_l_0_0_0_0 = 2.73104e-09
DD_0_0_l_0_0_0_0_0 = 2.36312e-09
DD_0_0_l_0_0_0_0_0_0 = 2.0699e-09
DD_0_0_l_0_0_0_0_0_0_0 = 1.82663e-09
DD_0_0_l_0_0_0_0_0_0_0_0 = 1.62655e-09
DD_0_0_l_0_0_0_0_0_0_0_0_0 = 1.45688e-09
DD_0_0_l_0_0_0_0_0_0_0_0_0_0 = 1.31335e-09
DD_0_0_l_0_0_0_0_0_0_0_0_0_0_0 = 1.19028e-09
DD_0_0_l_0_0_0_0_0_0_0_0_0_0_0_0 = 1.08336e-09
DD_0_0_l_0_0_0_0_0_0_0_0_0_0_0_0_0 = 9.91328e-10
DD_0_0_l_0_0_0_0_0_0_0_0_0_0_0_0_0_0 = 9.09164e-10
DD_0_0_l_0_0_0_0_0_0_0_0_0_0_0_0_0_0_0 = 8.38928e-10
DD_0_0_l_0_0_0_0_0_0_0_0_0_0_0_0_0_0_0_0 = 7.73549e-10
DD_0_0_l_0_0_0_0_0_0_0_0_0_0_0_0_0_0_0_0_0 = 7.20219e-10
DD_0_0_l_0_0_0_0_0_0_0_0_0_0_0_0_0_0_0_0_0_0 = 6.64472e-10
DD_0_0_l_0_0_0_0_0_0_0_0_0_0_0_0_0_0_0_0_0_0_0 = 6.28708e-10
DD_0_0_l_0_0_0_0_0_0_0_0_0_0_0_0_0_0_0_0_0_0_0_0 = 5.694e-10
Dr_0_0 = 9.45171e-09
Dr_0_0_l_0 = 8.66063e-09
Dr_0_0_l_0_0 = 7.92232e-09
Dr_0_0_l_0_0_0 = 7.26594e-09
Dr_0_0_l_0_0_0_0 = 6.67889e-09
Dr_0_0_l_0_0_0_0_0 = 6.16565e-09
Dr_0_0_l_0_0_0_0_0_0 = 5.7056e-09
Dr_0_0_l_0_0_0_0_0_0_0 = 5.30196e-09
Dr_0_0_l_0_0_0_0_0_0_0_0 = 4.93737e-09
Dr_0_0_l_0_0_0_0_0_0_0_0_0 = 4.61489e-09
Dr_0_0_l_0_0_0_0_0_0_0_0_0_0 = 4.3216e-09
Dr_0_0_l_0_0_0_0_0_0_0_0_0_0_0 = 4.05975e-09
Dr_0_0_l_0_0_0_0_0_0_0_0_0_0_0_0 = 3.82017e-09
Dr_0_0_l_0_0_0_0_0_0_0_0_0_0_0_0_0 = 3.60461e-09
Dr_0_0_l_0_0_0_0_0_0_0_0_0_0_0_0_0_0 = 3.40574e-09
Dr_0_0_l_0_0_0_0_0_0_0_0_0_0_0_0_0_0_0 = 3.2268e-09
Dr_0_0_l_0_0_0_0_0_0_0_0_0_0_0_0_0_0_0_0 = 3.05805e-09
Dr_0_0_l_0_0_0_0_0_0_0_0_0_0_0_0_0_0_0_0_0 = 2.91097e-09
Dr_0_0_l_0_0_0_0_0_0_0_0_0_0_0_0_0_0_0_0_0_0 = 2.75975e-09
Dr_0_0_l_0_0_0_0_0_0_0_0_0_0_0_0_0_0_0_0_0_0_0 = 2.65134e-09
Dr_0_0_l_0_0_0_0_0_0_0_0_0_0_0_0_0_0_0_0_0_0_0_0 = 2.48502e-09
Dr_0_0_l_0_0_0_0_0_0_0_0_0_0_0_0_0_0_0_0_0_0_0_0_0 = 2.37013e-09
Hl_0_0 = 9.99876e-05
Hl_0_0_l_0 = 9.00011e-05
Hl_0_0_l_0_0 = 8.19951e-05
Hl_0_0_l_0_0_0 = 7.54003e-05
Hl_0_0_l_0_0_0_0 = 6.98355e-05
Hl_0_0_l_0_0_0_0_0 = 6.50795e-05
Hl_0_0_l_0_0_0_0_0_0 = 6.09469e-05
Hl_0_0_l_0_0_0_0_0_0_0 = 5.73326e-05
Hl_0_0_l_0_0_0_0_0_0_0_0 = 5.4127e-05
Hl_0_0_l_0_0_0_0_0_0_0_0_0 = 5.12792e-05
Hl_0_0_l_0_0_0_0_0_0_0_0_0_0 = 4.87122e-05
Hl_0_0_l_0_0_0_0_0_0_0_0_0_0_0 = 4.64081e-05
Hl_0_0_l_0_0_0_0_0_0_0_0_0_0_0_0 = 4.42998e-05
Hl_0_0_l_0_0_0_0_0_0_0_0_0_0_0_0_0 = 4.23997e-05
Hl_0_0_l_0_0_0_0_0_0_0_0_0_0_0_0_0_0 = 4.0628e-05
Hl_0_0_l_0_0_0_0_0_0_0_0_0_0_0_0_0_0_0 = 3.90454e-05
Hl_0_0_l_0_0_0_0_0_0_0_0_0_0_0_0_0_0_0_0 = 3.75129e-05
Hl_0_0_l_0_0_0_0_0_0_0_0_0_0_0_0_0_0_0_0_0 = 3.62133e-05
Hl_0_0_l_0_0_0_0_0_0_0_0_0_0_0_0_0_0_0_0_0_0 = 3.47995e-05
Hl_0_0_l_0_0_0_0_0_0_0_0_0_0_0_0_0_0_0_0_0_0_0 = 3.38643e-05
Hl_0_0_l_0_0_0_0_0_0_0_0_0_0_0_0_0_0_0_0_0_0_0_0 = 3.22524e-05
Hr_0_0 = 0.000999895
I = 1
pi2_0_0_0_0 = 1.00487e-07
pi2_0_0_0_0_l_0 = 9.03736e-08
pi2_0_0_0_0_l_0_0 = 8.22987e-08
pi2_0_0_0_0_l_0_0_0 = 7.5638e-08
pi2_0_0_0_0_l_0_0_0_0 = 7.00348e-08
pi2_0_0_0_0_l_0_0_0_0_0 = 6.52401e-08
pi2_0_0_0_0_l_0_0_0_0_0_0 = 6.10839e-08
pi2_0_0_0_0_l_0_0_0_0_0_0_0 = 5.74456e-08
pi2_0_0_0_0_l_0_0_0_0_0_0_0_0 = 5.42244e-08
pi2_0_0_0_0_l_0_0_0_0_0_0_0_0_0 = 5.1361e-08
pi2_0_0_0_0_l_0_0_0_0_0_0_0_0_0_0 = 4.87831e-08
pi2_0_0_0_0_l_0_0_0_0_0_0_0_0_0_0_0 = 4.64685e-08
pi2_0_0_0_0_l_0_0_0_0_0_0_0_0_0_0_0_0 = 4.43526e-08
pi2_0_0_0_0_l_0_0_0_0_0_0_0_0_0_0_0_0_0 = 4.2445e-08
pi2_0_0_0_0_l_0_0_0_0_0_0_0_0_0_0_0_0_0_0 = 4.06679e-08
pi2_0_0_0_0_l_0_0_0_0_0_0_0_0_0_0_0_0_0_0_0 = 3.90795e-08
pi2_0_0_0_0_l_0_0_0_0_0_0_0_0_0_0_0_0_0_0_0_0 = 3.75437e-08
pi2_0_0_0_0_l_0_0_0_0_0_0_0_0_0_0_0_0_0_0_0_0_0 = 3.62388e-08
pi2_0_0_0_0_l_0_0_0_0_0_0_0_0_0_0_0_0_0_0_0_0_0_0 = 3.48239e-08
pi2_0_0_0_0_l_0_0_0_0_0_0_0_0_0_0_0_0_0_0_0_0_0_0_0 = 3.38829e-08
pi2_0_0_0_0_l_0_0_0_0_0_0_0_0_0_0_0_0_0_0_0_0_0_0_0_0 = 3.22697e-08
