DD_0_0 = -1.61917e-11
DD_0_0_l_0 = 4.64305e-11
DD_0_0_l_0_0 = 3.52721e-11
DD_0_0_l_0_0_0 = 4.59737e-11
DD_0_0_l_0_0_0_0 = 4.10901e-11
DD_0_0_l_0_0_0_0_0 = 4.47379e-11
DD_0_0_l_0_0_0_0_0_0 = 4.19039e-11
DD_0_0_l_0_0_0_0_0_0_0 = 4.33254e-11
DD_0_0_l_0_0_0_0_0_0_0_0 = 4.14159e-11
DD_0_0_l_0_0_0_0_0_0_0_0_0 = 4.1887e-11
DD_0_0_l_0_0_0_0_0_0_0_0_0_0 = 4.04782e-11
Dr_0_0 = -1.96189e-10
Dr_0_0_l_0 = -2.64957e-11
Dr_0_0_l_0_0 = -3.04034e-12
Dr_0_0_l_0_0_0 = 2.30184e-11
Dr_0_0_l_0_0_0_0 = 3.52205e-11
Dr_0_0_l_0_0_0_0_0 = 4.31293e-11
Dr_0_0_l_0_0_0_0_0_0 = 5.08884e-11
Dr_0_0_l_0_0_0_0_0_0_0 = 5.34821e-11
Dr_0_0_l_0_0_0_0_0_0_0_0 = 5.89342e-11
Dr_0_0_l_0_0_0_0_0_0_0_0_0 = 5.94294e-11
Dr_0_0_l_0_0_0_0_0_0_0_0_0_0 = 6.34978e-11
Dr_0_0_l_0_0_0_0_0_0_0_0_0_0_0 = 6.58432e-11
Hl_0_0 = 9.19175e-06
Hl_0_0_l_0 = 9.90808e-06
Hl_0_0_l_0_0 = 9.53242e-06
Hl_0_0_l_0_0_0 = 9.71401e-06
Hl_0_0_l_0_0_0_0 = 9.44976e-06
Hl_0_0_l_0_0_0_0_0 = 9.52747e-06
Hl_0_0_l_0_0_0_0_0_0 = 9.31283e-06
Hl_0_0_l_0_0_0_0_0_0_0 = 9.34802e-06
Hl_0_0_l_0_0_0_0_0_0_0_0 = 9.16224e-06
Hl_0_0_l_0_0_0_0_0_0_0_0_0 = 9.17526e-06
Hl_0_0_l_0_0_0_0_0_0_0_0_0_0 = 9.00883e-06
Hr_0_0 = 0.00100001
I = 1
pi2_0_0_0_0 = 9.26354e-09
pi2_0_0_0_0_l_0 = 9.95466e-09
pi2_0_0_0_0_l_0_0 = 9.56397e-09
pi2_0_0_0_0_l_0_0_0 = 9.7417e-09
pi2_0_0_0_0_l_0_0_0_0 = 9.47041e-09
pi2_0_0_0_0_l_0_0_0_0_0 = 9.54704e-09
pi2_0_0_0_0_l_0_0_0_0_0_0 = 9.32813e-09
pi2_0_0_0_0_l_0_0_0_0_0_0_0 = 9.36307e-09
pi2_0_0_0_0_l_0_0_0_0_0_0_0_0 = 9.17434e-09
pi2_0_0_0_0_l_0_0_0_0_0_0_0_0_0 = 9.18744e-09
pi2_0_0_0_0_l_0_0_0_0_0_0_0_0_0_0 = 9.01891e-09
