DD_0_0 = -1.04232e-10
DD_0_0_l_0 = 4.59481e-11
DD_0_0_l_0_0 = 1.7376e-11
DD_0_0_l_0_0_0 = 4.57289e-11
DD_0_0_l_0_0_0_0 = 3.33057e-11
DD_0_0_l_0_0_0_0_0 = 4.45865e-11
DD_0_0_l_0_0_0_0_0_0 = 3.752e-11
DD_0_0_l_0_0_0_0_0_0_0 = 4.32233e-11
DD_0_0_l_0_0_0_0_0_0_0_0 = 3.8591e-11
DD_0_0_l_0_0_0_0_0_0_0_0_0 = 4.18141e-11
DD_0_0_l_0_0_0_0_0_0_0_0_0_0 = 3.85e-11
DD_0_0_l_0_0_0_0_0_0_0_0_0_0_0 = 4.04201e-11
DD_0_0_l_0_0_0_0_0_0_0_0_0_0_0_0 = 3.79056e-11
DD_0_0_l_0_0_0_0_0_0_0_0_0_0_0_0_0 = 3.90658e-11
DD_0_0_l_0_0_0_0_0_0_0_0_0_0_0_0_0_0 = 3.70772e-11
DD_0_0_l_0_0_0_0_0_0_0_0_0_0_0_0_0_0_0 = 3.77611e-11
DD_0_0_l_0_0_0_0_0_0_0_0_0_0_0_0_0_0_0_0 = 3.61402e-11
DD_0_0_l_0_0_0_0_0_0_0_0_0_0_0_0_0_0_0_0_0 = 3.65095e-11
DD_0_0_l_0_0_0_0_0_0_0_0_0_0_0_0_0_0_0_0_0_0 = 3.51587e-11
DD_0_0_l_0_0_0_0_0_0_0_0_0_0_0_0_0_0_0_0_0_0_0 = 3.53114e-11
DD_0_0_l_0_0_0_0_0_0_0_0_0_0_0_0_0_0_0_0_0_0_0_0 = 3.41671e-11
Dr_0_0 = -6.62749e-10
Dr_0_0_l_0 = -1.88575e-10
Dr_0_0_l_0_0 = -1.56147e-10
Dr_0_0_l_0_0_0 = -7.21441e-11
Dr_0_0_l_0_0_0_0 = -5.5075e-11
Dr_0_0_l_0_0_0_0_0 = -2.34598e-11
Dr_0_0_l_0_0_0_0_0_0 = -1.24824e-11
Dr_0_0_l_0_0_0_0_0_0_0 = 2.70627e-12
Dr_0_0_l_0_0_0_0_0_0_0_0 = 1.05082e-11
Dr_0_0_l_0_0_0_0_0_0_0_0_0 = 1.86758e-11
Dr_0_0_l_0_0_0_0_0_0_0_0_0_0 = 2.45653e-11
Dr_0_0_l_0_0_0_0_0_0_0_0_0_0_0 = 2.9183e-11
Dr_0_0_l_0_0_0_0_0_0_0_0_0_0_0_0 = 3.38127e-11
Dr_0_0_l_0_0_0_0_0_0_0_0_0_0_0_0_0 = 3.64348e-11
Dr_0_0_l_0_0_0_0_0_0_0_0_0_0_0_0_0_0 = 4.01823e-11
Dr_0_0_l_0_0_0_0_0_0_0_0_0_0_0_0_0_0_0 = 4.15979e-11
Dr_0_0_l_0_0_0_0_0_0_0_0_0_0_0_0_0_0_0_0 = 4.46997e-11
Dr_0_0_l_0_0_0_0_0_0_0_0_0_0_0_0_0_0_0_0_0 = 4.53469e-11
Dr_0_0_l_0_0_0_0_0_0_0_0_0_0_0_0_0_0_0_0_0_0 = 4.79602e-11
Dr_0_0_l_0_0_0_0_0_0_0_0_0_0_0_0_0_0_0_0_0_0_0 = 4.80988e-11
Dr_0_0_l_0_0_0_0_0_0_0_0_0_0_0_0_0_0_0_0_0_0_0_0 = 5.03328e-11
Dr_0_0_l_0_0_0_0_0_0_0_0_0_0_0_0_0_0_0_0_0_0_0_0_0 = 5.17066e-11
Hl_0_0 = 8.84926e-06
Hl_0_0_l_0 = 9.91151e-06
Hl_0_0_l_0_0 = 9.41818e-06
Hl_0_0_l_0_0_0 = 9.71744e-06
Hl_0_0_l_0_0_0_0 = 9.38113e-06
Hl_0_0_l_0_0_0_0_0 = 9.5309e-06
Hl_0_0_l_0_0_0_0_0_0 = 9.26369e-06
Hl_0_0_l_0_0_0_0_0_0_0 = 9.35146e-06
Hl_0_0_l_0_0_0_0_0_0_0_0 = 9.12391e-06
Hl_0_0_l_0_0_0_0_0_0_0_0_0 = 9.17871e-06
Hl_0_0_l_0_0_0_0_0_0_0_0_0_0 = 8.97735e-06
Hl_0_0_l_0_0_0_0_0_0_0_0_0_0_0 = 9.01229e-06
Hl_0_0_l_0_0_0_0_0_0_0_0_0_0_0_0 = 8.82977e-06
Hl_0_0_l_0_0_0_0_0_0_0_0_0_0_0_0_0 = 8.85186e-06
Hl_0_0_l_0_0_0_0_0_0_0_0_0_0_0_0_0_0 = 8.68371e-06
Hl_0_0_l_0_0_0_0_0_0_0_0_0_0_0_0_0_0_0 = 8.69709e-06
Hl_0_0_l_0_0_0_0_0_0_0_0_0_0_0_0_0_0_0_0 = 8.54037e-06
Hl_0_0_l_0_0_0_0_0_0_0_0_0_0_0_0_0_0_0_0_0 = 8.54769e-06
Hl_0_0_l_0_0_0_0_0_0_0_0_0_0_0_0_0_0_0_0_0_0 = 8.40035e-06
Hl_0_0_l_0_0_0_0_0_0_0_0_0_0_0_0_0_0_0_0_0_0_0 = 8.40338e-06
Hl_0_0_l_0_0_0_0_0_0_0_0_0_0_0_0_0_0_0_0_0_0_0_0 = 8.26392e-06
Hr_0_0 = 0.00100006
I = 1
pi2_0_0_0_0 = 9.06484e-09
pi2_0_0_0_0_l_0 = 1.00324e-08
pi2_0_0_0_0_l_0_0 = 9.50718e-09
pi2_0_0_0_0_l_0_0_0 = 9.78894e-09
pi2_0_0_0_0_l_0_0_0_0 = 9.43827e-09
pi2_0_0_0_0_l_0_0_0_0_0 = 9.58125e-09
pi2_0_0_0_0_l_0_0_0_0_0_0 = 9.30565e-09
pi2_0_0_0_0_l_0_0_0_0_0_0_0 = 9.39007e-09
pi2_0_0_0_0_l_0_0_0_0_0_0_0_0 = 9.15691e-09
pi2_0_0_0_0_l_0_0_0_0_0_0_0_0_0 = 9.20987e-09
pi2_0_0_0_0_l_0_0_0_0_0_0_0_0_0_0 = 9.00442e-09
pi2_0_0_0_0_l_0_0_0_0_0_0_0_0_0_0_0 = 9.03831e-09
pi2_0_0_0_0_l_0_0_0_0_0_0_0_0_0_0_0_0 = 8.85263e-09
pi2_0_0_0_0_l_0_0_0_0_0_0_0_0_0_0_0_0_0 = 8.87411e-09
pi2_0_0_0_0_l_0_0_0_0_0_0_0_0_0_0_0_0_0_0 = 8.70342e-09
pi2_0_0_0_0_l_0_0_0_0_0_0_0_0_0_0_0_0_0_0_0 = 8.71647e-09
pi2_0_0_0_0_l_0_0_0_0_0_0_0_0_0_0_0_0_0_0_0_0 = 8.55764e-09
pi2_0_0_0_0_l_0_0_0_0_0_0_0_0_0_0_0_0_0_0_0_0_0 = 8.56481e-09
pi2_0_0_0_0_l_0_0_0_0_0_0_0_0_0_0_0_0_0_0_0_0_0_0 = 8.41567e-09
pi2_0_0_0_0_l_0_0_0_0_0_0_0_0_0_0_0_0_0_0_0_0_0_0_0 = 8.41869e-09
pi2_0_0_0_0_l_0_0_0_0_0_0_0_0_0_0_0_0_0_0_0_0_0_0_0_0 = 8.27769e-09
