DD_0_0 = 8.81914e-11
DD_0_0_l_0 = 5.21127e-11
DD_0_0_l_0_0 = 5.6291e-11
DD_0_0_l_0_0_0 = 4.91129e-11
DD_0_0_l_0_0_0_0 = 5.01015e-11
DD_0_0_l_0_0_0_0_0 = 4.6865e-11
Dr_0_0 = 2.85024e-10
Dr_0_0_l_0 = 1.67829e-10
Dr_0_0_l_0_0 = 1.61245e-10
Dr_0_0_l_0_0_0 = 1.3726e-10
Dr_0_0_l_0_0_0_0 = 1.3416e-10
Dr_0_0_l_0_0_0_0_0 = 1.23144e-10
Dr_0_0_l_0_0_0_0_0_0 = 1.15003e-10
Hl_0_0 = 1.05903e-05
Hl_0_0_l_0 = 9.8941e-06
Hl_0_0_l_0_0 = 9.99887e-06
Hl_0_0_l_0_0_0 = 9.70002e-06
Hl_0_0_l_0_0_0_0 = 9.73003e-06
Hl_0_0_l_0_0_0_0_0 = 9.51346e-06
Hr_0_0 = 0.000999961
I = 1
pi2_0_0_0_0 = 1.0519e-08
pi2_0_0_0_0_l_0 = 9.86577e-09
pi2_0_0_0_0_l_0_0 = 9.9711e-09
pi2_0_0_0_0_l_0_0_0 = 9.68337e-09
pi2_0_0_0_0_l_0_0_0_0 = 9.71252e-09
pi2_0_0_0_0_l_0_0_0_0_0 = 9.50129e-09
