DD_0_0 = 4.21661e-11
DD_0_0_l_0 = 4.83889e-11
DD_0_0_l_0_0 = 4.70605e-11
Dr_0_0 = 7.58833e-11
Dr_0_0_l_0 = 8.20554e-11
Dr_0_0_l_0_0 = 8.81994e-11
Dr_0_0_l_0_0_0 = 8.95101e-11
Hl_0_0 = 9.72036e-06
Hl_0_0_l_0 = 9.9028e-06
Hl_0_0_l_0_0 = 9.70872e-06
Hr_0_0 = 0.000999982
I = 1
pi2_0_0_0_0 = 9.72181e-09
pi2_0_0_0_0_l_0 = 9.90639e-09
pi2_0_0_0_0_l_0_0 = 9.7108e-09
