DD_0_0 = -1.0426e-10
DD_0_0_l_0 = 4.5958e-11
DD_0_0_l_0_0 = 1.73667e-11
DD_0_0_l_0_0_0 = 4.57313e-11
DD_0_0_l_0_0_0_0 = 3.32994e-11
DD_0_0_l_0_0_0_0_0 = 4.45869e-11
DD_0_0_l_0_0_0_0_0_0 = 3.7515e-11
DD_0_0_l_0_0_0_0_0_0_0 = 4.32218e-11
DD_0_0_l_0_0_0_0_0_0_0_0 = 3.85868e-11
DD_0_0_l_0_0_0_0_0_0_0_0_0 = 4.18119e-11
DD_0_0_l_0_0_0_0_0_0_0_0_0_0 = 3.8496e-11
DD_0_0_l_0_0_0_0_0_0_0_0_0_0_0 = 4.04178e-11
DD_0_0_l_0_0_0_0_0_0_0_0_0_0_0_0 = 3.7902e-11
DD_0_0_l_0_0_0_0_0_0_0_0_0_0_0_0_0 = 3.90635e-11
DD_0_0_l_0_0_0_0_0_0_0_0_0_0_0_0_0_0 = 3.70737e-11
DD_0_0_l_0_0_0_0_0_0_0_0_0_0_0_0_0_0_0 = 3.77586e-11
DD_0_0_l_0_0_0_0_0_0_0_0_0_0_0_0_0_0_0_0 = 3.61372e-11
DD_0_0_l_0_0_0_0_0_0_0_0_0_0_0_0_0_0_0_0_0 = 3.65067e-11
DD_0_0_l_0_0_0_0_0_0_0_0_0_0_0_0_0_0_0_0_0_0 = 3.51561e-11
DD_0_0_l_0_0_0_0_0_0_0_0_0_0_0_0_0_0_0_0_0_0_0 = 3.53085e-11
DD_0_0_l_0_0_0_0_0_0_0_0_0_0_0_0_0_0_0_0_0_0_0_0 = 3.41645e-11
Dr_0_0 = -6.62879e-10
Dr_0_0_l_0 = -1.88568e-10
Dr_0_0_l_0_0 = -1.56166e-10
Dr_0_0_l_0_0_0 = -7.21423e-11
Dr_0_0_l_0_0_0_0 = -5.50821e-11
Dr_0_0_l_0_0_0_0_0 = -2.34608e-11
Dr_0_0_l_0_0_0_0_0_0 = -1.24869e-11
Dr_0_0_l_0_0_0_0_0_0_0 = 2.7035e-12
Dr_0_0_l_0_0_0_0_0_0_0_0 = 1.05036e-11
Dr_0_0_l_0_0_0_0_0_0_0_0_0 = 1.86719e-11
Dr_0_0_l_0_0_0_0_0_0_0_0_0_0 = 2.45604e-11
Dr_0_0_l_0_0_0_0_0_0_0_0_0_0_0 = 2.91782e-11
Dr_0_0_l_0_0_0_0_0_0_0_0_0_0_0_0 = 3.38074e-11
Dr_0_0_l_0_0_0_0_0_0_0_0_0_0_0_0_0 = 3.64293e-11
Dr_0_0_l_0_0_0_0_0_0_0_0_0_0_0_0_0_0 = 4.01766e-11
Dr_0_0_l_0_0_0_0_0_0_0_0_0_0_0_0_0_0_0 = 4.15919e-11
Dr_0_0_l_0_0_0_0_0_0_0_0_0_0_0_0_0_0_0_0 = 4.46937e-11
Dr_0_0_l_0_0_0_0_0_0_0_0_0_0_0_0_0_0_0_0_0 = 4.53406e-11
Dr_0_0_l_0_0_0_0_0_0_0_0_0_0_0_0_0_0_0_0_0_0 = 4.79539e-11
Dr_0_0_l_0_0_0_0_0_0_0_0_0_0_0_0_0_0_0_0_0_0_0 = 4.80924e-11
Dr_0_0_l_0_0_0_0_0_0_0_0_0_0_0_0_0_0_0_0_0_0_0_0 = 5.03261e-11
Dr_0_0_l_0_0_0_0_0_0_0_0_0_0_0_0_0_0_0_0_0_0_0_0_0 = 5.16998e-11
Hl_0_0 = 8.84925e-06
Hl_0_0_l_0 = 9.91151e-06
Hl_0_0_l_0_0 = 9.41818e-06
Hl_0_0_l_0_0_0 = 9.71744e-06
Hl_0_0_l_0_0_0_0 = 9.38113e-06
Hl_0_0_l_0_0_0_0_0 = 9.5309e-06
Hl_0_0_l_0_0_0_0_0_0 = 9.26369e-06
Hl_0_0_l_0_0_0_0_0_0_0 = 9.35146e-06
Hl_0_0_l_0_0_0_0_0_0_0_0 = 9.12391e-06
Hl_0_0_l_0_0_0_0_0_0_0_0_0 = 9.17871e-06
Hl_0_0_l_0_0_0_0_0_0_0_0_0_0 = 8.97735e-06
Hl_0_0_l_0_0_0_0_0_0_0_0_0_0_0 = 9.01229e-06
Hl_0_0_l_0_0_0_0_0_0_0_0_0_0_0_0 = 8.82977e-06
Hl_0_0_l_0_0_0_0_0_0_0_0_0_0_0_0_0 = 8.85186e-06
Hl_0_0_l_0_0_0_0_0_0_0_0_0_0_0_0_0_0 = 8.68371e-06
Hl_0_0_l_0_0_0_0_0_0_0_0_0_0_0_0_0_0_0 = 8.69709e-06
Hl_0_0_l_0_0_0_0_0_0_0_0_0_0_0_0_0_0_0_0 = 8.54037e-06
Hl_0_0_l_0_0_0_0_0_0_0_0_0_0_0_0_0_0_0_0_0 = 8.54769e-06
Hl_0_0_l_0_0_0_0_0_0_0_0_0_0_0_0_0_0_0_0_0_0 = 8.40035e-06
Hl_0_0_l_0_0_0_0_0_0_0_0_0_0_0_0_0_0_0_0_0_0_0 = 8.40338e-06
Hl_0_0_l_0_0_0_0_0_0_0_0_0_0_0_0_0_0_0_0_0_0_0_0 = 8.26392e-06
Hr_0_0 = 0.00100006
I = 1
pi2_0_0_0_0 = 9.06486e-09
pi2_0_0_0_0_l_0 = 1.00324e-08
pi2_0_0_0_0_l_0_0 = 9.50718e-09
pi2_0_0_0_0_l_0_0_0 = 9.78896e-09
pi2_0_0_0_0_l_0_0_0_0 = 9.43827e-09
pi2_0_0_0_0_l_0_0_0_0_0 = 9.58126e-09
pi2_0_0_0_0_l_0_0_0_0_0_0 = 9.30565e-09
pi2_0_0_0_0_l_0_0_0_0_0_0_0 = 9.39008e-09
pi2_0_0_0_0_l_0_0_0_0_0_0_0_0 = 9.15691e-09
pi2_0_0_0_0_l_0_0_0_0_0_0_0_0_0 = 9.20988e-09
pi2_0_0_0_0_l_0_0_0_0_0_0_0_0_0_0 = 9.00442e-09
pi2_0_0_0_0_l_0_0_0_0_0_0_0_0_0_0_0 = 9.03831e-09
pi2_0_0_0_0_l_0_0_0_0_0_0_0_0_0_0_0_0 = 8.85263e-09
pi2_0_0_0_0_l_0_0_0_0_0_0_0_0_0_0_0_0_0 = 8.87411e-09
pi2_0_0_0_0_l_0_0_0_0_0_0_0_0_0_0_0_0_0_0 = 8.70342e-09
pi2_0_0_0_0_l_0_0_0_0_0_0_0_0_0_0_0_0_0_0_0 = 8.71647e-09
pi2_0_0_0_0_l_0_0_0_0_0_0_0_0_0_0_0_0_0_0_0_0 = 8.55764e-09
pi2_0_0_0_0_l_0_0_0_0_0_0_0_0_0_0_0_0_0_0_0_0_0 = 8.56482e-09
pi2_0_0_0_0_l_0_0_0_0_0_0_0_0_0_0_0_0_0_0_0_0_0_0 = 8.41567e-09
pi2_0_0_0_0_l_0_0_0_0_0_0_0_0_0_0_0_0_0_0_0_0_0_0_0 = 8.41869e-09
pi2_0_0_0_0_l_0_0_0_0_0_0_0_0_0_0_0_0_0_0_0_0_0_0_0_0 = 8.27769e-09
