DD_0_0 = 1.41297e-09
DD_0_0_l_0 = 4.245e-09
DD_0_0_l_0_0 = 3.01115e-09
Dr_0_0 = 3.1545e-10
Dr_0_0_l_0 = 2.73099e-09
Dr_0_0_l_0_0 = 5.22953e-09
Dr_0_0_l_0_0_0 = 4.94422e-09
Hl_0_0 = 8.56304e-05
Hl_0_0_l_0 = 9.14369e-05
Hl_0_0_l_0_0 = 7.69222e-05
Hr_0_0 = 0.000999987
I = 1
pi2_0_0_0_0 = 8.64318e-08
pi2_0_0_0_0_l_0 = 9.27757e-08
pi2_0_0_0_0_l_0_0 = 7.77118e-08
