DD_0_0 = -1.61692e-11
DD_0_0_l_0 = 4.64318e-11
DD_0_0_l_0_0 = 3.5273e-11
DD_0_0_l_0_0_0 = 4.59719e-11
DD_0_0_l_0_0_0_0 = 4.10883e-11
DD_0_0_l_0_0_0_0_0 = 4.47353e-11
DD_0_0_l_0_0_0_0_0_0 = 4.19014e-11
DD_0_0_l_0_0_0_0_0_0_0 = 4.33225e-11
DD_0_0_l_0_0_0_0_0_0_0_0 = 4.1413e-11
DD_0_0_l_0_0_0_0_0_0_0_0_0 = 4.1884e-11
DD_0_0_l_0_0_0_0_0_0_0_0_0_0 = 4.04752e-11
Dr_0_0 = -1.96081e-10
Dr_0_0_l_0 = -2.64362e-11
Dr_0_0_l_0_0 = -3.00207e-12
Dr_0_0_l_0_0_0 = 2.30482e-11
Dr_0_0_l_0_0_0_0 = 3.52406e-11
Dr_0_0_l_0_0_0_0_0 = 4.31466e-11
Dr_0_0_l_0_0_0_0_0_0 = 5.08997e-11
Dr_0_0_l_0_0_0_0_0_0_0 = 5.34925e-11
Dr_0_0_l_0_0_0_0_0_0_0_0 = 5.89404e-11
Dr_0_0_l_0_0_0_0_0_0_0_0_0 = 5.94354e-11
Dr_0_0_l_0_0_0_0_0_0_0_0_0_0 = 6.35007e-11
Dr_0_0_l_0_0_0_0_0_0_0_0_0_0_0 = 6.58441e-11
Hl_0_0 = 9.19175e-06
Hl_0_0_l_0 = 9.90808e-06
Hl_0_0_l_0_0 = 9.53242e-06
Hl_0_0_l_0_0_0 = 9.71401e-06
Hl_0_0_l_0_0_0_0 = 9.44976e-06
Hl_0_0_l_0_0_0_0_0 = 9.52747e-06
Hl_0_0_l_0_0_0_0_0_0 = 9.31283e-06
Hl_0_0_l_0_0_0_0_0_0_0 = 9.34802e-06
Hl_0_0_l_0_0_0_0_0_0_0_0 = 9.16224e-06
Hl_0_0_l_0_0_0_0_0_0_0_0_0 = 9.17526e-06
Hl_0_0_l_0_0_0_0_0_0_0_0_0_0 = 9.00883e-06
Hr_0_0 = 0.00100001
I = 1
pi2_0_0_0_0 = 9.26352e-09
pi2_0_0_0_0_l_0 = 9.95465e-09
pi2_0_0_0_0_l_0_0 = 9.56396e-09
pi2_0_0_0_0_l_0_0_0 = 9.74169e-09
pi2_0_0_0_0_l_0_0_0_0 = 9.47041e-09
pi2_0_0_0_0_l_0_0_0_0_0 = 9.54703e-09
pi2_0_0_0_0_l_0_0_0_0_0_0 = 9.32813e-09
pi2_0_0_0_0_l_0_0_0_0_0_0_0 = 9.36306e-09
pi2_0_0_0_0_l_0_0_0_0_0_0_0_0 = 9.17434e-09
pi2_0_0_0_0_l_0_0_0_0_0_0_0_0_0 = 9.18743e-09
pi2_0_0_0_0_l_0_0_0_0_0_0_0_0_0_0 = 9.01891e-09
