DD_0_0 = 5.70609e-09
DD_0_0_l_0 = 4.59313e-09
DD_0_0_l_0_0 = 3.7831e-09
DD_0_0_l_0_0_0 = 3.1896e-09
DD_0_0_l_0_0_0_0 = 2.72513e-09
DD_0_0_l_0_0_0_0_0 = 2.362e-09
DD_0_0_l_0_0_0_0_0_0 = 2.06639e-09
DD_0_0_l_0_0_0_0_0_0_0 = 1.82559e-09
DD_0_0_l_0_0_0_0_0_0_0_0 = 1.62448e-09
DD_0_0_l_0_0_0_0_0_0_0_0_0 = 1.45578e-09
DD_0_0_l_0_0_0_0_0_0_0_0_0_0 = 1.31217e-09
DD_0_0_l_0_0_0_0_0_0_0_0_0_0_0 = 1.18921e-09
DD_0_0_l_0_0_0_0_0_0_0_0_0_0_0_0 = 1.08265e-09
DD_0_0_l_0_0_0_0_0_0_0_0_0_0_0_0_0 = 9.90402e-10
DD_0_0_l_0_0_0_0_0_0_0_0_0_0_0_0_0_0 = 9.08653e-10
DD_0_0_l_0_0_0_0_0_0_0_0_0_0_0_0_0_0_0 = 8.3819e-10
DD_0_0_l_0_0_0_0_0_0_0_0_0_0_0_0_0_0_0_0 = 7.73133e-10
DD_0_0_l_0_0_0_0_0_0_0_0_0_0_0_0_0_0_0_0_0 = 7.19645e-10
DD_0_0_l_0_0_0_0_0_0_0_0_0_0_0_0_0_0_0_0_0_0 = 6.64114e-10
DD_0_0_l_0_0_0_0_0_0_0_0_0_0_0_0_0_0_0_0_0_0_0 = 6.28262e-10
DD_0_0_l_0_0_0_0_0_0_0_0_0_0_0_0_0_0_0_0_0_0_0_0 = 5.69078e-10
Dr_0_0 = 9.33408e-09
Dr_0_0_l_0 = 8.60208e-09
Dr_0_0_l_0_0 = 7.88454e-09
Dr_0_0_l_0_0_0 = 7.22946e-09
Dr_0_0_l_0_0_0_0 = 6.65734e-09
Dr_0_0_l_0_0_0_0_0 = 6.13976e-09
Dr_0_0_l_0_0_0_0_0_0 = 5.69047e-09
Dr_0_0_l_0_0_0_0_0_0_0 = 5.28291e-09
Dr_0_0_l_0_0_0_0_0_0_0_0 = 4.92523e-09
Dr_0_0_l_0_0_0_0_0_0_0_0_0 = 4.60067e-09
Dr_0_0_l_0_0_0_0_0_0_0_0_0_0 = 4.3112e-09
Dr_0_0_l_0_0_0_0_0_0_0_0_0_0_0 = 4.04884e-09
Dr_0_0_l_0_0_0_0_0_0_0_0_0_0_0_0 = 3.81114e-09
Dr_0_0_l_0_0_0_0_0_0_0_0_0_0_0_0_0 = 3.59591e-09
Dr_0_0_l_0_0_0_0_0_0_0_0_0_0_0_0_0_0 = 3.39792e-09
Dr_0_0_l_0_0_0_0_0_0_0_0_0_0_0_0_0_0_0 = 3.2196e-09
Dr_0_0_l_0_0_0_0_0_0_0_0_0_0_0_0_0_0_0_0 = 3.05128e-09
Dr_0_0_l_0_0_0_0_0_0_0_0_0_0_0_0_0_0_0_0_0 = 2.90483e-09
Dr_0_0_l_0_0_0_0_0_0_0_0_0_0_0_0_0_0_0_0_0_0 = 2.7539e-09
Dr_0_0_l_0_0_0_0_0_0_0_0_0_0_0_0_0_0_0_0_0_0_0 = 2.64597e-09
Dr_0_0_l_0_0_0_0_0_0_0_0_0_0_0_0_0_0_0_0_0_0_0_0 = 2.48001e-09
Dr_0_0_l_0_0_0_0_0_0_0_0_0_0_0_0_0_0_0_0_0_0_0_0_0 = 2.36551e-09
Hl_0_0 = 9.99876e-05
Hl_0_0_l_0 = 9.00011e-05
Hl_0_0_l_0_0 = 8.19951e-05
Hl_0_0_l_0_0_0 = 7.54003e-05
Hl_0_0_l_0_0_0_0 = 6.98355e-05
Hl_0_0_l_0_0_0_0_0 = 6.50795e-05
Hl_0_0_l_0_0_0_0_0_0 = 6.09469e-05
Hl_0_0_l_0_0_0_0_0_0_0 = 5.73326e-05
Hl_0_0_l_0_0_0_0_0_0_0_0 = 5.4127e-05
Hl_0_0_l_0_0_0_0_0_0_0_0_0 = 5.12792e-05
Hl_0_0_l_0_0_0_0_0_0_0_0_0_0 = 4.87122e-05
Hl_0_0_l_0_0_0_0_0_0_0_0_0_0_0 = 4.64081e-05
Hl_0_0_l_0_0_0_0_0_0_0_0_0_0_0_0 = 4.42998e-05
Hl_0_0_l_0_0_0_0_0_0_0_0_0_0_0_0_0 = 4.23997e-05
Hl_0_0_l_0_0_0_0_0_0_0_0_0_0_0_0_0_0 = 4.0628e-05
Hl_0_0_l_0_0_0_0_0_0_0_0_0_0_0_0_0_0_0 = 3.90454e-05
Hl_0_0_l_0_0_0_0_0_0_0_0_0_0_0_0_0_0_0_0 = 3.75129e-05
Hl_0_0_l_0_0_0_0_0_0_0_0_0_0_0_0_0_0_0_0_0 = 3.62133e-05
Hl_0_0_l_0_0_0_0_0_0_0_0_0_0_0_0_0_0_0_0_0_0 = 3.47995e-05
Hl_0_0_l_0_0_0_0_0_0_0_0_0_0_0_0_0_0_0_0_0_0_0 = 3.38643e-05
Hl_0_0_l_0_0_0_0_0_0_0_0_0_0_0_0_0_0_0_0_0_0_0_0 = 3.22524e-05
Hr_0_0 = 0.000999897
I = 1
pi2_0_0_0_0 = 1.00489e-07
pi2_0_0_0_0_l_0 = 9.03882e-08
pi2_0_0_0_0_l_0_0 = 8.22989e-08
pi2_0_0_0_0_l_0_0_0 = 7.56468e-08
pi2_0_0_0_0_l_0_0_0_0 = 7.00345e-08
pi2_0_0_0_0_l_0_0_0_0_0 = 6.52459e-08
pi2_0_0_0_0_l_0_0_0_0_0_0 = 6.1084e-08
pi2_0_0_0_0_l_0_0_0_0_0_0_0 = 5.74492e-08
pi2_0_0_0_0_l_0_0_0_0_0_0_0_0 = 5.4225e-08
pi2_0_0_0_0_l_0_0_0_0_0_0_0_0_0 = 5.13632e-08
pi2_0_0_0_0_l_0_0_0_0_0_0_0_0_0_0 = 4.87841e-08
pi2_0_0_0_0_l_0_0_0_0_0_0_0_0_0_0_0 = 4.64699e-08
pi2_0_0_0_0_l_0_0_0_0_0_0_0_0_0_0_0_0 = 4.43535e-08
pi2_0_0_0_0_l_0_0_0_0_0_0_0_0_0_0_0_0_0 = 4.2446e-08
pi2_0_0_0_0_l_0_0_0_0_0_0_0_0_0_0_0_0_0_0 = 4.06688e-08
pi2_0_0_0_0_l_0_0_0_0_0_0_0_0_0_0_0_0_0_0_0 = 3.90803e-08
pi2_0_0_0_0_l_0_0_0_0_0_0_0_0_0_0_0_0_0_0_0_0 = 3.75445e-08
pi2_0_0_0_0_l_0_0_0_0_0_0_0_0_0_0_0_0_0_0_0_0_0 = 3.62395e-08
pi2_0_0_0_0_l_0_0_0_0_0_0_0_0_0_0_0_0_0_0_0_0_0_0 = 3.48245e-08
pi2_0_0_0_0_l_0_0_0_0_0_0_0_0_0_0_0_0_0_0_0_0_0_0_0 = 3.38834e-08
pi2_0_0_0_0_l_0_0_0_0_0_0_0_0_0_0_0_0_0_0_0_0_0_0_0_0 = 3.22702e-08
