D^2   = 4.653254853612138e-11
Dz    = 1.2213426794885605e-10
pi(A) = 1.9816154004710163e-05
pi(B) = 0.0020000000000000126
pi2   = 9.856949000590435e-09
