DD_0_0 = -1.59344e-11
DD_0_0_l_0 = 4.64446e-11
DD_0_0_l_0_0 = 3.52873e-11
DD_0_0_l_0_0_0 = 4.5956e-11
DD_0_0_l_0_0_0_0 = 4.10719e-11
DD_0_0_l_0_0_0_0_0 = 4.47104e-11
DD_0_0_l_0_0_0_0_0_0 = 4.1876e-11
DD_0_0_l_0_0_0_0_0_0_0 = 4.32943e-11
DD_0_0_l_0_0_0_0_0_0_0_0 = 4.13844e-11
DD_0_0_l_0_0_0_0_0_0_0_0_0 = 4.18546e-11
DD_0_0_l_0_0_0_0_0_0_0_0_0_0 = 4.04456e-11
Dr_0_0 = -1.94958e-10
Dr_0_0_l_0 = -2.58258e-11
Dr_0_0_l_0_0 = -2.609e-12
Dr_0_0_l_0_0_0 = 2.33593e-11
Dr_0_0_l_0_0_0_0 = 3.54485e-11
Dr_0_0_l_0_0_0_0_0 = 4.33277e-11
Dr_0_0_l_0_0_0_0_0_0 = 5.1019e-11
Dr_0_0_l_0_0_0_0_0_0_0 = 5.36014e-11
Dr_0_0_l_0_0_0_0_0_0_0_0 = 5.90075e-11
Dr_0_0_l_0_0_0_0_0_0_0_0_0 = 5.94991e-11
Dr_0_0_l_0_0_0_0_0_0_0_0_0_0 = 6.35338e-11
Dr_0_0_l_0_0_0_0_0_0_0_0_0_0_0 = 6.58558e-11
Hl_0_0 = 9.19175e-06
Hl_0_0_l_0 = 9.90808e-06
Hl_0_0_l_0_0 = 9.53242e-06
Hl_0_0_l_0_0_0 = 9.71401e-06
Hl_0_0_l_0_0_0_0 = 9.44976e-06
Hl_0_0_l_0_0_0_0_0 = 9.52747e-06
Hl_0_0_l_0_0_0_0_0_0 = 9.31283e-06
Hl_0_0_l_0_0_0_0_0_0_0 = 9.34802e-06
Hl_0_0_l_0_0_0_0_0_0_0_0 = 9.16224e-06
Hl_0_0_l_0_0_0_0_0_0_0_0_0 = 9.17526e-06
Hl_0_0_l_0_0_0_0_0_0_0_0_0_0 = 9.00883e-06
Hr_0_0 = 0.00100001
I = 1
pi2_0_0_0_0 = 9.26332e-09
pi2_0_0_0_0_l_0 = 9.95447e-09
pi2_0_0_0_0_l_0_0 = 9.56385e-09
pi2_0_0_0_0_l_0_0_0 = 9.74158e-09
pi2_0_0_0_0_l_0_0_0_0 = 9.47033e-09
pi2_0_0_0_0_l_0_0_0_0_0 = 9.54695e-09
pi2_0_0_0_0_l_0_0_0_0_0_0 = 9.32807e-09
pi2_0_0_0_0_l_0_0_0_0_0_0_0 = 9.363e-09
pi2_0_0_0_0_l_0_0_0_0_0_0_0_0 = 9.17429e-09
pi2_0_0_0_0_l_0_0_0_0_0_0_0_0_0 = 9.18738e-09
pi2_0_0_0_0_l_0_0_0_0_0_0_0_0_0_0 = 9.01887e-09
