DD_0_0 = -1.03413e-10
DD_0_0_l_0 = 4.60444e-11
DD_0_0_l_0_0 = 1.75048e-11
DD_0_0_l_0_0_0 = 4.57496e-11
DD_0_0_l_0_0_0_0 = 3.33365e-11
DD_0_0_l_0_0_0_0_0 = 4.45821e-11
DD_0_0_l_0_0_0_0_0_0 = 3.75193e-11
DD_0_0_l_0_0_0_0_0_0_0 = 4.32068e-11
DD_0_0_l_0_0_0_0_0_0_0_0 = 3.85769e-11
DD_0_0_l_0_0_0_0_0_0_0_0_0 = 4.17923e-11
DD_0_0_l_0_0_0_0_0_0_0_0_0_0 = 3.84795e-11
DD_0_0_l_0_0_0_0_0_0_0_0_0_0_0 = 4.03957e-11
DD_0_0_l_0_0_0_0_0_0_0_0_0_0_0_0 = 3.7882e-11
DD_0_0_l_0_0_0_0_0_0_0_0_0_0_0_0_0 = 3.90401e-11
DD_0_0_l_0_0_0_0_0_0_0_0_0_0_0_0_0_0 = 3.70521e-11
DD_0_0_l_0_0_0_0_0_0_0_0_0_0_0_0_0_0_0 = 3.77349e-11
DD_0_0_l_0_0_0_0_0_0_0_0_0_0_0_0_0_0_0_0 = 3.61146e-11
DD_0_0_l_0_0_0_0_0_0_0_0_0_0_0_0_0_0_0_0_0 = 3.64832e-11
DD_0_0_l_0_0_0_0_0_0_0_0_0_0_0_0_0_0_0_0_0_0 = 3.5133e-11
DD_0_0_l_0_0_0_0_0_0_0_0_0_0_0_0_0_0_0_0_0_0_0 = 3.52854e-11
DD_0_0_l_0_0_0_0_0_0_0_0_0_0_0_0_0_0_0_0_0_0_0_0 = 3.41416e-11
Dr_0_0 = -6.5846e-10
Dr_0_0_l_0 = -1.86412e-10
Dr_0_0_l_0_0 = -1.54517e-10
Dr_0_0_l_0_0_0 = -7.08974e-11
Dr_0_0_l_0_0_0_0 = -5.40799e-11
Dr_0_0_l_0_0_0_0_0 = -2.26129e-11
Dr_0_0_l_0_0_0_0_0_0 = -1.1786e-11
Dr_0_0_l_0_0_0_0_0_0_0 = 3.32886e-12
Dr_0_0_l_0_0_0_0_0_0_0_0 = 1.10286e-11
Dr_0_0_l_0_0_0_0_0_0_0_0_0 = 1.91551e-11
Dr_0_0_l_0_0_0_0_0_0_0_0_0_0 = 2.497e-11
Dr_0_0_l_0_0_0_0_0_0_0_0_0_0_0 = 2.95632e-11
Dr_0_0_l_0_0_0_0_0_0_0_0_0_0_0_0 = 3.41355e-11
Dr_0_0_l_0_0_0_0_0_0_0_0_0_0_0_0_0 = 3.67428e-11
Dr_0_0_l_0_0_0_0_0_0_0_0_0_0_0_0_0_0 = 4.04443e-11
Dr_0_0_l_0_0_0_0_0_0_0_0_0_0_0_0_0_0_0 = 4.18511e-11
Dr_0_0_l_0_0_0_0_0_0_0_0_0_0_0_0_0_0_0_0 = 4.4915e-11
Dr_0_0_l_0_0_0_0_0_0_0_0_0_0_0_0_0_0_0_0_0 = 4.55574e-11
Dr_0_0_l_0_0_0_0_0_0_0_0_0_0_0_0_0_0_0_0_0_0 = 4.81386e-11
Dr_0_0_l_0_0_0_0_0_0_0_0_0_0_0_0_0_0_0_0_0_0_0 = 4.82752e-11
Dr_0_0_l_0_0_0_0_0_0_0_0_0_0_0_0_0_0_0_0_0_0_0_0 = 5.04814e-11
Dr_0_0_l_0_0_0_0_0_0_0_0_0_0_0_0_0_0_0_0_0_0_0_0_0 = 5.18352e-11
Hl_0_0 = 8.84925e-06
Hl_0_0_l_0 = 9.91151e-06
Hl_0_0_l_0_0 = 9.41818e-06
Hl_0_0_l_0_0_0 = 9.71744e-06
Hl_0_0_l_0_0_0_0 = 9.38113e-06
Hl_0_0_l_0_0_0_0_0 = 9.5309e-06
Hl_0_0_l_0_0_0_0_0_0 = 9.26369e-06
Hl_0_0_l_0_0_0_0_0_0_0 = 9.35146e-06
Hl_0_0_l_0_0_0_0_0_0_0_0 = 9.12391e-06
Hl_0_0_l_0_0_0_0_0_0_0_0_0 = 9.17871e-06
Hl_0_0_l_0_0_0_0_0_0_0_0_0_0 = 8.97735e-06
Hl_0_0_l_0_0_0_0_0_0_0_0_0_0_0 = 9.01229e-06
Hl_0_0_l_0_0_0_0_0_0_0_0_0_0_0_0 = 8.82977e-06
Hl_0_0_l_0_0_0_0_0_0_0_0_0_0_0_0_0 = 8.85186e-06
Hl_0_0_l_0_0_0_0_0_0_0_0_0_0_0_0_0_0 = 8.68371e-06
Hl_0_0_l_0_0_0_0_0_0_0_0_0_0_0_0_0_0_0 = 8.69709e-06
Hl_0_0_l_0_0_0_0_0_0_0_0_0_0_0_0_0_0_0_0 = 8.54037e-06
Hl_0_0_l_0_0_0_0_0_0_0_0_0_0_0_0_0_0_0_0_0 = 8.54769e-06
Hl_0_0_l_0_0_0_0_0_0_0_0_0_0_0_0_0_0_0_0_0_0 = 8.40035e-06
Hl_0_0_l_0_0_0_0_0_0_0_0_0_0_0_0_0_0_0_0_0_0_0 = 8.40338e-06
Hl_0_0_l_0_0_0_0_0_0_0_0_0_0_0_0_0_0_0_0_0_0_0_0 = 8.26392e-06
Hr_0_0 = 0.00100006
I = 1
pi2_0_0_0_0 = 9.06387e-09
pi2_0_0_0_0_l_0 = 1.00318e-08
pi2_0_0_0_0_l_0_0 = 9.50672e-09
pi2_0_0_0_0_l_0_0_0 = 9.78856e-09
pi2_0_0_0_0_l_0_0_0_0 = 9.43796e-09
pi2_0_0_0_0_l_0_0_0_0_0 = 9.58098e-09
pi2_0_0_0_0_l_0_0_0_0_0_0 = 9.30542e-09
pi2_0_0_0_0_l_0_0_0_0_0_0_0 = 9.38986e-09
pi2_0_0_0_0_l_0_0_0_0_0_0_0_0 = 9.15673e-09
pi2_0_0_0_0_l_0_0_0_0_0_0_0_0_0 = 9.2097e-09
pi2_0_0_0_0_l_0_0_0_0_0_0_0_0_0_0 = 9.00427e-09
pi2_0_0_0_0_l_0_0_0_0_0_0_0_0_0_0_0 = 9.03816e-09
pi2_0_0_0_0_l_0_0_0_0_0_0_0_0_0_0_0_0 = 8.8525e-09
pi2_0_0_0_0_l_0_0_0_0_0_0_0_0_0_0_0_0_0 = 8.87398e-09
pi2_0_0_0_0_l_0_0_0_0_0_0_0_0_0_0_0_0_0_0 = 8.7033e-09
pi2_0_0_0_0_l_0_0_0_0_0_0_0_0_0_0_0_0_0_0_0 = 8.71636e-09
pi2_0_0_0_0_l_0_0_0_0_0_0_0_0_0_0_0_0_0_0_0_0 = 8.55754e-09
pi2_0_0_0_0_l_0_0_0_0_0_0_0_0_0_0_0_0_0_0_0_0_0 = 8.56472e-09
pi2_0_0_0_0_l_0_0_0_0_0_0_0_0_0_0_0_0_0_0_0_0_0_0 = 8.41558e-09
pi2_0_0_0_0_l_0_0_0_0_0_0_0_0_0_0_0_0_0_0_0_0_0_0_0 = 8.4186e-09
pi2_0_0_0_0_l_0_0_0_0_0_0_0_0_0_0_0_0_0_0_0_0_0_0_0_0 = 8.27761e-09
