DD_0_0 = 4.21355e-11
DD_0_0_l_0 = 4.83471e-11
DD_0_0_l_0_0 = 4.70168e-11
Dr_0_0 = 7.57556e-11
Dr_0_0_l_0 = 8.19214e-11
Dr_0_0_l_0_0 = 8.80503e-11
Dr_0_0_l_0_0_0 = 8.93542e-11
Hl_0_0 = 9.72036e-06
Hl_0_0_l_0 = 9.9028e-06
Hl_0_0_l_0_0 = 9.70872e-06
Hr_0_0 = 0.000999982
I = 1
pi2_0_0_0_0 = 9.72182e-09
pi2_0_0_0_0_l_0 = 9.90638e-09
pi2_0_0_0_0_l_0_0 = 9.71079e-09
