DD_0_0 = 8.57867e-11
DD_0_0_l_0 = 5.12784e-11
DD_0_0_l_0_0 = 5.54046e-11
DD_0_0_l_0_0_0 = 4.84826e-11
DD_0_0_l_0_0_0_0 = 4.94594e-11
DD_0_0_l_0_0_0_0_0 = 4.63224e-11
Dr_0_0 = 2.71179e-10
Dr_0_0_l_0 = 1.60726e-10
Dr_0_0_l_0_0 = 1.5462e-10
Dr_0_0_l_0_0_0 = 1.32213e-10
Dr_0_0_l_0_0_0_0 = 1.29266e-10
Dr_0_0_l_0_0_0_0_0 = 1.19032e-10
Dr_0_0_l_0_0_0_0_0_0 = 1.11422e-10
Hl_0_0 = 1.05903e-05
Hl_0_0_l_0 = 9.8941e-06
Hl_0_0_l_0_0 = 9.99887e-06
Hl_0_0_l_0_0_0 = 9.70002e-06
Hl_0_0_l_0_0_0_0 = 9.73003e-06
Hl_0_0_l_0_0_0_0_0 = 9.51346e-06
Hr_0_0 = 0.000999963
I = 1
pi2_0_0_0_0 = 1.05231e-08
pi2_0_0_0_0_l_0 = 9.86743e-09
pi2_0_0_0_0_l_0_0 = 9.97278e-09
pi2_0_0_0_0_l_0_0_0 = 9.68438e-09
pi2_0_0_0_0_l_0_0_0_0 = 9.7136e-09
pi2_0_0_0_0_l_0_0_0_0_0 = 9.50204e-09
