DD_0_0 = -9.58415e-11
DD_0_0_l_0 = 4.684e-11
DD_0_0_l_0_0 = 1.86951e-11
DD_0_0_l_0_0_0 = 4.59032e-11
DD_0_0_l_0_0_0_0 = 3.36257e-11
DD_0_0_l_0_0_0_0_0 = 4.45196e-11
DD_0_0_l_0_0_0_0_0_0 = 3.75188e-11
DD_0_0_l_0_0_0_0_0_0_0 = 4.30503e-11
DD_0_0_l_0_0_0_0_0_0_0_0 = 3.84534e-11
DD_0_0_l_0_0_0_0_0_0_0_0_0 = 4.15898e-11
DD_0_0_l_0_0_0_0_0_0_0_0_0_0 = 3.82969e-11
DD_0_0_l_0_0_0_0_0_0_0_0_0_0_0 = 4.01705e-11
DD_0_0_l_0_0_0_0_0_0_0_0_0_0_0_0 = 3.76697e-11
DD_0_0_l_0_0_0_0_0_0_0_0_0_0_0_0_0 = 3.88047e-11
DD_0_0_l_0_0_0_0_0_0_0_0_0_0_0_0_0_0 = 3.68255e-11
DD_0_0_l_0_0_0_0_0_0_0_0_0_0_0_0_0_0_0 = 3.74958e-11
DD_0_0_l_0_0_0_0_0_0_0_0_0_0_0_0_0_0_0_0 = 3.58823e-11
DD_0_0_l_0_0_0_0_0_0_0_0_0_0_0_0_0_0_0_0_0 = 3.62447e-11
DD_0_0_l_0_0_0_0_0_0_0_0_0_0_0_0_0_0_0_0_0_0 = 3.48998e-11
DD_0_0_l_0_0_0_0_0_0_0_0_0_0_0_0_0_0_0_0_0_0_0 = 3.50499e-11
DD_0_0_l_0_0_0_0_0_0_0_0_0_0_0_0_0_0_0_0_0_0_0_0 = 3.39105e-11
Dr_0_0 = -6.18908e-10
Dr_0_0_l_0 = -1.66926e-10
Dr_0_0_l_0_0 = -1.3973e-10
Dr_0_0_l_0_0_0 = -5.97044e-11
Dr_0_0_l_0_0_0_0 = -4.51208e-11
Dr_0_0_l_0_0_0_0_0 = -1.50297e-11
Dr_0_0_l_0_0_0_0_0_0 = -5.5481e-12
Dr_0_0_l_0_0_0_0_0_0_0 = 8.89121e-12
Dr_0_0_l_0_0_0_0_0_0_0_0 = 1.56758e-11
Dr_0_0_l_0_0_0_0_0_0_0_0_0 = 2.34289e-11
Dr_0_0_l_0_0_0_0_0_0_0_0_0_0 = 2.85725e-11
Dr_0_0_l_0_0_0_0_0_0_0_0_0_0_0 = 3.29472e-11
Dr_0_0_l_0_0_0_0_0_0_0_0_0_0_0_0 = 3.70011e-11
Dr_0_0_l_0_0_0_0_0_0_0_0_0_0_0_0_0 = 3.94781e-11
Dr_0_0_l_0_0_0_0_0_0_0_0_0_0_0_0_0_0 = 4.27642e-11
Dr_0_0_l_0_0_0_0_0_0_0_0_0_0_0_0_0_0_0 = 4.40952e-11
Dr_0_0_l_0_0_0_0_0_0_0_0_0_0_0_0_0_0_0_0 = 4.68162e-11
Dr_0_0_l_0_0_0_0_0_0_0_0_0_0_0_0_0_0_0_0_0 = 4.74184e-11
Dr_0_0_l_0_0_0_0_0_0_0_0_0_0_0_0_0_0_0_0_0_0 = 4.971e-11
Dr_0_0_l_0_0_0_0_0_0_0_0_0_0_0_0_0_0_0_0_0_0_0 = 4.98305e-11
Dr_0_0_l_0_0_0_0_0_0_0_0_0_0_0_0_0_0_0_0_0_0_0_0 = 5.17876e-11
Dr_0_0_l_0_0_0_0_0_0_0_0_0_0_0_0_0_0_0_0_0_0_0_0_0 = 5.29632e-11
Hl_0_0 = 8.84925e-06
Hl_0_0_l_0 = 9.91151e-06
Hl_0_0_l_0_0 = 9.41818e-06
Hl_0_0_l_0_0_0 = 9.71744e-06
Hl_0_0_l_0_0_0_0 = 9.38113e-06
Hl_0_0_l_0_0_0_0_0 = 9.5309e-06
Hl_0_0_l_0_0_0_0_0_0 = 9.26369e-06
Hl_0_0_l_0_0_0_0_0_0_0 = 9.35146e-06
Hl_0_0_l_0_0_0_0_0_0_0_0 = 9.12391e-06
Hl_0_0_l_0_0_0_0_0_0_0_0_0 = 9.17871e-06
Hl_0_0_l_0_0_0_0_0_0_0_0_0_0 = 8.97735e-06
Hl_0_0_l_0_0_0_0_0_0_0_0_0_0_0 = 9.01229e-06
Hl_0_0_l_0_0_0_0_0_0_0_0_0_0_0_0 = 8.82977e-06
Hl_0_0_l_0_0_0_0_0_0_0_0_0_0_0_0_0 = 8.85186e-06
Hl_0_0_l_0_0_0_0_0_0_0_0_0_0_0_0_0_0 = 8.68371e-06
Hl_0_0_l_0_0_0_0_0_0_0_0_0_0_0_0_0_0_0 = 8.69709e-06
Hl_0_0_l_0_0_0_0_0_0_0_0_0_0_0_0_0_0_0_0 = 8.54037e-06
Hl_0_0_l_0_0_0_0_0_0_0_0_0_0_0_0_0_0_0_0_0 = 8.54769e-06
Hl_0_0_l_0_0_0_0_0_0_0_0_0_0_0_0_0_0_0_0_0_0 = 8.40035e-06
Hl_0_0_l_0_0_0_0_0_0_0_0_0_0_0_0_0_0_0_0_0_0_0 = 8.40338e-06
Hl_0_0_l_0_0_0_0_0_0_0_0_0_0_0_0_0_0_0_0_0_0_0_0 = 8.26392e-06
Hr_0_0 = 0.00100005
I = 1
pi2_0_0_0_0 = 9.05498e-09
pi2_0_0_0_0_l_0 = 1.00259e-08
pi2_0_0_0_0_l_0_0 = 9.50252e-09
pi2_0_0_0_0_l_0_0_0 = 9.785e-09
pi2_0_0_0_0_l_0_0_0_0 = 9.43515e-09
pi2_0_0_0_0_l_0_0_0_0_0 = 9.57843e-09
pi2_0_0_0_0_l_0_0_0_0_0_0 = 9.30331e-09
pi2_0_0_0_0_l_0_0_0_0_0_0_0 = 9.38789e-09
pi2_0_0_0_0_l_0_0_0_0_0_0_0_0 = 9.15505e-09
pi2_0_0_0_0_l_0_0_0_0_0_0_0_0_0 = 9.2081e-09
pi2_0_0_0_0_l_0_0_0_0_0_0_0_0_0_0 = 9.00288e-09
pi2_0_0_0_0_l_0_0_0_0_0_0_0_0_0_0_0 = 9.03682e-09
pi2_0_0_0_0_l_0_0_0_0_0_0_0_0_0_0_0_0 = 8.85132e-09
pi2_0_0_0_0_l_0_0_0_0_0_0_0_0_0_0_0_0_0 = 8.87283e-09
pi2_0_0_0_0_l_0_0_0_0_0_0_0_0_0_0_0_0_0_0 = 8.70228e-09
pi2_0_0_0_0_l_0_0_0_0_0_0_0_0_0_0_0_0_0_0_0 = 8.71535e-09
pi2_0_0_0_0_l_0_0_0_0_0_0_0_0_0_0_0_0_0_0_0_0 = 8.55664e-09
pi2_0_0_0_0_l_0_0_0_0_0_0_0_0_0_0_0_0_0_0_0_0_0 = 8.56382e-09
pi2_0_0_0_0_l_0_0_0_0_0_0_0_0_0_0_0_0_0_0_0_0_0_0 = 8.41478e-09
pi2_0_0_0_0_l_0_0_0_0_0_0_0_0_0_0_0_0_0_0_0_0_0_0_0 = 8.4178e-09
pi2_0_0_0_0_l_0_0_0_0_0_0_0_0_0_0_0_0_0_0_0_0_0_0_0_0 = 8.27689e-09
