D^2   = 4.6070293971978e-11
Dz    = 1.2013640240062204e-10
pi(A) = 1.9816154004710163e-05
pi(B) = 0.0020000000000000126
pi2   = 9.856657172691383e-09
