DD_0_0 = 4.18588e-11
DD_0_0_l_0 = 4.79697e-11
DD_0_0_l_0_0 = 4.66221e-11
Dr_0_0 = 7.4633e-11
Dr_0_0_l_0 = 8.07325e-11
Dr_0_0_l_0_0 = 8.67214e-11
Dr_0_0_l_0_0_0 = 8.79588e-11
Hl_0_0 = 9.72036e-06
Hl_0_0_l_0 = 9.9028e-06
Hl_0_0_l_0_0 = 9.70872e-06
Hr_0_0 = 0.000999983
I = 1
pi2_0_0_0_0 = 9.72183e-09
pi2_0_0_0_0_l_0 = 9.90632e-09
pi2_0_0_0_0_l_0_0 = 9.71076e-09
