DD_0_0 = -1.36535e-11
DD_0_0_l_0 = 4.65517e-11
DD_0_0_l_0_0 = 3.54142e-11
DD_0_0_l_0_0_0 = 4.57884e-11
DD_0_0_l_0_0_0_0 = 4.09036e-11
DD_0_0_l_0_0_0_0_0 = 4.44578e-11
DD_0_0_l_0_0_0_0_0_0 = 4.16206e-11
DD_0_0_l_0_0_0_0_0_0_0 = 4.30106e-11
DD_0_0_l_0_0_0_0_0_0_0_0 = 4.10989e-11
DD_0_0_l_0_0_0_0_0_0_0_0_0 = 4.15607e-11
DD_0_0_l_0_0_0_0_0_0_0_0_0_0 = 4.0151e-11
Dr_0_0 = -1.83991e-10
Dr_0_0_l_0 = -1.99471e-11
Dr_0_0_l_0_0 = 1.16973e-12
Dr_0_0_l_0_0_0 = 2.63262e-11
Dr_0_0_l_0_0_0_0 = 3.74198e-11
Dr_0_0_l_0_0_0_0_0 = 4.50353e-11
Dr_0_0_l_0_0_0_0_0_0 = 5.21292e-11
Dr_0_0_l_0_0_0_0_0_0_0 = 5.46123e-11
Dr_0_0_l_0_0_0_0_0_0_0_0 = 5.96139e-11
Dr_0_0_l_0_0_0_0_0_0_0_0_0 = 6.00732e-11
Dr_0_0_l_0_0_0_0_0_0_0_0_0_0 = 6.38127e-11
Dr_0_0_l_0_0_0_0_0_0_0_0_0_0_0 = 6.59294e-11
Hl_0_0 = 9.19175e-06
Hl_0_0_l_0 = 9.90808e-06
Hl_0_0_l_0_0 = 9.53242e-06
Hl_0_0_l_0_0_0 = 9.71401e-06
Hl_0_0_l_0_0_0_0 = 9.44976e-06
Hl_0_0_l_0_0_0_0_0 = 9.52747e-06
Hl_0_0_l_0_0_0_0_0_0 = 9.31283e-06
Hl_0_0_l_0_0_0_0_0_0_0 = 9.34802e-06
Hl_0_0_l_0_0_0_0_0_0_0_0 = 9.16224e-06
Hl_0_0_l_0_0_0_0_0_0_0_0_0 = 9.17526e-06
Hl_0_0_l_0_0_0_0_0_0_0_0_0_0 = 9.00883e-06
Hr_0_0 = 0.00100001
I = 1
pi2_0_0_0_0 = 9.26136e-09
pi2_0_0_0_0_l_0 = 9.95276e-09
pi2_0_0_0_0_l_0_0 = 9.56275e-09
pi2_0_0_0_0_l_0_0_0 = 9.74052e-09
pi2_0_0_0_0_l_0_0_0_0 = 9.46956e-09
pi2_0_0_0_0_l_0_0_0_0_0 = 9.54619e-09
pi2_0_0_0_0_l_0_0_0_0_0_0 = 9.32748e-09
pi2_0_0_0_0_l_0_0_0_0_0_0_0 = 9.36241e-09
pi2_0_0_0_0_l_0_0_0_0_0_0_0_0 = 9.17382e-09
pi2_0_0_0_0_l_0_0_0_0_0_0_0_0_0 = 9.18689e-09
pi2_0_0_0_0_l_0_0_0_0_0_0_0_0_0_0 = 9.01847e-09
