DD_0_0 = -4.09936e-11
DD_0_0_l_0 = 4.94445e-11
DD_0_0_l_0_0 = 2.6231e-11
DD_0_0_l_0_0_0 = 4.51598e-11
DD_0_0_l_0_0_0_0 = 3.46852e-11
DD_0_0_l_0_0_0_0_0 = 4.26929e-11
DD_0_0_l_0_0_0_0_0_0 = 3.65683e-11
DD_0_0_l_0_0_0_0_0_0_0 = 4.07887e-11
DD_0_0_l_0_0_0_0_0_0_0_0 = 3.66894e-11
DD_0_0_l_0_0_0_0_0_0_0_0_0 = 3.9149e-11
DD_0_0_l_0_0_0_0_0_0_0_0_0_0 = 3.61686e-11
DD_0_0_l_0_0_0_0_0_0_0_0_0_0_0 = 3.767e-11
DD_0_0_l_0_0_0_0_0_0_0_0_0_0_0_0 = 3.53804e-11
DD_0_0_l_0_0_0_0_0_0_0_0_0_0_0_0_0 = 3.63058e-11
DD_0_0_l_0_0_0_0_0_0_0_0_0_0_0_0_0_0 = 3.44776e-11
DD_0_0_l_0_0_0_0_0_0_0_0_0_0_0_0_0_0_0 = 3.50324e-11
DD_0_0_l_0_0_0_0_0_0_0_0_0_0_0_0_0_0_0_0 = 3.35316e-11
DD_0_0_l_0_0_0_0_0_0_0_0_0_0_0_0_0_0_0_0_0 = 3.38356e-11
DD_0_0_l_0_0_0_0_0_0_0_0_0_0_0_0_0_0_0_0_0_0 = 3.2578e-11
DD_0_0_l_0_0_0_0_0_0_0_0_0_0_0_0_0_0_0_0_0_0_0 = 3.27056e-11
DD_0_0_l_0_0_0_0_0_0_0_0_0_0_0_0_0_0_0_0_0_0_0_0 = 3.16359e-11
Dr_0_0 = -3.2926e-10
Dr_0_0_l_0 = -3.91806e-11
Dr_0_0_l_0_0 = -4.10042e-11
Dr_0_0_l_0_0_0 = 1.06592e-11
Dr_0_0_l_0_0_0_0 = 1.13717e-11
Dr_0_0_l_0_0_0_0_0 = 3.07898e-11
Dr_0_0_l_0_0_0_0_0_0 = 3.1897e-11
Dr_0_0_l_0_0_0_0_0_0_0 = 4.11697e-11
Dr_0_0_l_0_0_0_0_0_0_0_0 = 4.22526e-11
Dr_0_0_l_0_0_0_0_0_0_0_0_0 = 4.71862e-11
Dr_0_0_l_0_0_0_0_0_0_0_0_0_0 = 4.81491e-11
Dr_0_0_l_0_0_0_0_0_0_0_0_0_0_0 = 5.08925e-11
Dr_0_0_l_0_0_0_0_0_0_0_0_0_0_0_0 = 5.17215e-11
Dr_0_0_l_0_0_0_0_0_0_0_0_0_0_0_0_0 = 5.32382e-11
Dr_0_0_l_0_0_0_0_0_0_0_0_0_0_0_0_0_0 = 5.39426e-11
Dr_0_0_l_0_0_0_0_0_0_0_0_0_0_0_0_0_0_0 = 5.47221e-11
Dr_0_0_l_0_0_0_0_0_0_0_0_0_0_0_0_0_0_0_0 = 5.53166e-11
Dr_0_0_l_0_0_0_0_0_0_0_0_0_0_0_0_0_0_0_0_0 = 5.56307e-11
Dr_0_0_l_0_0_0_0_0_0_0_0_0_0_0_0_0_0_0_0_0_0 = 5.61302e-11
Dr_0_0_l_0_0_0_0_0_0_0_0_0_0_0_0_0_0_0_0_0_0_0 = 5.61399e-11
Dr_0_0_l_0_0_0_0_0_0_0_0_0_0_0_0_0_0_0_0_0_0_0_0 = 5.6558e-11
Dr_0_0_l_0_0_0_0_0_0_0_0_0_0_0_0_0_0_0_0_0_0_0_0_0 = 5.66464e-11
Hl_0_0 = 8.84925e-06
Hl_0_0_l_0 = 9.91151e-06
Hl_0_0_l_0_0 = 9.41818e-06
Hl_0_0_l_0_0_0 = 9.71744e-06
Hl_0_0_l_0_0_0_0 = 9.38113e-06
Hl_0_0_l_0_0_0_0_0 = 9.5309e-06
Hl_0_0_l_0_0_0_0_0_0 = 9.26369e-06
Hl_0_0_l_0_0_0_0_0_0_0 = 9.35146e-06
Hl_0_0_l_0_0_0_0_0_0_0_0 = 9.12391e-06
Hl_0_0_l_0_0_0_0_0_0_0_0_0 = 9.17871e-06
Hl_0_0_l_0_0_0_0_0_0_0_0_0_0 = 8.97735e-06
Hl_0_0_l_0_0_0_0_0_0_0_0_0_0_0 = 9.01229e-06
Hl_0_0_l_0_0_0_0_0_0_0_0_0_0_0_0 = 8.82977e-06
Hl_0_0_l_0_0_0_0_0_0_0_0_0_0_0_0_0 = 8.85186e-06
Hl_0_0_l_0_0_0_0_0_0_0_0_0_0_0_0_0_0 = 8.68371e-06
Hl_0_0_l_0_0_0_0_0_0_0_0_0_0_0_0_0_0_0 = 8.69709e-06
Hl_0_0_l_0_0_0_0_0_0_0_0_0_0_0_0_0_0_0_0 = 8.54037e-06
Hl_0_0_l_0_0_0_0_0_0_0_0_0_0_0_0_0_0_0_0_0 = 8.54769e-06
Hl_0_0_l_0_0_0_0_0_0_0_0_0_0_0_0_0_0_0_0_0_0 = 8.40035e-06
Hl_0_0_l_0_0_0_0_0_0_0_0_0_0_0_0_0_0_0_0_0_0_0 = 8.40338e-06
Hl_0_0_l_0_0_0_0_0_0_0_0_0_0_0_0_0_0_0_0_0_0_0_0 = 8.26392e-06
Hr_0_0 = 0.00100002
I = 1
pi2_0_0_0_0 = 8.9827e-09
pi2_0_0_0_0_l_0 = 9.98064e-09
pi2_0_0_0_0_l_0_0 = 9.4699e-09
pi2_0_0_0_0_l_0_0_0 = 9.75777e-09
pi2_0_0_0_0_l_0_0_0_0 = 9.41363e-09
pi2_0_0_0_0_l_0_0_0_0_0 = 9.55908e-09
pi2_0_0_0_0_l_0_0_0_0_0_0 = 9.2873e-09
pi2_0_0_0_0_l_0_0_0_0_0_0_0 = 9.37296e-09
pi2_0_0_0_0_l_0_0_0_0_0_0_0_0 = 9.14236e-09
pi2_0_0_0_0_l_0_0_0_0_0_0_0_0_0 = 9.19599e-09
pi2_0_0_0_0_l_0_0_0_0_0_0_0_0_0_0 = 8.99241e-09
pi2_0_0_0_0_l_0_0_0_0_0_0_0_0_0_0_0 = 9.02668e-09
pi2_0_0_0_0_l_0_0_0_0_0_0_0_0_0_0_0_0 = 8.84245e-09
pi2_0_0_0_0_l_0_0_0_0_0_0_0_0_0_0_0_0_0 = 8.86413e-09
pi2_0_0_0_0_l_0_0_0_0_0_0_0_0_0_0_0_0_0_0 = 8.69461e-09
pi2_0_0_0_0_l_0_0_0_0_0_0_0_0_0_0_0_0_0_0_0 = 8.70776e-09
pi2_0_0_0_0_l_0_0_0_0_0_0_0_0_0_0_0_0_0_0_0_0 = 8.5499e-09
pi2_0_0_0_0_l_0_0_0_0_0_0_0_0_0_0_0_0_0_0_0_0_0 = 8.5571e-09
pi2_0_0_0_0_l_0_0_0_0_0_0_0_0_0_0_0_0_0_0_0_0_0_0 = 8.40879e-09
pi2_0_0_0_0_l_0_0_0_0_0_0_0_0_0_0_0_0_0_0_0_0_0_0_0 = 8.41178e-09
pi2_0_0_0_0_l_0_0_0_0_0_0_0_0_0_0_0_0_0_0_0_0_0_0_0_0 = 8.27148e-09
