DD_0_0 = 3.93019e-11
DD_0_0_l_0 = 4.44517e-11
DD_0_0_l_0_0 = 4.29933e-11
Dr_0_0 = 6.48049e-11
Dr_0_0_l_0 = 7.01785e-11
Dr_0_0_l_0_0 = 7.48979e-11
Dr_0_0_l_0_0_0 = 7.5583e-11
Hl_0_0 = 9.72036e-06
Hl_0_0_l_0 = 9.9028e-06
Hl_0_0_l_0_0 = 9.70872e-06
Hr_0_0 = 0.000999984
I = 1
pi2_0_0_0_0 = 9.72187e-09
pi2_0_0_0_0_l_0 = 9.90572e-09
pi2_0_0_0_0_l_0_0 = 9.71041e-09
