DD_0_0 = 3.52291e-12
DD_0_0_l_0 = 4.59222e-11
DD_0_0_l_0_0 = 3.56157e-11
DD_0_0_l_0_0_0 = 4.35242e-11
DD_0_0_l_0_0_0_0 = 3.88871e-11
DD_0_0_l_0_0_0_0_0 = 4.17251e-11
DD_0_0_l_0_0_0_0_0_0 = 3.89937e-11
DD_0_0_l_0_0_0_0_0_0_0 = 4.0139e-11
DD_0_0_l_0_0_0_0_0_0_0_0 = 3.82869e-11
DD_0_0_l_0_0_0_0_0_0_0_0_0 = 3.86773e-11
DD_0_0_l_0_0_0_0_0_0_0_0_0_0 = 3.73101e-11
Dr_0_0 = -9.88132e-11
Dr_0_0_l_0 = 1.98925e-11
Dr_0_0_l_0_0 = 2.63936e-11
Dr_0_0_l_0_0_0 = 4.45254e-11
Dr_0_0_l_0_0_0_0 = 4.8681e-11
Dr_0_0_l_0_0_0_0_0 = 5.40711e-11
Dr_0_0_l_0_0_0_0_0_0 = 5.70062e-11
Dr_0_0_l_0_0_0_0_0_0_0 = 5.86732e-11
Dr_0_0_l_0_0_0_0_0_0_0_0 = 6.08635e-11
Dr_0_0_l_0_0_0_0_0_0_0_0_0 = 6.10708e-11
Dr_0_0_l_0_0_0_0_0_0_0_0_0_0 = 6.27635e-11
Dr_0_0_l_0_0_0_0_0_0_0_0_0_0_0 = 6.34852e-11
Hl_0_0 = 9.19175e-06
Hl_0_0_l_0 = 9.90808e-06
Hl_0_0_l_0_0 = 9.53242e-06
Hl_0_0_l_0_0_0 = 9.71401e-06
Hl_0_0_l_0_0_0_0 = 9.44976e-06
Hl_0_0_l_0_0_0_0_0 = 9.52747e-06
Hl_0_0_l_0_0_0_0_0_0 = 9.31283e-06
Hl_0_0_l_0_0_0_0_0_0_0 = 9.34802e-06
Hl_0_0_l_0_0_0_0_0_0_0_0 = 9.16224e-06
Hl_0_0_l_0_0_0_0_0_0_0_0_0 = 9.17526e-06
Hl_0_0_l_0_0_0_0_0_0_0_0_0_0 = 9.00883e-06
Hr_0_0 = 0.001
I = 1
pi2_0_0_0_0 = 9.24327e-09
pi2_0_0_0_0_l_0 = 9.93845e-09
pi2_0_0_0_0_l_0_0 = 9.55341e-09
pi2_0_0_0_0_l_0_0_0 = 9.7318e-09
pi2_0_0_0_0_l_0_0_0_0 = 9.46318e-09
pi2_0_0_0_0_l_0_0_0_0_0 = 9.53993e-09
pi2_0_0_0_0_l_0_0_0_0_0_0 = 9.32265e-09
pi2_0_0_0_0_l_0_0_0_0_0_0_0 = 9.35755e-09
pi2_0_0_0_0_l_0_0_0_0_0_0_0_0 = 9.16996e-09
pi2_0_0_0_0_l_0_0_0_0_0_0_0_0_0 = 9.18294e-09
pi2_0_0_0_0_l_0_0_0_0_0_0_0_0_0_0 = 9.0152e-09
