DD_0_0 = 6.95632e-11
DD_0_0_l_0 = 4.5332e-11
DD_0_0_l_0_0 = 4.89876e-11
DD_0_0_l_0_0_0 = 4.3736e-11
DD_0_0_l_0_0_0_0 = 4.46107e-11
DD_0_0_l_0_0_0_0_0 = 4.21244e-11
Dr_0_0 = 1.84095e-10
Dr_0_0_l_0 = 1.15191e-10
Dr_0_0_l_0_0 = 1.1214e-10
Dr_0_0_l_0_0_0 = 9.92196e-11
Dr_0_0_l_0_0_0_0 = 9.72699e-11
Dr_0_0_l_0_0_0_0_0 = 9.17026e-11
Dr_0_0_l_0_0_0_0_0_0 = 8.72807e-11
Hl_0_0 = 1.05903e-05
Hl_0_0_l_0 = 9.8941e-06
Hl_0_0_l_0_0 = 9.99887e-06
Hl_0_0_l_0_0_0 = 9.70002e-06
Hl_0_0_l_0_0_0_0 = 9.73003e-06
Hl_0_0_l_0_0_0_0_0 = 9.51346e-06
Hr_0_0 = 0.000999972
I = 1
pi2_0_0_0_0 = 1.05488e-08
pi2_0_0_0_0_l_0 = 9.8777e-09
pi2_0_0_0_0_l_0_0 = 9.98307e-09
pi2_0_0_0_0_l_0_0_0 = 9.69053e-09
pi2_0_0_0_0_l_0_0_0_0 = 9.72016e-09
pi2_0_0_0_0_l_0_0_0_0_0 = 9.50663e-09
