DD_0_0 = 3.18549e-09
DD_0_0_l_0 = 2.06379e-09
DD_0_0_l_0_0 = 2.05292e-09
DD_0_0_l_0_0_0 = 1.55596e-09
DD_0_0_l_0_0_0_0 = 1.54356e-09
DD_0_0_l_0_0_0_0_0 = 1.22031e-09
Dr_0_0 = 3.09516e-09
Dr_0_0_l_0 = 2.34685e-09
Dr_0_0_l_0_0 = 2.28562e-09
Dr_0_0_l_0_0_0 = 2.14916e-09
Dr_0_0_l_0_0_0_0 = 1.99155e-09
Dr_0_0_l_0_0_0_0_0 = 1.95607e-09
Dr_0_0_l_0_0_0_0_0_0 = 1.77799e-09
Hl_0_0 = 0.000112258
Hl_0_0_l_0 = 8.87741e-05
Hl_0_0_l_0_0 = 8.63306e-05
Hl_0_0_l_0_0_0 = 7.40996e-05
Hl_0_0_l_0_0_0_0 = 7.28098e-05
Hl_0_0_l_0_0_0_0_0 = 6.35922e-05
Hr_0_0 = 0.000999959
I = 1
pi2_0_0_0_0 = 1.12182e-07
pi2_0_0_0_0_l_0 = 8.88163e-08
pi2_0_0_0_0_l_0_0 = 8.63828e-08
pi2_0_0_0_0_l_0_0_0 = 7.41567e-08
pi2_0_0_0_0_l_0_0_0_0 = 7.28615e-08
pi2_0_0_0_0_l_0_0_0_0_0 = 6.36457e-08
