D^2   = 5.487213278200775e-07
Dz    = 4.380997560840045e-07
pi(A) = 0.0020000000000000018
pi(B) = 0.002000000000000014
pi2   = 1.2190498780419855e-06
