DD_0_0 = 1.84303e-11
DD_0_0_l_0 = 2.57528e-11
DD_0_0_l_0_0 = 2.21426e-11
DD_0_0_l_0_0_0 = 2.45183e-11
DD_0_0_l_0_0_0_0 = 2.23031e-11
DD_0_0_l_0_0_0_0_0 = 2.35912e-11
DD_0_0_l_0_0_0_0_0_0 = 2.19795e-11
DD_0_0_l_0_0_0_0_0_0_0 = 2.27873e-11
DD_0_0_l_0_0_0_0_0_0_0_0 = 2.15156e-11
DD_0_0_l_0_0_0_0_0_0_0_0_0 = 2.20544e-11
DD_0_0_l_0_0_0_0_0_0_0_0_0_0 = 2.10039e-11
DD_0_0_l_0_0_0_0_0_0_0_0_0_0_0 = 2.13726e-11
DD_0_0_l_0_0_0_0_0_0_0_0_0_0_0_0 = 2.04796e-11
DD_0_0_l_0_0_0_0_0_0_0_0_0_0_0_0_0 = 2.07308e-11
DD_0_0_l_0_0_0_0_0_0_0_0_0_0_0_0_0_0 = 1.99582e-11
DD_0_0_l_0_0_0_0_0_0_0_0_0_0_0_0_0_0_0 = 2.0123e-11
DD_0_0_l_0_0_0_0_0_0_0_0_0_0_0_0_0_0_0_0 = 1.94467e-11
DD_0_0_l_0_0_0_0_0_0_0_0_0_0_0_0_0_0_0_0_0 = 1.95453e-11
DD_0_0_l_0_0_0_0_0_0_0_0_0_0_0_0_0_0_0_0_0_0 = 1.8949e-11
DD_0_0_l_0_0_0_0_0_0_0_0_0_0_0_0_0_0_0_0_0_0_0 = 1.89942e-11
DD_0_0_l_0_0_0_0_0_0_0_0_0_0_0_0_0_0_0_0_0_0_0_0 = 1.84672e-11
Dr_0_0 = 1.12055e-11
Dr_0_0_l_0 = 2.53071e-11
Dr_0_0_l_0_0 = 2.08295e-11
Dr_0_0_l_0_0_0 = 2.46204e-11
Dr_0_0_l_0_0_0_0 = 2.24352e-11
Dr_0_0_l_0_0_0_0_0 = 2.42447e-11
Dr_0_0_l_0_0_0_0_0_0 = 2.29518e-11
Dr_0_0_l_0_0_0_0_0_0_0 = 2.39603e-11
Dr_0_0_l_0_0_0_0_0_0_0_0 = 2.31203e-11
Dr_0_0_l_0_0_0_0_0_0_0_0_0 = 2.37113e-11
Dr_0_0_l_0_0_0_0_0_0_0_0_0_0 = 2.31353e-11
Dr_0_0_l_0_0_0_0_0_0_0_0_0_0_0 = 2.34785e-11
Dr_0_0_l_0_0_0_0_0_0_0_0_0_0_0_0 = 2.30703e-11
Dr_0_0_l_0_0_0_0_0_0_0_0_0_0_0_0_0 = 2.32536e-11
Dr_0_0_l_0_0_0_0_0_0_0_0_0_0_0_0_0_0 = 2.29584e-11
Dr_0_0_l_0_0_0_0_0_0_0_0_0_0_0_0_0_0_0 = 2.30334e-11
Dr_0_0_l_0_0_0_0_0_0_0_0_0_0_0_0_0_0_0_0 = 2.28169e-11
Dr_0_0_l_0_0_0_0_0_0_0_0_0_0_0_0_0_0_0_0_0 = 2.28159e-11
Dr_0_0_l_0_0_0_0_0_0_0_0_0_0_0_0_0_0_0_0_0_0 = 2.26559e-11
Dr_0_0_l_0_0_0_0_0_0_0_0_0_0_0_0_0_0_0_0_0_0_0 = 2.26001e-11
Dr_0_0_l_0_0_0_0_0_0_0_0_0_0_0_0_0_0_0_0_0_0_0_0 = 2.24815e-11
Dr_0_0_l_0_0_0_0_0_0_0_0_0_0_0_0_0_0_0_0_0_0_0_0_0 = 2.23185e-11
Hl_0_0 = 8.84926e-06
Hl_0_0_l_0 = 9.91151e-06
Hl_0_0_l_0_0 = 9.41818e-06
Hl_0_0_l_0_0_0 = 9.71744e-06
Hl_0_0_l_0_0_0_0 = 9.38113e-06
Hl_0_0_l_0_0_0_0_0 = 9.5309e-06
Hl_0_0_l_0_0_0_0_0_0 = 9.26369e-06
Hl_0_0_l_0_0_0_0_0_0_0 = 9.35146e-06
Hl_0_0_l_0_0_0_0_0_0_0_0 = 9.12391e-06
Hl_0_0_l_0_0_0_0_0_0_0_0_0 = 9.17871e-06
Hl_0_0_l_0_0_0_0_0_0_0_0_0_0 = 8.97735e-06
Hl_0_0_l_0_0_0_0_0_0_0_0_0_0_0 = 9.01229e-06
Hl_0_0_l_0_0_0_0_0_0_0_0_0_0_0_0 = 8.82977e-06
Hl_0_0_l_0_0_0_0_0_0_0_0_0_0_0_0_0 = 8.85186e-06
Hl_0_0_l_0_0_0_0_0_0_0_0_0_0_0_0_0_0 = 8.68371e-06
Hl_0_0_l_0_0_0_0_0_0_0_0_0_0_0_0_0_0_0 = 8.69709e-06
Hl_0_0_l_0_0_0_0_0_0_0_0_0_0_0_0_0_0_0_0 = 8.54037e-06
Hl_0_0_l_0_0_0_0_0_0_0_0_0_0_0_0_0_0_0_0_0 = 8.54769e-06
Hl_0_0_l_0_0_0_0_0_0_0_0_0_0_0_0_0_0_0_0_0_0 = 8.40035e-06
Hl_0_0_l_0_0_0_0_0_0_0_0_0_0_0_0_0_0_0_0_0_0_0 = 8.40338e-06
Hl_0_0_l_0_0_0_0_0_0_0_0_0_0_0_0_0_0_0_0_0_0_0_0 = 8.26392e-06
Hr_0_0 = 0.000999989
I = 1
pi2_0_0_0_0 = 8.85594e-09
pi2_0_0_0_0_l_0 = 9.91382e-09
pi2_0_0_0_0_l_0_0 = 9.42026e-09
pi2_0_0_0_0_l_0_0_0 = 9.71877e-09
pi2_0_0_0_0_l_0_0_0_0 = 9.38232e-09
pi2_0_0_0_0_l_0_0_0_0_0 = 9.53181e-09
pi2_0_0_0_0_l_0_0_0_0_0_0 = 9.26451e-09
pi2_0_0_0_0_l_0_0_0_0_0_0_0 = 9.35214e-09
pi2_0_0_0_0_l_0_0_0_0_0_0_0_0 = 9.12452e-09
pi2_0_0_0_0_l_0_0_0_0_0_0_0_0_0 = 9.17925e-09
pi2_0_0_0_0_l_0_0_0_0_0_0_0_0_0_0 = 8.97783e-09
pi2_0_0_0_0_l_0_0_0_0_0_0_0_0_0_0_0 = 9.01273e-09
pi2_0_0_0_0_l_0_0_0_0_0_0_0_0_0_0_0_0 = 8.83016e-09
pi2_0_0_0_0_l_0_0_0_0_0_0_0_0_0_0_0_0_0 = 8.85222e-09
pi2_0_0_0_0_l_0_0_0_0_0_0_0_0_0_0_0_0_0_0 = 8.68403e-09
pi2_0_0_0_0_l_0_0_0_0_0_0_0_0_0_0_0_0_0_0_0 = 8.69739e-09
pi2_0_0_0_0_l_0_0_0_0_0_0_0_0_0_0_0_0_0_0_0_0 = 8.54064e-09
pi2_0_0_0_0_l_0_0_0_0_0_0_0_0_0_0_0_0_0_0_0_0_0 = 8.54795e-09
pi2_0_0_0_0_l_0_0_0_0_0_0_0_0_0_0_0_0_0_0_0_0_0_0 = 8.40058e-09
pi2_0_0_0_0_l_0_0_0_0_0_0_0_0_0_0_0_0_0_0_0_0_0_0_0 = 8.40361e-09
pi2_0_0_0_0_l_0_0_0_0_0_0_0_0_0_0_0_0_0_0_0_0_0_0_0_0 = 8.26412e-09
