DD_0_0 = 3.81897e-10
DD_0_0_l_0 = 4.10891e-10
DD_0_0_l_0_0 = 3.36925e-10
Dr_0_0 = 6.61228e-11
Dr_0_0_l_0 = 8.20483e-11
Dr_0_0_l_0_0 = 9.66999e-11
Dr_0_0_l_0_0_0 = 9.09772e-11
Hl_0_0 = 8.56304e-05
Hl_0_0_l_0 = 9.14369e-05
Hl_0_0_l_0_0 = 7.69222e-05
Hr_0_0 = 0.000999989
I = 1
pi2_0_0_0_0 = 8.56401e-08
pi2_0_0_0_0_l_0 = 9.14485e-08
pi2_0_0_0_0_l_0_0 = 7.69297e-08
