DD_0_0 = 2.36031e-11
DD_0_0_l_0 = 2.48182e-11
DD_0_0_l_0_0 = 2.39253e-11
Dr_0_0 = 2.26597e-11
Dr_0_0_l_0 = 2.38432e-11
Dr_0_0_l_0_0 = 2.45648e-11
Dr_0_0_l_0_0_0 = 2.43782e-11
Hl_0_0 = 9.72036e-06
Hl_0_0_l_0 = 9.9028e-06
Hl_0_0_l_0_0 = 9.70872e-06
Hr_0_0 = 0.000999988
I = 1
pi2_0_0_0_0 = 9.7208e-09
pi2_0_0_0_0_l_0 = 9.90328e-09
pi2_0_0_0_0_l_0_0 = 9.70897e-09
