DD_0_0 = 5.14574e-10
DD_0_0_l_0 = 3.95574e-10
DD_0_0_l_0_0 = 3.83364e-10
DD_0_0_l_0_0_0 = 3.21694e-10
DD_0_0_l_0_0_0_0 = 3.15163e-10
DD_0_0_l_0_0_0_0_0 = 2.6912e-10
Dr_0_0 = 9.14693e-11
Dr_0_0_l_0 = 8.6071e-11
Dr_0_0_l_0_0 = 9.18878e-11
Dr_0_0_l_0_0_0 = 9.23407e-11
Dr_0_0_l_0_0_0_0 = 9.25458e-11
Dr_0_0_l_0_0_0_0_0 = 1.00163e-10
Dr_0_0_l_0_0_0_0_0_0 = 9.53927e-11
Hl_0_0 = 0.000112258
Hl_0_0_l_0 = 8.87741e-05
Hl_0_0_l_0_0 = 8.63306e-05
Hl_0_0_l_0_0_0 = 7.40996e-05
Hl_0_0_l_0_0_0_0 = 7.28098e-05
Hl_0_0_l_0_0_0_0_0 = 6.35922e-05
Hr_0_0 = 0.000999989
I = 1
pi2_0_0_0_0 = 1.12263e-07
pi2_0_0_0_0_l_0 = 8.87796e-08
pi2_0_0_0_0_l_0_0 = 8.63363e-08
pi2_0_0_0_0_l_0_0_0 = 7.41043e-08
pi2_0_0_0_0_l_0_0_0_0 = 7.28153e-08
pi2_0_0_0_0_l_0_0_0_0_0 = 6.35968e-08
