DD_0_0 = 2.84035e-11
DD_0_0_l_0 = 2.42819e-11
DD_0_0_l_0_0 = 2.52939e-11
DD_0_0_l_0_0_0 = 2.37605e-11
DD_0_0_l_0_0_0_0 = 2.40647e-11
DD_0_0_l_0_0_0_0_0 = 2.3138e-11
Dr_0_0 = 3.07666e-11
Dr_0_0_l_0 = 2.5085e-11
Dr_0_0_l_0_0 = 2.58105e-11
Dr_0_0_l_0_0_0 = 2.50073e-11
Dr_0_0_l_0_0_0_0 = 2.47923e-11
Dr_0_0_l_0_0_0_0_0 = 2.48164e-11
Dr_0_0_l_0_0_0_0_0_0 = 2.45195e-11
Hl_0_0 = 1.05903e-05
Hl_0_0_l_0 = 9.8941e-06
Hl_0_0_l_0_0 = 9.99887e-06
Hl_0_0_l_0_0_0 = 9.70002e-06
Hl_0_0_l_0_0_0_0 = 9.73003e-06
Hl_0_0_l_0_0_0_0_0 = 9.51346e-06
Hr_0_0 = 0.000999987
I = 1
pi2_0_0_0_0 = 1.0587e-08
pi2_0_0_0_0_l_0 = 9.89294e-09
pi2_0_0_0_0_l_0_0 = 9.99779e-09
pi2_0_0_0_0_l_0_0_0 = 9.69934e-09
pi2_0_0_0_0_l_0_0_0_0 = 9.72937e-09
pi2_0_0_0_0_l_0_0_0_0_0 = 9.513e-09
