DD_0_0 = 2.04668e-11
DD_0_0_l_0 = 2.53828e-11
DD_0_0_l_0_0 = 2.2846e-11
DD_0_0_l_0_0_0 = 2.42817e-11
DD_0_0_l_0_0_0_0 = 2.27401e-11
DD_0_0_l_0_0_0_0_0 = 2.34076e-11
DD_0_0_l_0_0_0_0_0_0 = 2.23053e-11
DD_0_0_l_0_0_0_0_0_0_0 = 2.26295e-11
DD_0_0_l_0_0_0_0_0_0_0_0 = 2.17824e-11
DD_0_0_l_0_0_0_0_0_0_0_0_0 = 2.19106e-11
DD_0_0_l_0_0_0_0_0_0_0_0_0_0 = 2.1236e-11
Dr_0_0 = 1.56991e-11
Dr_0_0_l_0 = 2.4747e-11
Dr_0_0_l_0_0 = 2.22807e-11
Dr_0_0_l_0_0_0 = 2.4267e-11
Dr_0_0_l_0_0_0_0 = 2.33018e-11
Dr_0_0_l_0_0_0_0_0 = 2.39788e-11
Dr_0_0_l_0_0_0_0_0_0 = 2.35744e-11
Dr_0_0_l_0_0_0_0_0_0_0 = 2.37427e-11
Dr_0_0_l_0_0_0_0_0_0_0_0 = 2.36089e-11
Dr_0_0_l_0_0_0_0_0_0_0_0_0 = 2.35249e-11
Dr_0_0_l_0_0_0_0_0_0_0_0_0_0 = 2.35393e-11
Dr_0_0_l_0_0_0_0_0_0_0_0_0_0_0 = 2.33935e-11
Hl_0_0 = 9.19175e-06
Hl_0_0_l_0 = 9.90808e-06
Hl_0_0_l_0_0 = 9.53242e-06
Hl_0_0_l_0_0_0 = 9.71401e-06
Hl_0_0_l_0_0_0_0 = 9.44976e-06
Hl_0_0_l_0_0_0_0_0 = 9.52747e-06
Hl_0_0_l_0_0_0_0_0_0 = 9.31283e-06
Hl_0_0_l_0_0_0_0_0_0_0 = 9.34802e-06
Hl_0_0_l_0_0_0_0_0_0_0_0 = 9.16224e-06
Hl_0_0_l_0_0_0_0_0_0_0_0_0 = 9.17526e-06
Hl_0_0_l_0_0_0_0_0_0_0_0_0_0 = 9.00883e-06
Hr_0_0 = 0.000999988
I = 1
pi2_0_0_0_0 = 9.19592e-09
pi2_0_0_0_0_l_0 = 9.90967e-09
pi2_0_0_0_0_l_0_0 = 9.53371e-09
pi2_0_0_0_0_l_0_0_0 = 9.71492e-09
pi2_0_0_0_0_l_0_0_0_0 = 9.4505e-09
pi2_0_0_0_0_l_0_0_0_0_0 = 9.52809e-09
pi2_0_0_0_0_l_0_0_0_0_0_0 = 9.31333e-09
pi2_0_0_0_0_l_0_0_0_0_0_0_0 = 9.34848e-09
pi2_0_0_0_0_l_0_0_0_0_0_0_0_0 = 9.16261e-09
pi2_0_0_0_0_l_0_0_0_0_0_0_0_0_0 = 9.17562e-09
pi2_0_0_0_0_l_0_0_0_0_0_0_0_0_0_0 = 9.00912e-09
