DD_0_0 = 7.73115e-10
DD_0_0_l_0 = 1.20293e-09
DD_0_0_l_0_0 = 9.70388e-10
DD_0_0_l_0_0_0 = 9.94138e-10
DD_0_0_l_0_0_0_0 = 8.53672e-10
DD_0_0_l_0_0_0_0_0 = 8.36376e-10
DD_0_0_l_0_0_0_0_0_0 = 7.37022e-10
DD_0_0_l_0_0_0_0_0_0_0 = 7.14187e-10
DD_0_0_l_0_0_0_0_0_0_0_0 = 6.38556e-10
DD_0_0_l_0_0_0_0_0_0_0_0_0 = 6.1751e-10
DD_0_0_l_0_0_0_0_0_0_0_0_0_0 = 5.57229e-10
DD_0_0_l_0_0_0_0_0_0_0_0_0_0_0 = 5.39646e-10
DD_0_0_l_0_0_0_0_0_0_0_0_0_0_0_0 = 4.89903e-10
DD_0_0_l_0_0_0_0_0_0_0_0_0_0_0_0_0 = 4.76002e-10
DD_0_0_l_0_0_0_0_0_0_0_0_0_0_0_0_0_0 = 4.337e-10
DD_0_0_l_0_0_0_0_0_0_0_0_0_0_0_0_0_0_0 = 4.23345e-10
DD_0_0_l_0_0_0_0_0_0_0_0_0_0_0_0_0_0_0_0 = 3.863e-10
DD_0_0_l_0_0_0_0_0_0_0_0_0_0_0_0_0_0_0_0_0 = 3.79355e-10
DD_0_0_l_0_0_0_0_0_0_0_0_0_0_0_0_0_0_0_0_0_0 = 3.45878e-10
DD_0_0_l_0_0_0_0_0_0_0_0_0_0_0_0_0_0_0_0_0_0_0 = 3.42352e-10
DD_0_0_l_0_0_0_0_0_0_0_0_0_0_0_0_0_0_0_0_0_0_0_0 = 3.10982e-10
Dr_0_0 = 2.4757e-10
Dr_0_0_l_0 = 1.50786e-09
Dr_0_0_l_0_0 = 1.53311e-09
Dr_0_0_l_0_0_0 = 1.66055e-09
Dr_0_0_l_0_0_0_0 = 1.6366e-09
Dr_0_0_l_0_0_0_0_0 = 1.62805e-09
Dr_0_0_l_0_0_0_0_0_0 = 1.59071e-09
Dr_0_0_l_0_0_0_0_0_0_0 = 1.54874e-09
Dr_0_0_l_0_0_0_0_0_0_0_0 = 1.50811e-09
Dr_0_0_l_0_0_0_0_0_0_0_0_0 = 1.45797e-09
Dr_0_0_l_0_0_0_0_0_0_0_0_0_0 = 1.41741e-09
Dr_0_0_l_0_0_0_0_0_0_0_0_0_0_0 = 1.36765e-09
Dr_0_0_l_0_0_0_0_0_0_0_0_0_0_0_0 = 1.32809e-09
Dr_0_0_l_0_0_0_0_0_0_0_0_0_0_0_0_0 = 1.28224e-09
Dr_0_0_l_0_0_0_0_0_0_0_0_0_0_0_0_0_0 = 1.24338e-09
Dr_0_0_l_0_0_0_0_0_0_0_0_0_0_0_0_0_0_0 = 1.20344e-09
Dr_0_0_l_0_0_0_0_0_0_0_0_0_0_0_0_0_0_0_0 = 1.16409e-09
Dr_0_0_l_0_0_0_0_0_0_0_0_0_0_0_0_0_0_0_0_0 = 1.13192e-09
Dr_0_0_l_0_0_0_0_0_0_0_0_0_0_0_0_0_0_0_0_0_0 = 1.0898e-09
Dr_0_0_l_0_0_0_0_0_0_0_0_0_0_0_0_0_0_0_0_0_0_0 = 1.06821e-09
Dr_0_0_l_0_0_0_0_0_0_0_0_0_0_0_0_0_0_0_0_0_0_0_0 = 1.01916e-09
Dr_0_0_l_0_0_0_0_0_0_0_0_0_0_0_0_0_0_0_0_0_0_0_0_0 = 9.83134e-10
Hl_0_0 = 4.84798e-05
Hl_0_0_l_0 = 4.7576e-05
Hl_0_0_l_0_0 = 4.47355e-05
Hl_0_0_l_0_0_0 = 4.32893e-05
Hl_0_0_l_0_0_0_0 = 4.10375e-05
Hl_0_0_l_0_0_0_0_0 = 3.97398e-05
Hl_0_0_l_0_0_0_0_0_0 = 3.78597e-05
Hl_0_0_l_0_0_0_0_0_0_0 = 3.67475e-05
Hl_0_0_l_0_0_0_0_0_0_0_0 = 3.51301e-05
Hl_0_0_l_0_0_0_0_0_0_0_0_0 = 3.41891e-05
Hl_0_0_l_0_0_0_0_0_0_0_0_0_0 = 3.27645e-05
Hl_0_0_l_0_0_0_0_0_0_0_0_0_0_0 = 3.19763e-05
Hl_0_0_l_0_0_0_0_0_0_0_0_0_0_0_0 = 3.06936e-05
Hl_0_0_l_0_0_0_0_0_0_0_0_0_0_0_0_0 = 3.00451e-05
Hl_0_0_l_0_0_0_0_0_0_0_0_0_0_0_0_0_0 = 2.88625e-05
Hl_0_0_l_0_0_0_0_0_0_0_0_0_0_0_0_0_0_0 = 2.83481e-05
Hl_0_0_l_0_0_0_0_0_0_0_0_0_0_0_0_0_0_0_0 = 2.72265e-05
Hl_0_0_l_0_0_0_0_0_0_0_0_0_0_0_0_0_0_0_0_0 = 2.68515e-05
Hl_0_0_l_0_0_0_0_0_0_0_0_0_0_0_0_0_0_0_0_0_0 = 2.5747e-05
Hl_0_0_l_0_0_0_0_0_0_0_0_0_0_0_0_0_0_0_0_0_0_0 = 2.55335e-05
Hl_0_0_l_0_0_0_0_0_0_0_0_0_0_0_0_0_0_0_0_0_0_0_0 = 2.43864e-05
Hr_0_0 = 0.000999985
I = 1
pi2_0_0_0_0 = 4.90809e-08
pi2_0_0_0_0_l_0 = 4.79114e-08
pi2_0_0_0_0_l_0_0 = 4.49883e-08
pi2_0_0_0_0_l_0_0_0 = 4.34854e-08
pi2_0_0_0_0_l_0_0_0_0 = 4.11982e-08
pi2_0_0_0_0_l_0_0_0_0_0 = 3.98746e-08
pi2_0_0_0_0_l_0_0_0_0_0_0 = 3.79751e-08
pi2_0_0_0_0_l_0_0_0_0_0_0_0 = 3.68479e-08
pi2_0_0_0_0_l_0_0_0_0_0_0_0_0 = 3.52182e-08
pi2_0_0_0_0_l_0_0_0_0_0_0_0_0_0 = 3.42672e-08
pi2_0_0_0_0_l_0_0_0_0_0_0_0_0_0_0 = 3.28344e-08
pi2_0_0_0_0_l_0_0_0_0_0_0_0_0_0_0_0 = 3.20391e-08
pi2_0_0_0_0_l_0_0_0_0_0_0_0_0_0_0_0_0 = 3.07506e-08
pi2_0_0_0_0_l_0_0_0_0_0_0_0_0_0_0_0_0_0 = 3.00966e-08
pi2_0_0_0_0_l_0_0_0_0_0_0_0_0_0_0_0_0_0_0 = 2.89099e-08
pi2_0_0_0_0_l_0_0_0_0_0_0_0_0_0_0_0_0_0_0_0 = 2.83912e-08
pi2_0_0_0_0_l_0_0_0_0_0_0_0_0_0_0_0_0_0_0_0_0 = 2.72665e-08
pi2_0_0_0_0_l_0_0_0_0_0_0_0_0_0_0_0_0_0_0_0_0_0 = 2.68881e-08
pi2_0_0_0_0_l_0_0_0_0_0_0_0_0_0_0_0_0_0_0_0_0_0_0 = 2.57811e-08
pi2_0_0_0_0_l_0_0_0_0_0_0_0_0_0_0_0_0_0_0_0_0_0_0_0 = 2.55649e-08
pi2_0_0_0_0_l_0_0_0_0_0_0_0_0_0_0_0_0_0_0_0_0_0_0_0_0 = 2.44149e-08
