DD_0_0 = 5.33579e-10
DD_0_0_l_0 = 1.10775e-09
DD_0_0_l_0_0 = 9.43224e-10
Dr_0_0 = 4.54963e-10
Dr_0_0_l_0 = 9.98685e-10
Dr_0_0_l_0_0 = 1.53295e-09
Dr_0_0_l_0_0_0 = 1.58084e-09
Hl_0_0 = 4.47629e-05
Hl_0_0_l_0 = 4.77618e-05
Hl_0_0_l_0_0 = 4.3478e-05
Hr_0_0 = 0.000999981
I = 1
pi2_0_0_0_0 = 4.49205e-08
pi2_0_0_0_0_l_0 = 4.8064e-08
pi2_0_0_0_0_l_0_0 = 4.36553e-08
