DD_0_0 = -4.33511e-10
DD_0_0_l_0 = 1.17389e-09
DD_0_0_l_0_0 = 7.25514e-10
DD_0_0_l_0_0_0 = 9.83352e-10
DD_0_0_l_0_0_0_0 = 7.49392e-10
DD_0_0_l_0_0_0_0_0 = 8.31305e-10
DD_0_0_l_0_0_0_0_0_0 = 6.80534e-10
DD_0_0_l_0_0_0_0_0_0_0 = 7.11074e-10
DD_0_0_l_0_0_0_0_0_0_0_0 = 6.0442e-10
DD_0_0_l_0_0_0_0_0_0_0_0_0 = 6.14661e-10
DD_0_0_l_0_0_0_0_0_0_0_0_0_0 = 5.35888e-10
Dr_0_0 = -4.22091e-09
Dr_0_0_l_0 = -2.31759e-10
Dr_0_0_l_0_0 = 1.39057e-10
Dr_0_0_l_0_0_0 = 7.10968e-10
Dr_0_0_l_0_0_0_0 = 8.59472e-10
Dr_0_0_l_0_0_0_0_0 = 1.00596e-09
Dr_0_0_l_0_0_0_0_0_0 = 1.07386e-09
Dr_0_0_l_0_0_0_0_0_0_0 = 1.10238e-09
Dr_0_0_l_0_0_0_0_0_0_0_0 = 1.13207e-09
Dr_0_0_l_0_0_0_0_0_0_0_0_0 = 1.11965e-09
Dr_0_0_l_0_0_0_0_0_0_0_0_0_0 = 1.12799e-09
Dr_0_0_l_0_0_0_0_0_0_0_0_0_0_0 = 1.09836e-09
Hl_0_0 = 4.4275e-05
Hl_0_0_l_0 = 4.77862e-05
Hl_0_0_l_0_0 = 4.33129e-05
Hl_0_0_l_0_0_0 = 4.35027e-05
Hl_0_0_l_0_0_0_0 = 4.01539e-05
Hl_0_0_l_0_0_0_0_0 = 3.99607e-05
Hl_0_0_l_0_0_0_0_0_0 = 3.71927e-05
Hl_0_0_l_0_0_0_0_0_0_0 = 3.6981e-05
Hl_0_0_l_0_0_0_0_0_0_0_0 = 3.45695e-05
Hl_0_0_l_0_0_0_0_0_0_0_0_0 = 3.44414e-05
Hl_0_0_l_0_0_0_0_0_0_0_0_0_0 = 3.2256e-05
Hr_0_0 = 0.00100007
I = 1
pi2_0_0_0_0 = 4.58758e-08
pi2_0_0_0_0_l_0 = 4.87077e-08
pi2_0_0_0_0_l_0_0 = 4.39601e-08
pi2_0_0_0_0_l_0_0_0 = 4.40232e-08
pi2_0_0_0_0_l_0_0_0_0 = 4.05525e-08
pi2_0_0_0_0_l_0_0_0_0_0 = 4.03115e-08
pi2_0_0_0_0_l_0_0_0_0_0_0 = 3.74723e-08
pi2_0_0_0_0_l_0_0_0_0_0_0_0 = 3.72393e-08
pi2_0_0_0_0_l_0_0_0_0_0_0_0_0 = 3.47791e-08
pi2_0_0_0_0_l_0_0_0_0_0_0_0_0_0 = 3.46422e-08
pi2_0_0_0_0_l_0_0_0_0_0_0_0_0_0_0 = 3.24195e-08
