DD_0_0 = -4.00449e-10
DD_0_0_l_0 = 1.17405e-09
DD_0_0_l_0_0 = 7.28339e-10
DD_0_0_l_0_0_0 = 9.81472e-10
DD_0_0_l_0_0_0_0 = 7.48699e-10
DD_0_0_l_0_0_0_0_0 = 8.29202e-10
DD_0_0_l_0_0_0_0_0_0 = 6.79088e-10
DD_0_0_l_0_0_0_0_0_0_0 = 7.09126e-10
DD_0_0_l_0_0_0_0_0_0_0_0 = 6.02861e-10
DD_0_0_l_0_0_0_0_0_0_0_0_0 = 6.12946e-10
DD_0_0_l_0_0_0_0_0_0_0_0_0_0 = 5.344e-10
Dr_0_0 = -4.07796e-09
Dr_0_0_l_0 = -1.68798e-10
Dr_0_0_l_0_0 = 1.81318e-10
Dr_0_0_l_0_0_0 = 7.40009e-10
Dr_0_0_l_0_0_0_0 = 8.79473e-10
Dr_0_0_l_0_0_0_0_0 = 1.0216e-09
Dr_0_0_l_0_0_0_0_0_0 = 1.08445e-09
Dr_0_0_l_0_0_0_0_0_0_0 = 1.11131e-09
Dr_0_0_l_0_0_0_0_0_0_0_0 = 1.13775e-09
Dr_0_0_l_0_0_0_0_0_0_0_0_0 = 1.12482e-09
Dr_0_0_l_0_0_0_0_0_0_0_0_0_0 = 1.13083e-09
Dr_0_0_l_0_0_0_0_0_0_0_0_0_0_0 = 1.10014e-09
Hl_0_0 = 4.4275e-05
Hl_0_0_l_0 = 4.77862e-05
Hl_0_0_l_0_0 = 4.33129e-05
Hl_0_0_l_0_0_0 = 4.35027e-05
Hl_0_0_l_0_0_0_0 = 4.01539e-05
Hl_0_0_l_0_0_0_0_0 = 3.99607e-05
Hl_0_0_l_0_0_0_0_0_0 = 3.71927e-05
Hl_0_0_l_0_0_0_0_0_0_0 = 3.6981e-05
Hl_0_0_l_0_0_0_0_0_0_0_0 = 3.45695e-05
Hl_0_0_l_0_0_0_0_0_0_0_0_0 = 3.44414e-05
Hl_0_0_l_0_0_0_0_0_0_0_0_0_0 = 3.2256e-05
Hr_0_0 = 0.00100007
I = 1
pi2_0_0_0_0 = 4.58468e-08
pi2_0_0_0_0_l_0 = 4.86885e-08
pi2_0_0_0_0_l_0_0 = 4.3947e-08
pi2_0_0_0_0_l_0_0_0 = 4.40121e-08
pi2_0_0_0_0_l_0_0_0_0 = 4.05443e-08
pi2_0_0_0_0_l_0_0_0_0_0 = 4.0304e-08
pi2_0_0_0_0_l_0_0_0_0_0_0 = 3.74665e-08
pi2_0_0_0_0_l_0_0_0_0_0_0_0 = 3.72338e-08
pi2_0_0_0_0_l_0_0_0_0_0_0_0_0 = 3.47747e-08
pi2_0_0_0_0_l_0_0_0_0_0_0_0_0_0 = 3.46379e-08
pi2_0_0_0_0_l_0_0_0_0_0_0_0_0_0_0 = 3.2416e-08
