DD_0_0 = 3.05739e-09
DD_0_0_l_0 = 1.25938e-09
DD_0_0_l_0_0 = 1.44353e-09
DD_0_0_l_0_0_0 = 1.01818e-09
DD_0_0_l_0_0_0_0 = 1.05999e-09
DD_0_0_l_0_0_0_0_0 = 8.49295e-10
Dr_0_0 = 9.04599e-09
Dr_0_0_l_0 = 4.71261e-09
Dr_0_0_l_0_0 = 4.30093e-09
Dr_0_0_l_0_0_0 = 3.40681e-09
Dr_0_0_l_0_0_0_0 = 3.19976e-09
Dr_0_0_l_0_0_0_0_0 = 2.76744e-09
Dr_0_0_l_0_0_0_0_0_0 = 2.43772e-09
Hl_0_0 = 5.73832e-05
Hl_0_0_l_0 = 4.71308e-05
Hl_0_0_l_0_0 = 4.77478e-05
Hl_0_0_l_0_0_0 = 4.28375e-05
Hl_0_0_l_0_0_0_0 = 4.29086e-05
Hl_0_0_l_0_0_0_0_0 = 3.9272e-05
Hr_0_0 = 0.000999809
I = 1
pi2_0_0_0_0 = 5.54435e-08
pi2_0_0_0_0_l_0 = 4.6364e-08
pi2_0_0_0_0_l_0_0 = 4.70434e-08
pi2_0_0_0_0_l_0_0_0 = 4.24387e-08
pi2_0_0_0_0_l_0_0_0_0 = 4.24906e-08
pi2_0_0_0_0_l_0_0_0_0_0 = 3.9005e-08
