DD_0_0 = 2.69258e-09
DD_0_0_l_0 = 1.15663e-09
DD_0_0_l_0_0 = 1.33262e-09
DD_0_0_l_0_0_0 = 9.54323e-10
DD_0_0_l_0_0_0_0 = 9.94485e-10
DD_0_0_l_0_0_0_0_0 = 8.03714e-10
Dr_0_0 = 7.41029e-09
Dr_0_0_l_0 = 3.90304e-09
Dr_0_0_l_0_0 = 3.59058e-09
Dr_0_0_l_0_0_0 = 2.89274e-09
Dr_0_0_l_0_0_0_0 = 2.71961e-09
Dr_0_0_l_0_0_0_0_0 = 2.38905e-09
Dr_0_0_l_0_0_0_0_0_0 = 2.12224e-09
Hl_0_0 = 5.73832e-05
Hl_0_0_l_0 = 4.71308e-05
Hl_0_0_l_0_0 = 4.77478e-05
Hl_0_0_l_0_0_0 = 4.28375e-05
Hl_0_0_l_0_0_0_0 = 4.29086e-05
Hl_0_0_l_0_0_0_0_0 = 3.9272e-05
Hr_0_0 = 0.000999842
I = 1
pi2_0_0_0_0 = 5.58213e-08
pi2_0_0_0_0_l_0 = 4.65188e-08
pi2_0_0_0_0_l_0_0 = 4.71908e-08
pi2_0_0_0_0_l_0_0_0 = 4.25238e-08
pi2_0_0_0_0_l_0_0_0_0 = 4.25811e-08
pi2_0_0_0_0_l_0_0_0_0_0 = 3.90649e-08
