DD_0_0 = 5.94541e-10
DD_0_0_l_0 = 7.99825e-10
DD_0_0_l_0_0 = 6.63689e-10
Dr_0_0 = 6.01887e-10
Dr_0_0_l_0 = 7.97813e-10
Dr_0_0_l_0_0 = 9.47332e-10
Dr_0_0_l_0_0_0 = 9.07219e-10
Hl_0_0 = 4.47629e-05
Hl_0_0_l_0 = 4.77618e-05
Hl_0_0_l_0_0 = 4.3478e-05
Hr_0_0 = 0.000999978
I = 1
pi2_0_0_0_0 = 4.4861e-08
pi2_0_0_0_0_l_0 = 4.78766e-08
pi2_0_0_0_0_l_0_0 = 4.35498e-08
