DD_0_0 = 1.25963e-09
DD_0_0_l_0 = 7.3257e-10
DD_0_0_l_0_0 = 8.21113e-10
DD_0_0_l_0_0_0 = 6.39727e-10
DD_0_0_l_0_0_0_0 = 6.62206e-10
DD_0_0_l_0_0_0_0_0 = 5.57271e-10
Dr_0_0 = 2.00754e-09
Dr_0_0_l_0 = 1.21422e-09
Dr_0_0_l_0_0 = 1.20666e-09
Dr_0_0_l_0_0_0 = 1.08181e-09
Dr_0_0_l_0_0_0_0 = 1.02959e-09
Dr_0_0_l_0_0_0_0_0 = 9.90512e-10
Dr_0_0_l_0_0_0_0_0_0 = 9.21106e-10
Hl_0_0 = 5.73832e-05
Hl_0_0_l_0 = 4.71308e-05
Hl_0_0_l_0_0 = 4.77478e-05
Hl_0_0_l_0_0_0 = 4.28375e-05
Hl_0_0_l_0_0_0_0 = 4.29086e-05
Hl_0_0_l_0_0_0_0_0 = 3.9272e-05
Hr_0_0 = 0.00099995
I = 1
pi2_0_0_0_0 = 5.70516e-08
pi2_0_0_0_0_l_0 = 4.70214e-08
pi2_0_0_0_0_l_0_0 = 4.76546e-08
pi2_0_0_0_0_l_0_0_0 = 4.27908e-08
pi2_0_0_0_0_l_0_0_0_0 = 4.28612e-08
pi2_0_0_0_0_l_0_0_0_0_0 = 3.92475e-08
