DD_0_0 = 2.00621e-10
DD_0_0_l_0 = 1.96113e-10
DD_0_0_l_0_0 = 1.81559e-10
DD_0_0_l_0_0_0 = 1.74358e-10
DD_0_0_l_0_0_0_0 = 1.62982e-10
DD_0_0_l_0_0_0_0_0 = 1.56571e-10
DD_0_0_l_0_0_0_0_0_0 = 1.47191e-10
DD_0_0_l_0_0_0_0_0_0_0 = 1.41748e-10
DD_0_0_l_0_0_0_0_0_0_0_0 = 1.33774e-10
DD_0_0_l_0_0_0_0_0_0_0_0_0 = 1.29211e-10
DD_0_0_l_0_0_0_0_0_0_0_0_0_0 = 1.2227e-10
DD_0_0_l_0_0_0_0_0_0_0_0_0_0_0 = 1.18486e-10
DD_0_0_l_0_0_0_0_0_0_0_0_0_0_0_0 = 1.12308e-10
DD_0_0_l_0_0_0_0_0_0_0_0_0_0_0_0_0 = 1.09224e-10
DD_0_0_l_0_0_0_0_0_0_0_0_0_0_0_0_0_0 = 1.03594e-10
DD_0_0_l_0_0_0_0_0_0_0_0_0_0_0_0_0_0_0 = 1.0117e-10
DD_0_0_l_0_0_0_0_0_0_0_0_0_0_0_0_0_0_0_0 = 9.58927e-11
DD_0_0_l_0_0_0_0_0_0_0_0_0_0_0_0_0_0_0_0_0 = 9.41406e-11
DD_0_0_l_0_0_0_0_0_0_0_0_0_0_0_0_0_0_0_0_0_0 = 8.9004e-11
DD_0_0_l_0_0_0_0_0_0_0_0_0_0_0_0_0_0_0_0_0_0_0 = 8.80119e-11
DD_0_0_l_0_0_0_0_0_0_0_0_0_0_0_0_0_0_0_0_0_0_0_0 = 8.27358e-11
Dr_0_0 = 6.45018e-11
Dr_0_0_l_0 = 6.87245e-11
Dr_0_0_l_0_0 = 6.89219e-11
Dr_0_0_l_0_0_0 = 7.04311e-11
Dr_0_0_l_0_0_0_0 = 7.05612e-11
Dr_0_0_l_0_0_0_0_0 = 7.12133e-11
Dr_0_0_l_0_0_0_0_0_0 = 7.11946e-11
Dr_0_0_l_0_0_0_0_0_0_0 = 7.13574e-11
Dr_0_0_l_0_0_0_0_0_0_0_0 = 7.1221e-11
Dr_0_0_l_0_0_0_0_0_0_0_0_0 = 7.10568e-11
Dr_0_0_l_0_0_0_0_0_0_0_0_0_0 = 7.08459e-11
Dr_0_0_l_0_0_0_0_0_0_0_0_0_0_0 = 7.04445e-11
Dr_0_0_l_0_0_0_0_0_0_0_0_0_0_0_0 = 7.01983e-11
Dr_0_0_l_0_0_0_0_0_0_0_0_0_0_0_0_0 = 6.96107e-11
Dr_0_0_l_0_0_0_0_0_0_0_0_0_0_0_0_0_0 = 6.93655e-11
Dr_0_0_l_0_0_0_0_0_0_0_0_0_0_0_0_0_0_0 = 6.86206e-11
Dr_0_0_l_0_0_0_0_0_0_0_0_0_0_0_0_0_0_0_0 = 6.84069e-11
Dr_0_0_l_0_0_0_0_0_0_0_0_0_0_0_0_0_0_0_0_0 = 6.75242e-11
Dr_0_0_l_0_0_0_0_0_0_0_0_0_0_0_0_0_0_0_0_0_0 = 6.73583e-11
Dr_0_0_l_0_0_0_0_0_0_0_0_0_0_0_0_0_0_0_0_0_0_0 = 6.63718e-11
Dr_0_0_l_0_0_0_0_0_0_0_0_0_0_0_0_0_0_0_0_0_0_0_0 = 6.6217e-11
Dr_0_0_l_0_0_0_0_0_0_0_0_0_0_0_0_0_0_0_0_0_0_0_0_0 = 6.51058e-11
Hl_0_0 = 4.84798e-05
Hl_0_0_l_0 = 4.7576e-05
Hl_0_0_l_0_0 = 4.47355e-05
Hl_0_0_l_0_0_0 = 4.32893e-05
Hl_0_0_l_0_0_0_0 = 4.10375e-05
Hl_0_0_l_0_0_0_0_0 = 3.97398e-05
Hl_0_0_l_0_0_0_0_0_0 = 3.78597e-05
Hl_0_0_l_0_0_0_0_0_0_0 = 3.67475e-05
Hl_0_0_l_0_0_0_0_0_0_0_0 = 3.51301e-05
Hl_0_0_l_0_0_0_0_0_0_0_0_0 = 3.41891e-05
Hl_0_0_l_0_0_0_0_0_0_0_0_0_0 = 3.27645e-05
Hl_0_0_l_0_0_0_0_0_0_0_0_0_0_0 = 3.19763e-05
Hl_0_0_l_0_0_0_0_0_0_0_0_0_0_0_0 = 3.06936e-05
Hl_0_0_l_0_0_0_0_0_0_0_0_0_0_0_0_0 = 3.00451e-05
Hl_0_0_l_0_0_0_0_0_0_0_0_0_0_0_0_0_0 = 2.88625e-05
Hl_0_0_l_0_0_0_0_0_0_0_0_0_0_0_0_0_0_0 = 2.83481e-05
Hl_0_0_l_0_0_0_0_0_0_0_0_0_0_0_0_0_0_0_0 = 2.72265e-05
Hl_0_0_l_0_0_0_0_0_0_0_0_0_0_0_0_0_0_0_0_0 = 2.68515e-05
Hl_0_0_l_0_0_0_0_0_0_0_0_0_0_0_0_0_0_0_0_0_0 = 2.5747e-05
Hl_0_0_l_0_0_0_0_0_0_0_0_0_0_0_0_0_0_0_0_0_0_0 = 2.55335e-05
Hl_0_0_l_0_0_0_0_0_0_0_0_0_0_0_0_0_0_0_0_0_0_0_0 = 2.43864e-05
Hr_0_0 = 0.000999989
I = 1
pi2_0_0_0_0 = 4.84837e-08
pi2_0_0_0_0_l_0 = 4.7579e-08
pi2_0_0_0_0_l_0_0 = 4.47383e-08
pi2_0_0_0_0_l_0_0_0 = 4.32919e-08
pi2_0_0_0_0_l_0_0_0_0 = 4.10399e-08
pi2_0_0_0_0_l_0_0_0_0_0 = 3.97419e-08
pi2_0_0_0_0_l_0_0_0_0_0_0 = 3.78617e-08
pi2_0_0_0_0_l_0_0_0_0_0_0_0 = 3.67495e-08
pi2_0_0_0_0_l_0_0_0_0_0_0_0_0 = 3.51319e-08
pi2_0_0_0_0_l_0_0_0_0_0_0_0_0_0 = 3.41908e-08
pi2_0_0_0_0_l_0_0_0_0_0_0_0_0_0_0 = 3.2766e-08
pi2_0_0_0_0_l_0_0_0_0_0_0_0_0_0_0_0 = 3.19779e-08
pi2_0_0_0_0_l_0_0_0_0_0_0_0_0_0_0_0_0 = 3.0695e-08
pi2_0_0_0_0_l_0_0_0_0_0_0_0_0_0_0_0_0_0 = 3.00464e-08
pi2_0_0_0_0_l_0_0_0_0_0_0_0_0_0_0_0_0_0_0 = 2.88637e-08
pi2_0_0_0_0_l_0_0_0_0_0_0_0_0_0_0_0_0_0_0_0 = 2.83493e-08
pi2_0_0_0_0_l_0_0_0_0_0_0_0_0_0_0_0_0_0_0_0_0 = 2.72276e-08
pi2_0_0_0_0_l_0_0_0_0_0_0_0_0_0_0_0_0_0_0_0_0_0 = 2.68526e-08
pi2_0_0_0_0_l_0_0_0_0_0_0_0_0_0_0_0_0_0_0_0_0_0_0 = 2.5748e-08
pi2_0_0_0_0_l_0_0_0_0_0_0_0_0_0_0_0_0_0_0_0_0_0_0_0 = 2.55344e-08
pi2_0_0_0_0_l_0_0_0_0_0_0_0_0_0_0_0_0_0_0_0_0_0_0_0_0 = 2.43874e-08
