DD_0_0 = -1.61908e-11
DD_0_0_l_0 = 4.64309e-11
DD_0_0_l_0_0 = 3.52721e-11
DD_0_0_l_0_0_0 = 4.59738e-11
DD_0_0_l_0_0_0_0 = 4.10902e-11
DD_0_0_l_0_0_0_0_0 = 4.47378e-11
DD_0_0_l_0_0_0_0_0_0 = 4.1904e-11
DD_0_0_l_0_0_0_0_0_0_0 = 4.33254e-11
DD_0_0_l_0_0_0_0_0_0_0_0 = 4.14159e-11
DD_0_0_l_0_0_0_0_0_0_0_0_0 = 4.1887e-11
DD_0_0_l_0_0_0_0_0_0_0_0_0_0 = 4.04782e-11
Dr_0_0 = -1.96187e-10
Dr_0_0_l_0 = -2.6494e-11
Dr_0_0_l_0_0 = -3.03845e-12
Dr_0_0_l_0_0_0 = 2.30194e-11
Dr_0_0_l_0_0_0_0 = 3.52215e-11
Dr_0_0_l_0_0_0_0_0 = 4.31301e-11
Dr_0_0_l_0_0_0_0_0_0 = 5.0889e-11
Dr_0_0_l_0_0_0_0_0_0_0 = 5.34827e-11
Dr_0_0_l_0_0_0_0_0_0_0_0 = 5.89346e-11
Dr_0_0_l_0_0_0_0_0_0_0_0_0 = 5.943e-11
Dr_0_0_l_0_0_0_0_0_0_0_0_0_0 = 6.34981e-11
Dr_0_0_l_0_0_0_0_0_0_0_0_0_0_0 = 6.58435e-11
Hl_0_0 = 9.19175e-06
Hl_0_0_l_0 = 9.90808e-06
Hl_0_0_l_0_0 = 9.53242e-06
Hl_0_0_l_0_0_0 = 9.71401e-06
Hl_0_0_l_0_0_0_0 = 9.44976e-06
Hl_0_0_l_0_0_0_0_0 = 9.52747e-06
Hl_0_0_l_0_0_0_0_0_0 = 9.31283e-06
Hl_0_0_l_0_0_0_0_0_0_0 = 9.34802e-06
Hl_0_0_l_0_0_0_0_0_0_0_0 = 9.16224e-06
Hl_0_0_l_0_0_0_0_0_0_0_0_0 = 9.17526e-06
Hl_0_0_l_0_0_0_0_0_0_0_0_0_0 = 9.00883e-06
Hr_0_0 = 0.00100001
I = 1
pi2_0_0_0_0 = 9.26354e-09
pi2_0_0_0_0_l_0 = 9.95466e-09
pi2_0_0_0_0_l_0_0 = 9.56397e-09
pi2_0_0_0_0_l_0_0_0 = 9.7417e-09
pi2_0_0_0_0_l_0_0_0_0 = 9.47041e-09
pi2_0_0_0_0_l_0_0_0_0_0 = 9.54704e-09
pi2_0_0_0_0_l_0_0_0_0_0_0 = 9.32813e-09
pi2_0_0_0_0_l_0_0_0_0_0_0_0 = 9.36307e-09
pi2_0_0_0_0_l_0_0_0_0_0_0_0_0 = 9.17434e-09
pi2_0_0_0_0_l_0_0_0_0_0_0_0_0_0 = 9.18744e-09
pi2_0_0_0_0_l_0_0_0_0_0_0_0_0_0_0 = 9.01891e-09
