DD_0_0 = 8.81939e-11
DD_0_0_l_0 = 5.21128e-11
DD_0_0_l_0_0 = 5.62915e-11
DD_0_0_l_0_0_0 = 4.91129e-11
DD_0_0_l_0_0_0_0 = 5.01016e-11
DD_0_0_l_0_0_0_0_0 = 4.68649e-11
Dr_0_0 = 2.85035e-10
Dr_0_0_l_0 = 1.67833e-10
Dr_0_0_l_0_0 = 1.61249e-10
Dr_0_0_l_0_0_0 = 1.37263e-10
Dr_0_0_l_0_0_0_0 = 1.34162e-10
Dr_0_0_l_0_0_0_0_0 = 1.23146e-10
Dr_0_0_l_0_0_0_0_0_0 = 1.15004e-10
Hl_0_0 = 1.05903e-05
Hl_0_0_l_0 = 9.8941e-06
Hl_0_0_l_0_0 = 9.99887e-06
Hl_0_0_l_0_0_0 = 9.70002e-06
Hl_0_0_l_0_0_0_0 = 9.73003e-06
Hl_0_0_l_0_0_0_0_0 = 9.51346e-06
Hr_0_0 = 0.000999961
I = 1
pi2_0_0_0_0 = 1.0519e-08
pi2_0_0_0_0_l_0 = 9.86577e-09
pi2_0_0_0_0_l_0_0 = 9.9711e-09
pi2_0_0_0_0_l_0_0_0 = 9.68337e-09
pi2_0_0_0_0_l_0_0_0_0 = 9.71252e-09
pi2_0_0_0_0_l_0_0_0_0_0 = 9.50129e-09
