DD_0_0 = 4.21654e-11
DD_0_0_l_0 = 4.83889e-11
DD_0_0_l_0_0 = 4.70604e-11
Dr_0_0 = 7.58801e-11
Dr_0_0_l_0 = 8.20533e-11
Dr_0_0_l_0_0 = 8.81983e-11
Dr_0_0_l_0_0_0 = 8.95094e-11
Hl_0_0 = 9.72036e-06
Hl_0_0_l_0 = 9.9028e-06
Hl_0_0_l_0_0 = 9.70872e-06
Hr_0_0 = 0.000999982
I = 1
pi2_0_0_0_0 = 9.72182e-09
pi2_0_0_0_0_l_0 = 9.90639e-09
pi2_0_0_0_0_l_0_0 = 9.7108e-09
