DD_0_0 = -1.04338e-10
DD_0_0_l_0 = 4.59492e-11
DD_0_0_l_0_0 = 1.73547e-11
DD_0_0_l_0_0_0 = 4.5729e-11
DD_0_0_l_0_0_0_0 = 3.32964e-11
DD_0_0_l_0_0_0_0_0 = 4.45867e-11
DD_0_0_l_0_0_0_0_0_0 = 3.75149e-11
DD_0_0_l_0_0_0_0_0_0_0 = 4.32231e-11
DD_0_0_l_0_0_0_0_0_0_0_0 = 3.85877e-11
DD_0_0_l_0_0_0_0_0_0_0_0_0 = 4.18137e-11
DD_0_0_l_0_0_0_0_0_0_0_0_0_0 = 3.84976e-11
DD_0_0_l_0_0_0_0_0_0_0_0_0_0_0 = 4.04201e-11
DD_0_0_l_0_0_0_0_0_0_0_0_0_0_0_0 = 3.79038e-11
DD_0_0_l_0_0_0_0_0_0_0_0_0_0_0_0_0 = 3.90656e-11
DD_0_0_l_0_0_0_0_0_0_0_0_0_0_0_0_0_0 = 3.7076e-11
DD_0_0_l_0_0_0_0_0_0_0_0_0_0_0_0_0_0_0 = 3.77607e-11
DD_0_0_l_0_0_0_0_0_0_0_0_0_0_0_0_0_0_0_0 = 3.61394e-11
DD_0_0_l_0_0_0_0_0_0_0_0_0_0_0_0_0_0_0_0_0 = 3.65092e-11
DD_0_0_l_0_0_0_0_0_0_0_0_0_0_0_0_0_0_0_0_0_0 = 3.51582e-11
DD_0_0_l_0_0_0_0_0_0_0_0_0_0_0_0_0_0_0_0_0_0_0 = 3.5311e-11
DD_0_0_l_0_0_0_0_0_0_0_0_0_0_0_0_0_0_0_0_0_0_0_0 = 3.41669e-11
Dr_0_0 = -6.63278e-10
Dr_0_0_l_0 = -1.88771e-10
Dr_0_0_l_0_0 = -1.56318e-10
Dr_0_0_l_0_0_0 = -7.22594e-11
Dr_0_0_l_0_0_0_0 = -5.51747e-11
Dr_0_0_l_0_0_0_0_0 = -2.35407e-11
Dr_0_0_l_0_0_0_0_0_0 = -1.25521e-11
Dr_0_0_l_0_0_0_0_0_0_0 = 2.64461e-12
Dr_0_0_l_0_0_0_0_0_0_0_0 = 1.04549e-11
Dr_0_0_l_0_0_0_0_0_0_0_0_0 = 1.86264e-11
Dr_0_0_l_0_0_0_0_0_0_0_0_0_0 = 2.45224e-11
Dr_0_0_l_0_0_0_0_0_0_0_0_0_0_0 = 2.91421e-11
Dr_0_0_l_0_0_0_0_0_0_0_0_0_0_0_0 = 3.37771e-11
Dr_0_0_l_0_0_0_0_0_0_0_0_0_0_0_0_0 = 3.64e-11
Dr_0_0_l_0_0_0_0_0_0_0_0_0_0_0_0_0_0 = 4.01518e-11
Dr_0_0_l_0_0_0_0_0_0_0_0_0_0_0_0_0_0_0 = 4.15678e-11
Dr_0_0_l_0_0_0_0_0_0_0_0_0_0_0_0_0_0_0_0 = 4.46732e-11
Dr_0_0_l_0_0_0_0_0_0_0_0_0_0_0_0_0_0_0_0_0 = 4.53206e-11
Dr_0_0_l_0_0_0_0_0_0_0_0_0_0_0_0_0_0_0_0_0_0 = 4.79369e-11
Dr_0_0_l_0_0_0_0_0_0_0_0_0_0_0_0_0_0_0_0_0_0_0 = 4.80755e-11
Dr_0_0_l_0_0_0_0_0_0_0_0_0_0_0_0_0_0_0_0_0_0_0_0 = 5.0312e-11
Dr_0_0_l_0_0_0_0_0_0_0_0_0_0_0_0_0_0_0_0_0_0_0_0_0 = 5.16875e-11
Hl_0_0 = 8.84925e-06
Hl_0_0_l_0 = 9.91151e-06
Hl_0_0_l_0_0 = 9.41818e-06
Hl_0_0_l_0_0_0 = 9.71744e-06
Hl_0_0_l_0_0_0_0 = 9.38113e-06
Hl_0_0_l_0_0_0_0_0 = 9.5309e-06
Hl_0_0_l_0_0_0_0_0_0 = 9.26369e-06
Hl_0_0_l_0_0_0_0_0_0_0 = 9.35146e-06
Hl_0_0_l_0_0_0_0_0_0_0_0 = 9.12391e-06
Hl_0_0_l_0_0_0_0_0_0_0_0_0 = 9.17871e-06
Hl_0_0_l_0_0_0_0_0_0_0_0_0_0 = 8.97735e-06
Hl_0_0_l_0_0_0_0_0_0_0_0_0_0_0 = 9.01229e-06
Hl_0_0_l_0_0_0_0_0_0_0_0_0_0_0_0 = 8.82977e-06
Hl_0_0_l_0_0_0_0_0_0_0_0_0_0_0_0_0 = 8.85186e-06
Hl_0_0_l_0_0_0_0_0_0_0_0_0_0_0_0_0_0 = 8.68371e-06
Hl_0_0_l_0_0_0_0_0_0_0_0_0_0_0_0_0_0_0 = 8.69709e-06
Hl_0_0_l_0_0_0_0_0_0_0_0_0_0_0_0_0_0_0_0 = 8.54037e-06
Hl_0_0_l_0_0_0_0_0_0_0_0_0_0_0_0_0_0_0_0_0 = 8.54769e-06
Hl_0_0_l_0_0_0_0_0_0_0_0_0_0_0_0_0_0_0_0_0_0 = 8.40035e-06
Hl_0_0_l_0_0_0_0_0_0_0_0_0_0_0_0_0_0_0_0_0_0_0 = 8.40338e-06
Hl_0_0_l_0_0_0_0_0_0_0_0_0_0_0_0_0_0_0_0_0_0_0_0 = 8.26392e-06
Hr_0_0 = 0.00100006
I = 1
pi2_0_0_0_0 = 9.06495e-09
pi2_0_0_0_0_l_0 = 1.00325e-08
pi2_0_0_0_0_l_0_0 = 9.50722e-09
pi2_0_0_0_0_l_0_0_0 = 9.78899e-09
pi2_0_0_0_0_l_0_0_0_0 = 9.4383e-09
pi2_0_0_0_0_l_0_0_0_0_0 = 9.58129e-09
pi2_0_0_0_0_l_0_0_0_0_0_0 = 9.30567e-09
pi2_0_0_0_0_l_0_0_0_0_0_0_0 = 9.3901e-09
pi2_0_0_0_0_l_0_0_0_0_0_0_0_0 = 9.15693e-09
pi2_0_0_0_0_l_0_0_0_0_0_0_0_0_0 = 9.2099e-09
pi2_0_0_0_0_l_0_0_0_0_0_0_0_0_0_0 = 9.00443e-09
pi2_0_0_0_0_l_0_0_0_0_0_0_0_0_0_0_0 = 9.03833e-09
pi2_0_0_0_0_l_0_0_0_0_0_0_0_0_0_0_0_0 = 8.85264e-09
pi2_0_0_0_0_l_0_0_0_0_0_0_0_0_0_0_0_0_0 = 8.87412e-09
pi2_0_0_0_0_l_0_0_0_0_0_0_0_0_0_0_0_0_0_0 = 8.70343e-09
pi2_0_0_0_0_l_0_0_0_0_0_0_0_0_0_0_0_0_0_0_0 = 8.71648e-09
pi2_0_0_0_0_l_0_0_0_0_0_0_0_0_0_0_0_0_0_0_0_0 = 8.55765e-09
pi2_0_0_0_0_l_0_0_0_0_0_0_0_0_0_0_0_0_0_0_0_0_0 = 8.56482e-09
pi2_0_0_0_0_l_0_0_0_0_0_0_0_0_0_0_0_0_0_0_0_0_0_0 = 8.41568e-09
pi2_0_0_0_0_l_0_0_0_0_0_0_0_0_0_0_0_0_0_0_0_0_0_0_0 = 8.4187e-09
pi2_0_0_0_0_l_0_0_0_0_0_0_0_0_0_0_0_0_0_0_0_0_0_0_0_0 = 8.2777e-09
