DD_0_0 = 4.21635e-11
DD_0_0_l_0 = 4.83852e-11
DD_0_0_l_0_0 = 4.70565e-11
Dr_0_0 = 7.58742e-11
Dr_0_0_l_0 = 8.2044e-11
Dr_0_0_l_0_0 = 8.81861e-11
Dr_0_0_l_0_0_0 = 8.94962e-11
Hl_0_0 = 9.72036e-06
Hl_0_0_l_0 = 9.9028e-06
Hl_0_0_l_0_0 = 9.70872e-06
Hr_0_0 = 0.000999982
I = 1
pi2_0_0_0_0 = 9.72181e-09
pi2_0_0_0_0_l_0 = 9.90639e-09
pi2_0_0_0_0_l_0_0 = 9.7108e-09
