DD_0_0 = -1.03471e-10
DD_0_0_l_0 = 4.60453e-11
DD_0_0_l_0_0 = 1.7493e-11
DD_0_0_l_0_0_0 = 4.575e-11
DD_0_0_l_0_0_0_0 = 3.33318e-11
DD_0_0_l_0_0_0_0_0 = 4.45822e-11
DD_0_0_l_0_0_0_0_0_0 = 3.75169e-11
DD_0_0_l_0_0_0_0_0_0_0 = 4.32074e-11
DD_0_0_l_0_0_0_0_0_0_0_0 = 3.85754e-11
DD_0_0_l_0_0_0_0_0_0_0_0_0 = 4.17924e-11
DD_0_0_l_0_0_0_0_0_0_0_0_0_0 = 3.84784e-11
DD_0_0_l_0_0_0_0_0_0_0_0_0_0_0 = 4.03955e-11
DD_0_0_l_0_0_0_0_0_0_0_0_0_0_0_0 = 3.7881e-11
DD_0_0_l_0_0_0_0_0_0_0_0_0_0_0_0_0 = 3.90401e-11
DD_0_0_l_0_0_0_0_0_0_0_0_0_0_0_0_0_0 = 3.70514e-11
DD_0_0_l_0_0_0_0_0_0_0_0_0_0_0_0_0_0_0 = 3.77348e-11
DD_0_0_l_0_0_0_0_0_0_0_0_0_0_0_0_0_0_0_0 = 3.61141e-11
DD_0_0_l_0_0_0_0_0_0_0_0_0_0_0_0_0_0_0_0_0 = 3.64831e-11
DD_0_0_l_0_0_0_0_0_0_0_0_0_0_0_0_0_0_0_0_0_0 = 3.51328e-11
DD_0_0_l_0_0_0_0_0_0_0_0_0_0_0_0_0_0_0_0_0_0_0 = 3.52853e-11
DD_0_0_l_0_0_0_0_0_0_0_0_0_0_0_0_0_0_0_0_0_0_0_0 = 3.41416e-11
Dr_0_0 = -6.58756e-10
Dr_0_0_l_0 = -1.86519e-10
Dr_0_0_l_0_0 = -1.54612e-10
Dr_0_0_l_0_0_0 = -7.09602e-11
Dr_0_0_l_0_0_0_0 = -5.41354e-11
Dr_0_0_l_0_0_0_0_0 = -2.26567e-11
Dr_0_0_l_0_0_0_0_0_0 = -1.18249e-11
Dr_0_0_l_0_0_0_0_0_0_0 = 3.29566e-12
Dr_0_0_l_0_0_0_0_0_0_0_0 = 1.09992e-11
Dr_0_0_l_0_0_0_0_0_0_0_0_0 = 1.91286e-11
Dr_0_0_l_0_0_0_0_0_0_0_0_0_0 = 2.49464e-11
Dr_0_0_l_0_0_0_0_0_0_0_0_0_0_0 = 2.95414e-11
Dr_0_0_l_0_0_0_0_0_0_0_0_0_0_0_0 = 3.41159e-11
Dr_0_0_l_0_0_0_0_0_0_0_0_0_0_0_0_0 = 3.67241e-11
Dr_0_0_l_0_0_0_0_0_0_0_0_0_0_0_0_0_0 = 4.04276e-11
Dr_0_0_l_0_0_0_0_0_0_0_0_0_0_0_0_0_0_0 = 4.18349e-11
Dr_0_0_l_0_0_0_0_0_0_0_0_0_0_0_0_0_0_0_0 = 4.49005e-11
Dr_0_0_l_0_0_0_0_0_0_0_0_0_0_0_0_0_0_0_0_0 = 4.55432e-11
Dr_0_0_l_0_0_0_0_0_0_0_0_0_0_0_0_0_0_0_0_0_0 = 4.81259e-11
Dr_0_0_l_0_0_0_0_0_0_0_0_0_0_0_0_0_0_0_0_0_0_0 = 4.82626e-11
Dr_0_0_l_0_0_0_0_0_0_0_0_0_0_0_0_0_0_0_0_0_0_0_0 = 5.04702e-11
Dr_0_0_l_0_0_0_0_0_0_0_0_0_0_0_0_0_0_0_0_0_0_0_0_0 = 5.18249e-11
Hl_0_0 = 8.84925e-06
Hl_0_0_l_0 = 9.91151e-06
Hl_0_0_l_0_0 = 9.41818e-06
Hl_0_0_l_0_0_0 = 9.71744e-06
Hl_0_0_l_0_0_0_0 = 9.38113e-06
Hl_0_0_l_0_0_0_0_0 = 9.5309e-06
Hl_0_0_l_0_0_0_0_0_0 = 9.26369e-06
Hl_0_0_l_0_0_0_0_0_0_0 = 9.35146e-06
Hl_0_0_l_0_0_0_0_0_0_0_0 = 9.12391e-06
Hl_0_0_l_0_0_0_0_0_0_0_0_0 = 9.17871e-06
Hl_0_0_l_0_0_0_0_0_0_0_0_0_0 = 8.97735e-06
Hl_0_0_l_0_0_0_0_0_0_0_0_0_0_0 = 9.01229e-06
Hl_0_0_l_0_0_0_0_0_0_0_0_0_0_0_0 = 8.82977e-06
Hl_0_0_l_0_0_0_0_0_0_0_0_0_0_0_0_0 = 8.85186e-06
Hl_0_0_l_0_0_0_0_0_0_0_0_0_0_0_0_0_0 = 8.68371e-06
Hl_0_0_l_0_0_0_0_0_0_0_0_0_0_0_0_0_0_0 = 8.69709e-06
Hl_0_0_l_0_0_0_0_0_0_0_0_0_0_0_0_0_0_0_0 = 8.54037e-06
Hl_0_0_l_0_0_0_0_0_0_0_0_0_0_0_0_0_0_0_0_0 = 8.54769e-06
Hl_0_0_l_0_0_0_0_0_0_0_0_0_0_0_0_0_0_0_0_0_0 = 8.40035e-06
Hl_0_0_l_0_0_0_0_0_0_0_0_0_0_0_0_0_0_0_0_0_0_0 = 8.40338e-06
Hl_0_0_l_0_0_0_0_0_0_0_0_0_0_0_0_0_0_0_0_0_0_0_0 = 8.26392e-06
Hr_0_0 = 0.00100006
I = 1
pi2_0_0_0_0 = 9.06394e-09
pi2_0_0_0_0_l_0 = 1.00318e-08
pi2_0_0_0_0_l_0_0 = 9.50675e-09
pi2_0_0_0_0_l_0_0_0 = 9.78859e-09
pi2_0_0_0_0_l_0_0_0_0 = 9.43798e-09
pi2_0_0_0_0_l_0_0_0_0_0 = 9.581e-09
pi2_0_0_0_0_l_0_0_0_0_0_0 = 9.30543e-09
pi2_0_0_0_0_l_0_0_0_0_0_0_0 = 9.38988e-09
pi2_0_0_0_0_l_0_0_0_0_0_0_0_0 = 9.15674e-09
pi2_0_0_0_0_l_0_0_0_0_0_0_0_0_0 = 9.20971e-09
pi2_0_0_0_0_l_0_0_0_0_0_0_0_0_0_0 = 9.00427e-09
pi2_0_0_0_0_l_0_0_0_0_0_0_0_0_0_0_0 = 9.03817e-09
pi2_0_0_0_0_l_0_0_0_0_0_0_0_0_0_0_0_0 = 8.8525e-09
pi2_0_0_0_0_l_0_0_0_0_0_0_0_0_0_0_0_0_0 = 8.87399e-09
pi2_0_0_0_0_l_0_0_0_0_0_0_0_0_0_0_0_0_0_0 = 8.70331e-09
pi2_0_0_0_0_l_0_0_0_0_0_0_0_0_0_0_0_0_0_0_0 = 8.71637e-09
pi2_0_0_0_0_l_0_0_0_0_0_0_0_0_0_0_0_0_0_0_0_0 = 8.55755e-09
pi2_0_0_0_0_l_0_0_0_0_0_0_0_0_0_0_0_0_0_0_0_0_0 = 8.56472e-09
pi2_0_0_0_0_l_0_0_0_0_0_0_0_0_0_0_0_0_0_0_0_0_0_0 = 8.41559e-09
pi2_0_0_0_0_l_0_0_0_0_0_0_0_0_0_0_0_0_0_0_0_0_0_0_0 = 8.41861e-09
pi2_0_0_0_0_l_0_0_0_0_0_0_0_0_0_0_0_0_0_0_0_0_0_0_0_0 = 8.27762e-09
