DD_0_0 = 8.79474e-11
DD_0_0_l_0 = 5.20284e-11
DD_0_0_l_0_0 = 5.62014e-11
DD_0_0_l_0_0_0 = 4.90492e-11
DD_0_0_l_0_0_0_0 = 5.00367e-11
DD_0_0_l_0_0_0_0_0 = 4.68102e-11
Dr_0_0 = 2.83607e-10
Dr_0_0_l_0 = 1.67103e-10
Dr_0_0_l_0_0 = 1.60568e-10
Dr_0_0_l_0_0_0 = 1.36745e-10
Dr_0_0_l_0_0_0_0 = 1.3366e-10
Dr_0_0_l_0_0_0_0_0 = 1.22725e-10
Dr_0_0_l_0_0_0_0_0_0 = 1.14638e-10
Hl_0_0 = 1.05903e-05
Hl_0_0_l_0 = 9.8941e-06
Hl_0_0_l_0_0 = 9.99887e-06
Hl_0_0_l_0_0_0 = 9.70002e-06
Hl_0_0_l_0_0_0_0 = 9.73003e-06
Hl_0_0_l_0_0_0_0_0 = 9.51346e-06
Hr_0_0 = 0.000999962
I = 1
pi2_0_0_0_0 = 1.05194e-08
pi2_0_0_0_0_l_0 = 9.86594e-09
pi2_0_0_0_0_l_0_0 = 9.97127e-09
pi2_0_0_0_0_l_0_0_0 = 9.68348e-09
pi2_0_0_0_0_l_0_0_0_0 = 9.71263e-09
pi2_0_0_0_0_l_0_0_0_0_0 = 9.50137e-09
