DD_0_0 = 4.94182e-07
DD_0_0_l_0 = 5.70576e-08
DD_0_0_l_0_0 = 8.45206e-08
DD_0_0_l_0_0_0 = 2.30778e-08
DD_0_0_l_0_0_0_0 = 3.25179e-08
DD_0_0_l_0_0_0_0_0 = 1.22763e-08
DD_0_0_l_0_0_0_0_0_0 = 1.66672e-08
DD_0_0_l_0_0_0_0_0_0_0 = 7.54918e-09
DD_0_0_l_0_0_0_0_0_0_0_0 = 9.95661e-09
DD_0_0_l_0_0_0_0_0_0_0_0_0 = 5.08226e-09
DD_0_0_l_0_0_0_0_0_0_0_0_0_0 = 6.54803e-09
Dr_0_0 = -2.56205e-15
Dr_0_0_l_0 = 3.87593e-07
Dr_0_0_l_0_0 = 5.63531e-08
Dr_0_0_l_0_0_0 = 1.7992e-07
Dr_0_0_l_0_0_0_0 = 4.13663e-08
Dr_0_0_l_0_0_0_0_0 = 1.06041e-07
Dr_0_0_l_0_0_0_0_0_0 = 3.04028e-08
Dr_0_0_l_0_0_0_0_0_0_0 = 7.06967e-08
Dr_0_0_l_0_0_0_0_0_0_0_0 = 2.32028e-08
Dr_0_0_l_0_0_0_0_0_0_0_0_0 = 5.08497e-08
Dr_0_0_l_0_0_0_0_0_0_0_0_0_0 = 1.83174e-08
Dr_0_0_l_0_0_0_0_0_0_0_0_0_0_0 = 3.85125e-08
Hl_0_0 = 0.00099999
Hl_0_0_l_0 = 0.000333323
Hl_0_0_l_0_0 = 0.000333323
Hl_0_0_l_0_0_0 = 0.00019999
Hl_0_0_l_0_0_0_0 = 0.00019999
Hl_0_0_l_0_0_0_0_0 = 0.000142847
Hl_0_0_l_0_0_0_0_0_0 = 0.000142847
Hl_0_0_l_0_0_0_0_0_0_0 = 0.000111101
Hl_0_0_l_0_0_0_0_0_0_0_0 = 0.000111101
Hl_0_0_l_0_0_0_0_0_0_0_0_0 = 9.08991e-05
Hl_0_0_l_0_0_0_0_0_0_0_0_0_0 = 9.08991e-05
Hr_0_0 = 0.00099999
I = 1
pi2_0_0_0_0 = 1.19377e-06
pi2_0_0_0_0_l_0 = 3.54447e-07
pi2_0_0_0_0_l_0_0 = 3.57036e-07
pi2_0_0_0_0_l_0_0_0 = 2.07465e-07
pi2_0_0_0_0_l_0_0_0_0 = 2.06273e-07
pi2_0_0_0_0_l_0_0_0_0_0 = 1.4638e-07
pi2_0_0_0_0_l_0_0_0_0_0_0 = 1.44877e-07
pi2_0_0_0_0_l_0_0_0_0_0_0_0 = 1.13051e-07
pi2_0_0_0_0_l_0_0_0_0_0_0_0_0 = 1.11716e-07
pi2_0_0_0_0_l_0_0_0_0_0_0_0_0_0 = 9.20867e-08
pi2_0_0_0_0_l_0_0_0_0_0_0_0_0_0_0 = 9.09656e-08
