DD_0_0 = 4.94182e-07
DD_0_0_l_0 = 5.70576e-08
DD_0_0_l_0_0 = 8.45206e-08
Dr_0_0 = 1.97663e-15
Dr_0_0_l_0 = 3.87593e-07
Dr_0_0_l_0_0 = 5.63531e-08
Dr_0_0_l_0_0_0 = 1.7992e-07
Hl_0_0 = 0.00099999
Hl_0_0_l_0 = 0.000333323
Hl_0_0_l_0_0 = 0.000333323
Hr_0_0 = 0.00099999
I = 1
pi2_0_0_0_0 = 1.19377e-06
pi2_0_0_0_0_l_0 = 3.54447e-07
pi2_0_0_0_0_l_0_0 = 3.57036e-07
