DD_0_0 = -4.08828e-11
DD_0_0_l_0 = 4.94306e-11
DD_0_0_l_0_0 = 2.62548e-11
DD_0_0_l_0_0_0 = 4.51526e-11
DD_0_0_l_0_0_0_0 = 3.4696e-11
DD_0_0_l_0_0_0_0_0 = 4.26884e-11
DD_0_0_l_0_0_0_0_0_0 = 3.65748e-11
DD_0_0_l_0_0_0_0_0_0_0 = 4.0786e-11
DD_0_0_l_0_0_0_0_0_0_0_0 = 3.66935e-11
DD_0_0_l_0_0_0_0_0_0_0_0_0 = 3.91472e-11
DD_0_0_l_0_0_0_0_0_0_0_0_0_0 = 3.61712e-11
DD_0_0_l_0_0_0_0_0_0_0_0_0_0_0 = 3.76686e-11
DD_0_0_l_0_0_0_0_0_0_0_0_0_0_0_0 = 3.53823e-11
DD_0_0_l_0_0_0_0_0_0_0_0_0_0_0_0_0 = 3.63047e-11
DD_0_0_l_0_0_0_0_0_0_0_0_0_0_0_0_0_0 = 3.44791e-11
DD_0_0_l_0_0_0_0_0_0_0_0_0_0_0_0_0_0_0 = 3.50318e-11
DD_0_0_l_0_0_0_0_0_0_0_0_0_0_0_0_0_0_0_0 = 3.35325e-11
DD_0_0_l_0_0_0_0_0_0_0_0_0_0_0_0_0_0_0_0_0 = 3.38354e-11
DD_0_0_l_0_0_0_0_0_0_0_0_0_0_0_0_0_0_0_0_0_0 = 3.25785e-11
DD_0_0_l_0_0_0_0_0_0_0_0_0_0_0_0_0_0_0_0_0_0_0 = 3.27057e-11
DD_0_0_l_0_0_0_0_0_0_0_0_0_0_0_0_0_0_0_0_0_0_0_0 = 3.16361e-11
Dr_0_0 = -3.28673e-10
Dr_0_0_l_0 = -3.90322e-11
Dr_0_0_l_0_0 = -4.08391e-11
Dr_0_0_l_0_0_0 = 1.07453e-11
Dr_0_0_l_0_0_0_0 = 1.14607e-11
Dr_0_0_l_0_0_0_0_0 = 3.08495e-11
Dr_0_0_l_0_0_0_0_0_0 = 3.19555e-11
Dr_0_0_l_0_0_0_0_0_0_0 = 4.1215e-11
Dr_0_0_l_0_0_0_0_0_0_0_0 = 4.22955e-11
Dr_0_0_l_0_0_0_0_0_0_0_0_0 = 4.72223e-11
Dr_0_0_l_0_0_0_0_0_0_0_0_0_0 = 4.81826e-11
Dr_0_0_l_0_0_0_0_0_0_0_0_0_0_0 = 5.0922e-11
Dr_0_0_l_0_0_0_0_0_0_0_0_0_0_0_0 = 5.17486e-11
Dr_0_0_l_0_0_0_0_0_0_0_0_0_0_0_0_0 = 5.3263e-11
Dr_0_0_l_0_0_0_0_0_0_0_0_0_0_0_0_0_0 = 5.39651e-11
Dr_0_0_l_0_0_0_0_0_0_0_0_0_0_0_0_0_0_0 = 5.47435e-11
Dr_0_0_l_0_0_0_0_0_0_0_0_0_0_0_0_0_0_0_0 = 5.53358e-11
Dr_0_0_l_0_0_0_0_0_0_0_0_0_0_0_0_0_0_0_0_0 = 5.56494e-11
Dr_0_0_l_0_0_0_0_0_0_0_0_0_0_0_0_0_0_0_0_0_0 = 5.6147e-11
Dr_0_0_l_0_0_0_0_0_0_0_0_0_0_0_0_0_0_0_0_0_0_0 = 5.61564e-11
Dr_0_0_l_0_0_0_0_0_0_0_0_0_0_0_0_0_0_0_0_0_0_0_0 = 5.65727e-11
Dr_0_0_l_0_0_0_0_0_0_0_0_0_0_0_0_0_0_0_0_0_0_0_0_0 = 5.66598e-11
Hl_0_0 = 8.84926e-06
Hl_0_0_l_0 = 9.91151e-06
Hl_0_0_l_0_0 = 9.41818e-06
Hl_0_0_l_0_0_0 = 9.71744e-06
Hl_0_0_l_0_0_0_0 = 9.38113e-06
Hl_0_0_l_0_0_0_0_0 = 9.5309e-06
Hl_0_0_l_0_0_0_0_0_0 = 9.26369e-06
Hl_0_0_l_0_0_0_0_0_0_0 = 9.35146e-06
Hl_0_0_l_0_0_0_0_0_0_0_0 = 9.12391e-06
Hl_0_0_l_0_0_0_0_0_0_0_0_0 = 9.17871e-06
Hl_0_0_l_0_0_0_0_0_0_0_0_0_0 = 8.97735e-06
Hl_0_0_l_0_0_0_0_0_0_0_0_0_0_0 = 9.01229e-06
Hl_0_0_l_0_0_0_0_0_0_0_0_0_0_0_0 = 8.82977e-06
Hl_0_0_l_0_0_0_0_0_0_0_0_0_0_0_0_0 = 8.85186e-06
Hl_0_0_l_0_0_0_0_0_0_0_0_0_0_0_0_0_0 = 8.68371e-06
Hl_0_0_l_0_0_0_0_0_0_0_0_0_0_0_0_0_0_0 = 8.69709e-06
Hl_0_0_l_0_0_0_0_0_0_0_0_0_0_0_0_0_0_0_0 = 8.54037e-06
Hl_0_0_l_0_0_0_0_0_0_0_0_0_0_0_0_0_0_0_0_0 = 8.54769e-06
Hl_0_0_l_0_0_0_0_0_0_0_0_0_0_0_0_0_0_0_0_0_0 = 8.40035e-06
Hl_0_0_l_0_0_0_0_0_0_0_0_0_0_0_0_0_0_0_0_0_0_0 = 8.40338e-06
Hl_0_0_l_0_0_0_0_0_0_0_0_0_0_0_0_0_0_0_0_0_0_0_0 = 8.26392e-06
Hr_0_0 = 0.00100002
I = 1
pi2_0_0_0_0 = 8.98251e-09
pi2_0_0_0_0_l_0 = 9.98054e-09
pi2_0_0_0_0_l_0_0 = 9.46983e-09
pi2_0_0_0_0_l_0_0_0 = 9.75772e-09
pi2_0_0_0_0_l_0_0_0_0 = 9.41359e-09
pi2_0_0_0_0_l_0_0_0_0_0 = 9.55904e-09
pi2_0_0_0_0_l_0_0_0_0_0_0 = 9.28727e-09
pi2_0_0_0_0_l_0_0_0_0_0_0_0 = 9.37292e-09
pi2_0_0_0_0_l_0_0_0_0_0_0_0_0 = 9.14234e-09
pi2_0_0_0_0_l_0_0_0_0_0_0_0_0_0 = 9.19597e-09
pi2_0_0_0_0_l_0_0_0_0_0_0_0_0_0_0 = 8.99239e-09
pi2_0_0_0_0_l_0_0_0_0_0_0_0_0_0_0_0 = 9.02666e-09
pi2_0_0_0_0_l_0_0_0_0_0_0_0_0_0_0_0_0 = 8.84243e-09
pi2_0_0_0_0_l_0_0_0_0_0_0_0_0_0_0_0_0_0 = 8.86411e-09
pi2_0_0_0_0_l_0_0_0_0_0_0_0_0_0_0_0_0_0_0 = 8.69459e-09
pi2_0_0_0_0_l_0_0_0_0_0_0_0_0_0_0_0_0_0_0_0 = 8.70774e-09
pi2_0_0_0_0_l_0_0_0_0_0_0_0_0_0_0_0_0_0_0_0_0 = 8.54989e-09
pi2_0_0_0_0_l_0_0_0_0_0_0_0_0_0_0_0_0_0_0_0_0_0 = 8.55709e-09
pi2_0_0_0_0_l_0_0_0_0_0_0_0_0_0_0_0_0_0_0_0_0_0_0 = 8.40878e-09
pi2_0_0_0_0_l_0_0_0_0_0_0_0_0_0_0_0_0_0_0_0_0_0_0_0 = 8.41177e-09
pi2_0_0_0_0_l_0_0_0_0_0_0_0_0_0_0_0_0_0_0_0_0_0_0_0_0 = 8.27147e-09
