DD_0_0 = 3.52342e-12
DD_0_0_l_0 = 4.5922e-11
DD_0_0_l_0_0 = 3.56157e-11
DD_0_0_l_0_0_0 = 4.35239e-11
DD_0_0_l_0_0_0_0 = 3.8887e-11
DD_0_0_l_0_0_0_0_0 = 4.1725e-11
DD_0_0_l_0_0_0_0_0_0 = 3.89937e-11
DD_0_0_l_0_0_0_0_0_0_0 = 4.0139e-11
DD_0_0_l_0_0_0_0_0_0_0_0 = 3.82869e-11
DD_0_0_l_0_0_0_0_0_0_0_0_0 = 3.86773e-11
DD_0_0_l_0_0_0_0_0_0_0_0_0_0 = 3.73101e-11
Dr_0_0 = -9.8809e-11
Dr_0_0_l_0 = 1.98937e-11
Dr_0_0_l_0_0 = 2.63946e-11
Dr_0_0_l_0_0_0 = 4.4526e-11
Dr_0_0_l_0_0_0_0 = 4.86814e-11
Dr_0_0_l_0_0_0_0_0 = 5.40715e-11
Dr_0_0_l_0_0_0_0_0_0 = 5.70063e-11
Dr_0_0_l_0_0_0_0_0_0_0 = 5.86736e-11
Dr_0_0_l_0_0_0_0_0_0_0_0 = 6.08636e-11
Dr_0_0_l_0_0_0_0_0_0_0_0_0 = 6.10711e-11
Dr_0_0_l_0_0_0_0_0_0_0_0_0_0 = 6.27637e-11
Dr_0_0_l_0_0_0_0_0_0_0_0_0_0_0 = 6.34853e-11
Hl_0_0 = 9.19175e-06
Hl_0_0_l_0 = 9.90808e-06
Hl_0_0_l_0_0 = 9.53242e-06
Hl_0_0_l_0_0_0 = 9.71401e-06
Hl_0_0_l_0_0_0_0 = 9.44976e-06
Hl_0_0_l_0_0_0_0_0 = 9.52747e-06
Hl_0_0_l_0_0_0_0_0_0 = 9.31283e-06
Hl_0_0_l_0_0_0_0_0_0_0 = 9.34802e-06
Hl_0_0_l_0_0_0_0_0_0_0_0 = 9.16224e-06
Hl_0_0_l_0_0_0_0_0_0_0_0_0 = 9.17526e-06
Hl_0_0_l_0_0_0_0_0_0_0_0_0_0 = 9.00883e-06
Hr_0_0 = 0.001
I = 1
pi2_0_0_0_0 = 9.24327e-09
pi2_0_0_0_0_l_0 = 9.93845e-09
pi2_0_0_0_0_l_0_0 = 9.55341e-09
pi2_0_0_0_0_l_0_0_0 = 9.7318e-09
pi2_0_0_0_0_l_0_0_0_0 = 9.46318e-09
pi2_0_0_0_0_l_0_0_0_0_0 = 9.53993e-09
pi2_0_0_0_0_l_0_0_0_0_0_0 = 9.32265e-09
pi2_0_0_0_0_l_0_0_0_0_0_0_0 = 9.35755e-09
pi2_0_0_0_0_l_0_0_0_0_0_0_0_0 = 9.16996e-09
pi2_0_0_0_0_l_0_0_0_0_0_0_0_0_0 = 9.18294e-09
pi2_0_0_0_0_l_0_0_0_0_0_0_0_0_0_0 = 9.0152e-09
