DD_0_0 = 2.84036e-11
DD_0_0_l_0 = 2.42821e-11
DD_0_0_l_0_0 = 2.52937e-11
DD_0_0_l_0_0_0 = 2.37606e-11
DD_0_0_l_0_0_0_0 = 2.40647e-11
DD_0_0_l_0_0_0_0_0 = 2.3138e-11
Dr_0_0 = 3.07668e-11
Dr_0_0_l_0 = 2.50855e-11
Dr_0_0_l_0_0 = 2.581e-11
Dr_0_0_l_0_0_0 = 2.50072e-11
Dr_0_0_l_0_0_0_0 = 2.47921e-11
Dr_0_0_l_0_0_0_0_0 = 2.48163e-11
Dr_0_0_l_0_0_0_0_0_0 = 2.45194e-11
Hl_0_0 = 1.05903e-05
Hl_0_0_l_0 = 9.8941e-06
Hl_0_0_l_0_0 = 9.99887e-06
Hl_0_0_l_0_0_0 = 9.70002e-06
Hl_0_0_l_0_0_0_0 = 9.73003e-06
Hl_0_0_l_0_0_0_0_0 = 9.51346e-06
Hr_0_0 = 0.000999987
I = 1
pi2_0_0_0_0 = 1.0587e-08
pi2_0_0_0_0_l_0 = 9.89294e-09
pi2_0_0_0_0_l_0_0 = 9.99779e-09
pi2_0_0_0_0_l_0_0_0 = 9.69934e-09
pi2_0_0_0_0_l_0_0_0_0 = 9.72937e-09
pi2_0_0_0_0_l_0_0_0_0_0 = 9.513e-09
