DD_0_0 = 2.5e-07
DD_0_0_l_0 = 4.28571e-08
DD_0_0_l_0_0 = 4.84563e-08
DD_0_0_l_0_0_0 = 1.81319e-08
DD_0_0_l_0_0_0_0 = 2.02207e-08
DD_0_0_l_0_0_0_0_0 = 9.95375e-09
DD_0_0_l_0_0_0_0_0_0 = 1.0984e-08
DD_0_0_l_0_0_0_0_0_0_0 = 6.26654e-09
DD_0_0_l_0_0_0_0_0_0_0_0 = 6.85713e-09
DD_0_0_l_0_0_0_0_0_0_0_0_0 = 4.29685e-09
DD_0_0_l_0_0_0_0_0_0_0_0_0_0 = 4.66936e-09
Dr_0_0 = 3.57145e-15
Dr_0_0_l_0 = 1.66665e-07
Dr_0_0_l_0_0 = 3.80948e-08
Dr_0_0_l_0_0_0 = 8.31894e-08
Dr_0_0_l_0_0_0_0 = 2.88153e-08
Dr_0_0_l_0_0_0_0_0 = 5.15127e-08
Dr_0_0_l_0_0_0_0_0_0 = 2.16489e-08
Dr_0_0_l_0_0_0_0_0_0_0 = 3.56235e-08
Dr_0_0_l_0_0_0_0_0_0_0_0 = 1.68062e-08
Dr_0_0_l_0_0_0_0_0_0_0_0_0 = 2.63672e-08
Dr_0_0_l_0_0_0_0_0_0_0_0_0_0 = 1.34515e-08
Dr_0_0_l_0_0_0_0_0_0_0_0_0_0_0 = 2.04401e-08
Hl_0_0 = 0.00099999
Hl_0_0_l_0 = 0.000333323
Hl_0_0_l_0_0 = 0.000333323
Hl_0_0_l_0_0_0 = 0.00019999
Hl_0_0_l_0_0_0_0 = 0.00019999
Hl_0_0_l_0_0_0_0_0 = 0.000142847
Hl_0_0_l_0_0_0_0_0_0 = 0.000142847
Hl_0_0_l_0_0_0_0_0_0_0 = 0.000111101
Hl_0_0_l_0_0_0_0_0_0_0_0 = 0.000111101
Hl_0_0_l_0_0_0_0_0_0_0_0_0 = 9.08991e-05
Hl_0_0_l_0_0_0_0_0_0_0_0_0_0 = 9.08991e-05
Hr_0_0 = 0.00099999
I = 1
pi2_0_0_0_0 = 1.0833e-06
pi2_0_0_0_0_l_0 = 3.476e-07
pi2_0_0_0_0_l_0_0 = 3.45179e-07
pi2_0_0_0_0_l_0_0_0 = 2.05235e-07
pi2_0_0_0_0_l_0_0_0_0 = 2.03694e-07
pi2_0_0_0_0_l_0_0_0_0_0 = 1.45399e-07
pi2_0_0_0_0_l_0_0_0_0_0_0 = 1.44347e-07
pi2_0_0_0_0_l_0_0_0_0_0_0_0 = 1.12545e-07
pi2_0_0_0_0_l_0_0_0_0_0_0_0_0 = 1.11781e-07
pi2_0_0_0_0_l_0_0_0_0_0_0_0_0_0 = 9.17974e-08
pi2_0_0_0_0_l_0_0_0_0_0_0_0_0_0_0 = 9.12183e-08
