DD_0_0 = 2.5e-07
DD_0_0_l_0 = 4.28571e-08
DD_0_0_l_0_0 = 4.84563e-08
DD_0_0_l_0_0_0 = 1.81319e-08
DD_0_0_l_0_0_0_0 = 2.02207e-08
DD_0_0_l_0_0_0_0_0 = 9.95375e-09
Dr_0_0 = 4.95124e-16
Dr_0_0_l_0 = 1.66665e-07
Dr_0_0_l_0_0 = 3.80948e-08
Dr_0_0_l_0_0_0 = 8.31894e-08
Dr_0_0_l_0_0_0_0 = 2.88153e-08
Dr_0_0_l_0_0_0_0_0 = 5.15127e-08
Dr_0_0_l_0_0_0_0_0_0 = 2.16489e-08
Hl_0_0 = 0.00099999
Hl_0_0_l_0 = 0.000333323
Hl_0_0_l_0_0 = 0.000333323
Hl_0_0_l_0_0_0 = 0.00019999
Hl_0_0_l_0_0_0_0 = 0.00019999
Hl_0_0_l_0_0_0_0_0 = 0.000142847
Hr_0_0 = 0.00099999
I = 1
pi2_0_0_0_0 = 1.0833e-06
pi2_0_0_0_0_l_0 = 3.476e-07
pi2_0_0_0_0_l_0_0 = 3.45179e-07
pi2_0_0_0_0_l_0_0_0 = 2.05235e-07
pi2_0_0_0_0_l_0_0_0_0 = 2.03694e-07
pi2_0_0_0_0_l_0_0_0_0_0 = 1.45399e-07
