DD_0_0 = 4.42483e-08
DD_0_0_l_0 = 1.2632e-08
DD_0_0_l_0_0 = 1.21034e-08
Dr_0_0 = 4.13449e-16
Dr_0_0_l_0 = 1.17976e-08
Dr_0_0_l_0_0 = 5.61334e-09
Dr_0_0_l_0_0_0 = 8.20959e-09
Hl_0_0 = 0.00099999
Hl_0_0_l_0 = 0.000333323
Hl_0_0_l_0_0 = 0.000333323
Hr_0_0 = 0.00099999
I = 1
pi2_0_0_0_0 = 1.00587e-06
pi2_0_0_0_0_l_0 = 3.3542e-07
pi2_0_0_0_0_l_0_0 = 3.34818e-07
