DD_0_0 = 4.42483e-08
DD_0_0_l_0 = 1.2632e-08
DD_0_0_l_0_0 = 1.21034e-08
DD_0_0_l_0_0_0 = 6.41881e-09
DD_0_0_l_0_0_0_0 = 6.21324e-09
DD_0_0_l_0_0_0_0_0 = 3.99796e-09
Dr_0_0 = 3.05731e-16
Dr_0_0_l_0 = 1.17976e-08
Dr_0_0_l_0_0 = 5.61334e-09
Dr_0_0_l_0_0_0 = 8.20959e-09
Dr_0_0_l_0_0_0_0 = 5.05058e-09
Dr_0_0_l_0_0_0_0_0 = 6.25279e-09
Dr_0_0_l_0_0_0_0_0_0 = 4.2924e-09
Hl_0_0 = 0.00099999
Hl_0_0_l_0 = 0.000333323
Hl_0_0_l_0_0 = 0.000333323
Hl_0_0_l_0_0_0 = 0.00019999
Hl_0_0_l_0_0_0_0 = 0.00019999
Hl_0_0_l_0_0_0_0_0 = 0.000142847
Hr_0_0 = 0.00099999
I = 1
pi2_0_0_0_0 = 1.00587e-06
pi2_0_0_0_0_l_0 = 3.3542e-07
pi2_0_0_0_0_l_0_0 = 3.34818e-07
pi2_0_0_0_0_l_0_0_0 = 2.00941e-07
pi2_0_0_0_0_l_0_0_0_0 = 2.00695e-07
pi2_0_0_0_0_l_0_0_0_0_0 = 1.43387e-07
