DD_0_0 = 4.92759e-09
DD_0_0_l_0 = 1.61118e-09
DD_0_0_l_0_0 = 1.59669e-09
DD_0_0_l_0_0_0 = 9.40437e-10
DD_0_0_l_0_0_0_0 = 9.32414e-10
DD_0_0_l_0_0_0_0_0 = 6.5424e-10
DD_0_0_l_0_0_0_0_0_0 = 6.48928e-10
DD_0_0_l_0_0_0_0_0_0_0 = 4.9611e-10
DD_0_0_l_0_0_0_0_0_0_0_0 = 4.92266e-10
DD_0_0_l_0_0_0_0_0_0_0_0_0 = 3.96116e-10
DD_0_0_l_0_0_0_0_0_0_0_0_0_0 = 3.93179e-10
Dr_0_0 = 1.12636e-16
Dr_0_0_l_0 = 1.87351e-10
Dr_0_0_l_0_0 = 1.19117e-10
Dr_0_0_l_0_0_0 = 1.75764e-10
Dr_0_0_l_0_0_0_0 = 1.34472e-10
Dr_0_0_l_0_0_0_0_0 = 1.65615e-10
Dr_0_0_l_0_0_0_0_0_0 = 1.36073e-10
Dr_0_0_l_0_0_0_0_0_0_0 = 1.56623e-10
Dr_0_0_l_0_0_0_0_0_0_0_0 = 1.33716e-10
Dr_0_0_l_0_0_0_0_0_0_0_0_0 = 1.48582e-10
Dr_0_0_l_0_0_0_0_0_0_0_0_0_0 = 1.29958e-10
Dr_0_0_l_0_0_0_0_0_0_0_0_0_0_0 = 1.41336e-10
Hl_0_0 = 0.00099999
Hl_0_0_l_0 = 0.000333323
Hl_0_0_l_0_0 = 0.000333323
Hl_0_0_l_0_0_0 = 0.00019999
Hl_0_0_l_0_0_0_0 = 0.00019999
Hl_0_0_l_0_0_0_0_0 = 0.000142847
Hl_0_0_l_0_0_0_0_0_0 = 0.000142847
Hl_0_0_l_0_0_0_0_0_0_0 = 0.000111101
Hl_0_0_l_0_0_0_0_0_0_0_0 = 0.000111101
Hl_0_0_l_0_0_0_0_0_0_0_0_0 = 9.08991e-05
Hl_0_0_l_0_0_0_0_0_0_0_0_0_0 = 9.08991e-05
Hr_0_0 = 0.00099999
I = 1
pi2_0_0_0_0 = 1.00006e-06
pi2_0_0_0_0_l_0 = 3.3336e-07
pi2_0_0_0_0_l_0_0 = 3.33353e-07
pi2_0_0_0_0_l_0_0_0 = 2.00011e-07
pi2_0_0_0_0_l_0_0_0_0 = 2.00008e-07
pi2_0_0_0_0_l_0_0_0_0_0 = 1.42862e-07
pi2_0_0_0_0_l_0_0_0_0_0_0 = 1.4286e-07
pi2_0_0_0_0_l_0_0_0_0_0_0_0 = 1.11112e-07
pi2_0_0_0_0_l_0_0_0_0_0_0_0_0 = 1.11111e-07
pi2_0_0_0_0_l_0_0_0_0_0_0_0_0_0 = 9.09075e-08
pi2_0_0_0_0_l_0_0_0_0_0_0_0_0_0_0 = 9.09066e-08
