DD_0_0 = 4.92759e-09
DD_0_0_l_0 = 1.61118e-09
DD_0_0_l_0_0 = 1.59669e-09
Dr_0_0 = 2.51032e-16
Dr_0_0_l_0 = 1.87351e-10
Dr_0_0_l_0_0 = 1.19117e-10
Dr_0_0_l_0_0_0 = 1.75764e-10
Hl_0_0 = 0.00099999
Hl_0_0_l_0 = 0.000333323
Hl_0_0_l_0_0 = 0.000333323
Hr_0_0 = 0.00099999
I = 1
pi2_0_0_0_0 = 1.00006e-06
pi2_0_0_0_0_l_0 = 3.3336e-07
pi2_0_0_0_0_l_0_0 = 3.33353e-07
