D^2   = -4.0189199070733437e-07
Dz    = -1.1553904642831632e-06
pi(A) = 0.0020000000000000018
pi(B) = 0.002000000000000014
pi2   = 4.223047679229153e-07
