DD_0_0 = 5.29871e-07
DD_0_0_l_0 = 6.07858e-08
DD_0_0_l_0_0 = 8.97404e-08
DD_0_0_l_0_0_0 = 2.43532e-08
DD_0_0_l_0_0_0_0 = 3.4285e-08
DD_0_0_l_0_0_0_0_0 = 1.28672e-08
DD_0_0_l_0_0_0_0_0_0 = 1.74793e-08
DD_0_0_l_0_0_0_0_0_0_0 = 7.87218e-09
DD_0_0_l_0_0_0_0_0_0_0_0 = 1.03975e-08
DD_0_0_l_0_0_0_0_0_0_0_0_0 = 5.27842e-09
DD_0_0_l_0_0_0_0_0_0_0_0_0_0 = 6.81431e-09
DD_0_0_l_0_0_0_0_0_0_0_0_0_0_0 = 3.76895e-09
DD_0_0_l_0_0_0_0_0_0_0_0_0_0_0_0 = 4.77401e-09
DD_0_0_l_0_0_0_0_0_0_0_0_0_0_0_0_0 = 2.81747e-09
DD_0_0_l_0_0_0_0_0_0_0_0_0_0_0_0_0_0 = 3.51173e-09
DD_0_0_l_0_0_0_0_0_0_0_0_0_0_0_0_0_0_0 = 2.18111e-09
DD_0_0_l_0_0_0_0_0_0_0_0_0_0_0_0_0_0_0_0 = 2.6811e-09
DD_0_0_l_0_0_0_0_0_0_0_0_0_0_0_0_0_0_0_0_0 = 1.73561e-09
DD_0_0_l_0_0_0_0_0_0_0_0_0_0_0_0_0_0_0_0_0_0 = 2.10781e-09
DD_0_0_l_0_0_0_0_0_0_0_0_0_0_0_0_0_0_0_0_0_0_0 = 1.4123e-09
DD_0_0_l_0_0_0_0_0_0_0_0_0_0_0_0_0_0_0_0_0_0_0_0 = 1.69431e-09
Dr_0_0 = 2.1168e-08
Dr_0_0_l_0 = 4.24473e-07
Dr_0_0_l_0_0 = 6.60704e-08
Dr_0_0_l_0_0_0 = 1.96097e-07
Dr_0_0_l_0_0_0_0 = 4.69149e-08
Dr_0_0_l_0_0_0_0_0 = 1.15172e-07
Dr_0_0_l_0_0_0_0_0_0 = 3.39972e-08
Dr_0_0_l_0_0_0_0_0_0_0 = 7.6575e-08
Dr_0_0_l_0_0_0_0_0_0_0_0 = 2.57242e-08
Dr_0_0_l_0_0_0_0_0_0_0_0_0 = 5.49559e-08
Dr_0_0_l_0_0_0_0_0_0_0_0_0_0 = 2.01856e-08
Dr_0_0_l_0_0_0_0_0_0_0_0_0_0_0 = 4.15453e-08
Dr_0_0_l_0_0_0_0_0_0_0_0_0_0_0_0 = 1.63032e-08
Dr_0_0_l_0_0_0_0_0_0_0_0_0_0_0_0_0 = 3.2615e-08
Dr_0_0_l_0_0_0_0_0_0_0_0_0_0_0_0_0_0 = 1.34738e-08
Dr_0_0_l_0_0_0_0_0_0_0_0_0_0_0_0_0_0_0 = 2.63489e-08
Dr_0_0_l_0_0_0_0_0_0_0_0_0_0_0_0_0_0_0_0 = 1.13449e-08
Dr_0_0_l_0_0_0_0_0_0_0_0_0_0_0_0_0_0_0_0_0 = 2.17718e-08
Dr_0_0_l_0_0_0_0_0_0_0_0_0_0_0_0_0_0_0_0_0_0 = 9.7001e-09
Dr_0_0_l_0_0_0_0_0_0_0_0_0_0_0_0_0_0_0_0_0_0_0 = 1.83198e-08
Dr_0_0_l_0_0_0_0_0_0_0_0_0_0_0_0_0_0_0_0_0_0_0_0 = 8.43477e-09
Dr_0_0_l_0_0_0_0_0_0_0_0_0_0_0_0_0_0_0_0_0_0_0_0_0 = 1.56107e-08
Hl_0_0 = 0.00096668
Hl_0_0_l_0 = 0.000333102
Hl_0_0_l_0_0 = 0.00032666
Hl_0_0_l_0_0_0 = 0.000199895
Hl_0_0_l_0_0_0_0 = 0.000197134
Hl_0_0_l_0_0_0_0_0 = 0.000142794
Hl_0_0_l_0_0_0_0_0_0 = 0.00014126
Hl_0_0_l_0_0_0_0_0_0_0 = 0.000111068
Hl_0_0_l_0_0_0_0_0_0_0_0 = 0.000110091
Hl_0_0_l_0_0_0_0_0_0_0_0_0 = 9.08759e-05
Hl_0_0_l_0_0_0_0_0_0_0_0_0_0 = 9.02e-05
Hl_0_0_l_0_0_0_0_0_0_0_0_0_0_0 = 7.68961e-05
Hl_0_0_l_0_0_0_0_0_0_0_0_0_0_0_0 = 7.64004e-05
Hl_0_0_l_0_0_0_0_0_0_0_0_0_0_0_0_0 = 6.66437e-05
Hl_0_0_l_0_0_0_0_0_0_0_0_0_0_0_0_0_0 = 6.62646e-05
Hl_0_0_l_0_0_0_0_0_0_0_0_0_0_0_0_0_0_0 = 5.88033e-05
Hl_0_0_l_0_0_0_0_0_0_0_0_0_0_0_0_0_0_0_0 = 5.8504e-05
Hl_0_0_l_0_0_0_0_0_0_0_0_0_0_0_0_0_0_0_0_0 = 5.26133e-05
Hl_0_0_l_0_0_0_0_0_0_0_0_0_0_0_0_0_0_0_0_0_0 = 5.2371e-05
Hl_0_0_l_0_0_0_0_0_0_0_0_0_0_0_0_0_0_0_0_0_0_0 = 4.76023e-05
Hl_0_0_l_0_0_0_0_0_0_0_0_0_0_0_0_0_0_0_0_0_0_0_0 = 4.73835e-05
Hr_0_0 = 0.000999988
I = 1
pi2_0_0_0_0 = 1.17834e-06
pi2_0_0_0_0_l_0 = 3.5548e-07
pi2_0_0_0_0_l_0_0 = 3.5231e-07
pi2_0_0_0_0_l_0_0_0 = 2.07661e-07
pi2_0_0_0_0_l_0_0_0_0 = 2.03843e-07
pi2_0_0_0_0_l_0_0_0_0_0 = 1.46399e-07
pi2_0_0_0_0_l_0_0_0_0_0_0 = 1.4338e-07
pi2_0_0_0_0_l_0_0_0_0_0_0_0 = 1.13023e-07
pi2_0_0_0_0_l_0_0_0_0_0_0_0_0 = 1.10697e-07
pi2_0_0_0_0_l_0_0_0_0_0_0_0_0_0 = 9.20466e-08
pi2_0_0_0_0_l_0_0_0_0_0_0_0_0_0_0 = 9.02261e-08
pi2_0_0_0_0_l_0_0_0_0_0_0_0_0_0_0_0 = 7.76458e-08
pi2_0_0_0_0_l_0_0_0_0_0_0_0_0_0_0_0_0 = 7.61912e-08
pi2_0_0_0_0_l_0_0_0_0_0_0_0_0_0_0_0_0_0 = 6.71481e-08
pi2_0_0_0_0_l_0_0_0_0_0_0_0_0_0_0_0_0_0_0 = 6.59624e-08
pi2_0_0_0_0_l_0_0_0_0_0_0_0_0_0_0_0_0_0_0_0 = 5.91554e-08
pi2_0_0_0_0_l_0_0_0_0_0_0_0_0_0_0_0_0_0_0_0_0 = 5.8172e-08
pi2_0_0_0_0_l_0_0_0_0_0_0_0_0_0_0_0_0_0_0_0_0_0 = 5.28664e-08
pi2_0_0_0_0_l_0_0_0_0_0_0_0_0_0_0_0_0_0_0_0_0_0_0 = 5.20382e-08
pi2_0_0_0_0_l_0_0_0_0_0_0_0_0_0_0_0_0_0_0_0_0_0_0_0 = 4.779e-08
pi2_0_0_0_0_l_0_0_0_0_0_0_0_0_0_0_0_0_0_0_0_0_0_0_0_0 = 4.70636e-08
