DD_0_0 = 5.2971e-07
DD_0_0_l_0 = 6.15358e-08
DD_0_0_l_0_0 = 8.73169e-08
Dr_0_0 = 2.11637e-08
Dr_0_0_l_0 = 4.24277e-07
Dr_0_0_l_0_0 = 6.92821e-08
Dr_0_0_l_0_0_0 = 1.91698e-07
Hl_0_0 = 0.00096666
Hl_0_0_l_0 = 0.000333306
Hl_0_0_l_0_0 = 0.000322571
Hr_0_0 = 0.000999988
I = 1
pi2_0_0_0_0 = 1.1782e-06
pi2_0_0_0_0_l_0 = 3.56922e-07
pi2_0_0_0_0_l_0_0 = 3.46597e-07
