DD_0_0 = 5.29871e-07
DD_0_0_l_0 = 6.07858e-08
DD_0_0_l_0_0 = 8.97402e-08
DD_0_0_l_0_0_0 = 2.43558e-08
DD_0_0_l_0_0_0_0 = 3.42324e-08
DD_0_0_l_0_0_0_0_0 = 1.295e-08
Dr_0_0 = 2.1168e-08
Dr_0_0_l_0 = 4.24473e-07
Dr_0_0_l_0_0 = 6.60704e-08
Dr_0_0_l_0_0_0 = 1.96096e-07
Dr_0_0_l_0_0_0_0 = 4.69356e-08
Dr_0_0_l_0_0_0_0_0 = 1.14093e-07
Dr_0_0_l_0_0_0_0_0_0 = 3.45926e-08
Hl_0_0 = 0.00096668
Hl_0_0_l_0 = 0.000333102
Hl_0_0_l_0_0 = 0.00032666
Hl_0_0_l_0_0_0 = 0.000199895
Hl_0_0_l_0_0_0_0 = 0.000197135
Hl_0_0_l_0_0_0_0_0 = 0.000142769
Hr_0_0 = 0.000999988
I = 1
pi2_0_0_0_0 = 1.17834e-06
pi2_0_0_0_0_l_0 = 3.5548e-07
pi2_0_0_0_0_l_0_0 = 3.5231e-07
pi2_0_0_0_0_l_0_0_0 = 2.07668e-07
pi2_0_0_0_0_l_0_0_0_0 = 2.0364e-07
pi2_0_0_0_0_l_0_0_0_0_0 = 1.46486e-07
