DD_0_0 = 5.24038e-07
DD_0_0_l_0 = 6.05491e-08
DD_0_0_l_0_0 = 8.89028e-08
DD_0_0_l_0_0_0 = 2.42727e-08
DD_0_0_l_0_0_0_0 = 3.40049e-08
DD_0_0_l_0_0_0_0_0 = 1.28301e-08
DD_0_0_l_0_0_0_0_0_0 = 1.73517e-08
DD_0_0_l_0_0_0_0_0_0_0 = 7.85199e-09
DD_0_0_l_0_0_0_0_0_0_0_0 = 1.03287e-08
DD_0_0_l_0_0_0_0_0_0_0_0_0 = 5.26909e-09
DD_0_0_l_0_0_0_0_0_0_0_0_0_0 = 6.74542e-09
Dr_0_0 = 2.08972e-08
Dr_0_0_l_0 = 4.19052e-07
Dr_0_0_l_0_0 = 6.56958e-08
Dr_0_0_l_0_0_0 = 1.93758e-07
Dr_0_0_l_0_0_0_0 = 4.66743e-08
Dr_0_0_l_0_0_0_0_0 = 1.13866e-07
Dr_0_0_l_0_0_0_0_0_0 = 3.38344e-08
Dr_0_0_l_0_0_0_0_0_0_0 = 7.57414e-08
Dr_0_0_l_0_0_0_0_0_0_0_0 = 2.56074e-08
Dr_0_0_l_0_0_0_0_0_0_0_0_0 = 5.43755e-08
Dr_0_0_l_0_0_0_0_0_0_0_0_0_0 = 2.02788e-08
Dr_0_0_l_0_0_0_0_0_0_0_0_0_0_0 = 4.09121e-08
Hl_0_0 = 0.00096668
Hl_0_0_l_0 = 0.000333102
Hl_0_0_l_0_0 = 0.00032666
Hl_0_0_l_0_0_0 = 0.000199895
Hl_0_0_l_0_0_0_0 = 0.000197134
Hl_0_0_l_0_0_0_0_0 = 0.000142794
Hl_0_0_l_0_0_0_0_0_0 = 0.00014126
Hl_0_0_l_0_0_0_0_0_0_0 = 0.000111068
Hl_0_0_l_0_0_0_0_0_0_0_0 = 0.000110091
Hl_0_0_l_0_0_0_0_0_0_0_0_0 = 9.08771e-05
Hl_0_0_l_0_0_0_0_0_0_0_0_0_0 = 9.00803e-05
Hr_0_0 = 0.000999988
I = 1
pi2_0_0_0_0 = 1.17563e-06
pi2_0_0_0_0_l_0 = 3.55369e-07
pi2_0_0_0_0_l_0_0 = 3.52029e-07
pi2_0_0_0_0_l_0_0_0 = 2.07627e-07
pi2_0_0_0_0_l_0_0_0_0 = 2.03785e-07
pi2_0_0_0_0_l_0_0_0_0_0 = 1.46385e-07
pi2_0_0_0_0_l_0_0_0_0_0_0 = 1.4337e-07
pi2_0_0_0_0_l_0_0_0_0_0_0_0 = 1.13017e-07
pi2_0_0_0_0_l_0_0_0_0_0_0_0_0 = 1.107e-07
pi2_0_0_0_0_l_0_0_0_0_0_0_0_0_0 = 9.20621e-08
pi2_0_0_0_0_l_0_0_0_0_0_0_0_0_0_0 = 9.01033e-08
