DD_0_0 = 5.2388e-07
DD_0_0_l_0 = 6.12865e-08
DD_0_0_l_0_0 = 8.65086e-08
Dr_0_0 = 2.0893e-08
Dr_0_0_l_0 = 4.18861e-07
Dr_0_0_l_0_0 = 6.88582e-08
Dr_0_0_l_0_0_0 = 1.89422e-07
Hl_0_0 = 0.00096666
Hl_0_0_l_0 = 0.000333306
Hl_0_0_l_0_0 = 0.000322571
Hr_0_0 = 0.000999988
I = 1
pi2_0_0_0_0 = 1.17549e-06
pi2_0_0_0_0_l_0 = 3.56792e-07
pi2_0_0_0_0_l_0_0 = 3.4634e-07
