D^2   = 5.239957886082594e-07
Dz    = 4.1901867486243424e-07
pi(A) = 0.0019333144316201287
pi(B) = 0.0020000000000000126
pi2   = 1.1755891663557349e-06
