DD_0_0 = 4.72177e-07
DD_0_0_l_0 = 5.83007e-08
DD_0_0_l_0_0 = 8.14326e-08
DD_0_0_l_0_0_0 = 2.35065e-08
DD_0_0_l_0_0_0_0 = 3.15017e-08
DD_0_0_l_0_0_0_0_0 = 1.24761e-08
DD_0_0_l_0_0_0_0_0_0 = 1.62098e-08
DD_0_0_l_0_0_0_0_0_0_0 = 7.65893e-09
DD_0_0_l_0_0_0_0_0_0_0_0 = 9.7122e-09
DD_0_0_l_0_0_0_0_0_0_0_0_0 = 5.15167e-09
DD_0_0_l_0_0_0_0_0_0_0_0_0_0 = 6.37747e-09
Dr_0_0 = 1.84956e-08
Dr_0_0_l_0 = 3.70973e-07
Dr_0_0_l_0_0 = 6.21837e-08
Dr_0_0_l_0_0_0 = 1.72978e-07
Dr_0_0_l_0_0_0_0 = 4.44108e-08
Dr_0_0_l_0_0_0_0_0 = 1.02256e-07
Dr_0_0_l_0_0_0_0_0_0 = 3.22983e-08
Dr_0_0_l_0_0_0_0_0_0_0 = 6.83216e-08
Dr_0_0_l_0_0_0_0_0_0_0_0 = 2.45031e-08
Dr_0_0_l_0_0_0_0_0_0_0_0_0 = 4.92223e-08
Dr_0_0_l_0_0_0_0_0_0_0_0_0_0 = 1.94227e-08
Dr_0_0_l_0_0_0_0_0_0_0_0_0_0_0 = 3.71492e-08
Hl_0_0 = 0.00096668
Hl_0_0_l_0 = 0.000333102
Hl_0_0_l_0_0 = 0.00032666
Hl_0_0_l_0_0_0 = 0.000199895
Hl_0_0_l_0_0_0_0 = 0.000197134
Hl_0_0_l_0_0_0_0_0 = 0.000142794
Hl_0_0_l_0_0_0_0_0_0 = 0.00014126
Hl_0_0_l_0_0_0_0_0_0_0 = 0.000111068
Hl_0_0_l_0_0_0_0_0_0_0_0 = 0.000110091
Hl_0_0_l_0_0_0_0_0_0_0_0_0 = 9.08771e-05
Hl_0_0_l_0_0_0_0_0_0_0_0_0_0 = 9.00803e-05
Hr_0_0 = 0.000999988
I = 1
pi2_0_0_0_0 = 1.15163e-06
pi2_0_0_0_0_l_0 = 3.54317e-07
pi2_0_0_0_0_l_0_0 = 3.49531e-07
pi2_0_0_0_0_l_0_0_0 = 2.07303e-07
pi2_0_0_0_0_l_0_0_0_0 = 2.03268e-07
pi2_0_0_0_0_l_0_0_0_0_0 = 1.46251e-07
pi2_0_0_0_0_l_0_0_0_0_0_0 = 1.43281e-07
pi2_0_0_0_0_l_0_0_0_0_0_0_0 = 1.12952e-07
pi2_0_0_0_0_l_0_0_0_0_0_0_0_0 = 1.10731e-07
pi2_0_0_0_0_l_0_0_0_0_0_0_0_0_0 = 9.20253e-08
pi2_0_0_0_0_l_0_0_0_0_0_0_0_0_0_0 = 9.01704e-08
