DD_0_0 = 4.72055e-07
DD_0_0_l_0 = 5.89276e-08
DD_0_0_l_0_0 = 7.92968e-08
Dr_0_0 = 1.84926e-08
Dr_0_0_l_0 = 3.70821e-07
Dr_0_0_l_0_0 = 6.49131e-08
Dr_0_0_l_0_0_0 = 1.692e-07
Hl_0_0 = 0.00096666
Hl_0_0_l_0 = 0.000333306
Hl_0_0_l_0_0 = 0.000322571
Hr_0_0 = 0.000999988
I = 1
pi2_0_0_0_0 = 1.15152e-06
pi2_0_0_0_0_l_0 = 3.55573e-07
pi2_0_0_0_0_l_0_0 = 3.44047e-07
