DD_0_0 = 4.72177e-07
DD_0_0_l_0 = 5.83007e-08
DD_0_0_l_0_0 = 8.14325e-08
DD_0_0_l_0_0_0 = 2.35086e-08
DD_0_0_l_0_0_0_0 = 3.14573e-08
DD_0_0_l_0_0_0_0_0 = 1.25432e-08
Dr_0_0 = 1.84956e-08
Dr_0_0_l_0 = 3.70973e-07
Dr_0_0_l_0_0 = 6.21838e-08
Dr_0_0_l_0_0_0 = 1.72978e-07
Dr_0_0_l_0_0_0_0 = 4.44284e-08
Dr_0_0_l_0_0_0_0_0 = 1.01336e-07
Dr_0_0_l_0_0_0_0_0_0 = 3.2799e-08
Hl_0_0 = 0.00096668
Hl_0_0_l_0 = 0.000333102
Hl_0_0_l_0_0 = 0.00032666
Hl_0_0_l_0_0_0 = 0.000199895
Hl_0_0_l_0_0_0_0 = 0.000197135
Hl_0_0_l_0_0_0_0_0 = 0.000142769
Hr_0_0 = 0.000999988
I = 1
pi2_0_0_0_0 = 1.15163e-06
pi2_0_0_0_0_l_0 = 3.54317e-07
pi2_0_0_0_0_l_0_0 = 3.49531e-07
pi2_0_0_0_0_l_0_0_0 = 2.07309e-07
pi2_0_0_0_0_l_0_0_0_0 = 2.03095e-07
pi2_0_0_0_0_l_0_0_0_0_0 = 1.46318e-07
