D^2   = 4.720246377417597e-07
Dz    = 3.7083653485943645e-07
pi(A) = 0.001933314431620132
pi(B) = 0.0020000000000000044
pi2   = 1.151531888254865e-06
