DD_1_1 = 5.52434e-08
DD_1_2 = 3.10594e-08
DD_2_2 = 5.62284e-08
Dz_1_1_1 = 4.13548e-08
Dz_1_1_2 = 3.35686e-08
Dz_1_2_2 = 1.20311e-07
Dz_2_1_1 = 3.12865e-08
Dz_2_1_2 = 1.24424e-08
Dz_2_2_2 = 4.50133e-08
H_1_1 = 0.000463375
H_1_2 = 0.000482281
H_2_2 = 0.000321295
I = 1
pi2_1_1_1_1 = 2.3661e-07
pi2_1_1_1_2 = 2.45465e-07
pi2_1_1_2_2 = 1.62025e-07
pi2_1_2_1_2 = 2.59631e-07
pi2_1_2_2_2 = 1.72879e-07
pi2_2_2_2_2 = 1.25724e-07
