DD_1_1 = 8.83296e-09
DD_1_2 = 3.1079e-09
DD_2_2 = 1.84732e-08
Dz_1_1_1 = 3.68856e-09
Dz_1_1_2 = 1.11119e-09
Dz_1_2_2 = 2.04512e-08
Dz_2_1_1 = 2.14193e-09
Dz_2_1_2 = 1.57901e-09
Dz_2_2_2 = 1.09646e-08
H_1_1 = 0.000463375
H_1_2 = 0.000482281
H_2_2 = 0.000321295
I = 1
pi2_1_1_1_1 = 2.17996e-07
pi2_1_1_1_2 = 2.26785e-07
pi2_1_1_2_2 = 1.50907e-07
pi2_1_2_1_2 = 2.36527e-07
pi2_1_2_2_2 = 1.57685e-07
pi2_2_2_2_2 = 1.07736e-07
