DD_1_1 = 1.20827e-09
DD_1_2 = 2.08242e-10
DD_2_2 = 2.4583e-09
Dz_1_1_1 = 1.6797e-10
Dz_1_1_2 = -1.17063e-09
Dz_1_2_2 = 1.02953e-08
Dz_2_1_1 = 4.54545e-12
Dz_2_1_2 = 3.62718e-11
Dz_2_2_2 = 4.05333e-10
H_1_1 = 0.000463375
H_1_2 = 0.000482281
H_2_2 = 0.000321295
I = 1
pi2_1_1_1_1 = 2.14788e-07
pi2_1_1_1_2 = 2.23549e-07
pi2_1_1_2_2 = 1.48926e-07
pi2_1_2_1_2 = 2.32677e-07
pi2_1_2_2_2 = 1.55017e-07
pi2_2_2_2_2 = 1.03402e-07
