DD_1_1 = 9.10536e-08
DD_1_2 = 5.85005e-08
DD_2_2 = 7.833e-08
Dz_1_1_1 = 7.10265e-08
Dz_1_1_2 = 7.08567e-08
Dz_1_2_2 = 2.02658e-07
Dz_2_1_1 = 4.85925e-08
Dz_2_1_2 = 2.57956e-08
Dz_2_2_2 = 6.64579e-08
H_1_1 = 0.000465276
H_1_2 = 0.000464573
H_2_2 = 0.000321295
I = 1
pi2_1_1_1_1 = 2.52046e-07
pi2_1_1_1_2 = 2.51771e-07
pi2_1_1_2_2 = 1.72414e-07
pi2_1_2_1_2 = 2.56788e-07
pi2_1_2_2_2 = 1.78946e-07
pi2_2_2_2_2 = 1.38187e-07
