DD_1_1 = 9.05656e-08
DD_1_2 = 5.81792e-08
DD_2_2 = 7.80363e-08
Dz_1_1_1 = 7.06123e-08
Dz_1_1_2 = 7.04416e-08
Dz_1_2_2 = 2.01627e-07
Dz_2_1_1 = 4.8306e-08
Dz_2_1_2 = 2.56617e-08
Dz_2_2_2 = 6.61703e-08
H_1_1 = 0.000465276
H_1_2 = 0.000464573
H_2_2 = 0.000321295
I = 1
pi2_1_1_1_1 = 2.5186e-07
pi2_1_1_1_2 = 2.51584e-07
pi2_1_1_2_2 = 1.72295e-07
pi2_1_2_1_2 = 2.56573e-07
pi2_1_2_2_2 = 1.78793e-07
pi2_2_2_2_2 = 1.38018e-07
