DD_1_1 = 8.59251e-08
DD_1_2 = 5.5124e-08
DD_2_2 = 7.52346e-08
Dz_1_1_1 = 6.6676e-08
Dz_1_1_2 = 6.64964e-08
Dz_1_2_2 = 1.91824e-07
Dz_2_1_1 = 4.55834e-08
Dz_2_1_2 = 2.43882e-08
Dz_2_2_2 = 6.34297e-08
H_1_1 = 0.000465276
H_1_2 = 0.000464573
H_2_2 = 0.000321295
I = 1
pi2_1_1_1_1 = 2.50093e-07
pi2_1_1_1_2 = 2.49814e-07
pi2_1_1_2_2 = 1.71163e-07
pi2_1_2_1_2 = 2.54529e-07
pi2_1_2_2_2 = 1.77335e-07
pi2_2_2_2_2 = 1.36409e-07
