DD_1_1 = 5.54242e-08
DD_1_2 = 3.50696e-08
DD_2_2 = 5.62284e-08
Dz_1_1_1 = 4.09371e-08
Dz_1_1_2 = 4.07157e-08
Dz_1_2_2 = 1.27425e-07
Dz_2_1_1 = 2.77978e-08
Dz_2_1_2 = 1.59869e-08
Dz_2_2_2 = 4.50133e-08
H_1_1 = 0.000465276
H_1_2 = 0.000464573
H_2_2 = 0.000321295
I = 1
pi2_1_1_1_1 = 2.38415e-07
pi2_1_1_1_2 = 2.38118e-07
pi2_1_1_2_2 = 1.63684e-07
pi2_1_2_1_2 = 2.41031e-07
pi2_1_2_2_2 = 1.67697e-07
pi2_2_2_2_2 = 1.25724e-07
