DD_1_1 = 9.19911e-09
DD_1_2 = 5.00643e-09
DD_2_2 = 1.84732e-08
Dz_1_1_1 = 3.45819e-09
Dz_1_1_2 = 3.41909e-09
Dz_1_2_2 = 3.05043e-08
Dz_2_1_1 = 2.15121e-09
Dz_2_1_2 = 2.5933e-09
Dz_2_2_2 = 1.09646e-08
H_1_1 = 0.000465276
H_1_2 = 0.000464573
H_2_2 = 0.000321295
I = 1
pi2_1_1_1_1 = 2.19768e-07
pi2_1_1_1_2 = 2.19443e-07
pi2_1_1_2_2 = 1.51685e-07
pi2_1_2_1_2 = 2.19535e-07
pi2_1_2_2_2 = 1.52192e-07
pi2_2_2_2_2 = 1.07736e-07
