DD_1_1 = 1.8245e-09
DD_1_2 = 4.14829e-10
DD_2_2 = 2.4583e-09
Dz_1_1_1 = 3.42797e-11
Dz_1_1_2 = 1.80447e-10
Dz_1_2_2 = 1.83118e-08
Dz_2_1_1 = 1.64042e-11
Dz_2_1_2 = 7.25418e-11
Dz_2_2_2 = 4.05333e-10
H_1_1 = 0.000465276
H_1_2 = 0.000464573
H_2_2 = 0.000321295
I = 1
pi2_1_1_1_1 = 2.16553e-07
pi2_1_1_1_2 = 2.16226e-07
pi2_1_1_2_2 = 1.49542e-07
pi2_1_2_1_2 = 2.15909e-07
pi2_1_2_2_2 = 1.4934e-07
pi2_2_2_2_2 = 1.03402e-07
