DD_1_1 = 9.02081e-08
DD_1_2 = 6.63037e-08
DD_2_2 = 7.833e-08
Dz_1_1_1 = 7.40738e-08
Dz_1_1_2 = 9.43177e-08
Dz_1_2_2 = 1.9631e-07
Dz_2_1_1 = 4.13763e-08
Dz_2_1_2 = 3.57371e-08
Dz_2_2_2 = 6.64579e-08
H_1_1 = 0.00045592
H_1_2 = 0.000429155
H_2_2 = 0.000321295
I = 1
pi2_1_1_1_1 = 2.43043e-07
pi2_1_1_1_2 = 2.30163e-07
pi2_1_1_2_2 = 1.72647e-07
pi2_1_2_1_2 = 2.206e-07
pi2_1_2_2_2 = 1.68887e-07
pi2_2_2_2_2 = 1.38187e-07
