DD_1_1 = 9.10049e-08
DD_1_2 = 4.90406e-08
DD_2_2 = 7.84818e-08
Dz_1_1_1 = 7.13224e-08
Dz_1_1_2 = 5.28014e-08
Dz_1_2_2 = 1.90017e-07
Dz_2_1_1 = 6.37324e-08
Dz_2_1_2 = 1.60937e-08
Dz_2_2_2 = 6.65525e-08
H_1_1 = 0.000456545
H_1_2 = 0.00049899
H_2_2 = 0.000321903
I = 1
pi2_1_1_1_1 = 2.43969e-07
pi2_1_1_1_2 = 2.62882e-07
pi2_1_1_2_2 = 1.66578e-07
pi2_1_2_1_2 = 2.964e-07
pi2_1_2_2_2 = 1.89089e-07
pi2_2_2_2_2 = 1.38595e-07
