DD_1_1 = 8.9741e-08
DD_1_2 = 6.5975e-08
DD_2_2 = 7.80363e-08
Dz_1_1_1 = 7.36595e-08
Dz_1_1_2 = 9.38314e-08
Dz_1_2_2 = 1.95405e-07
Dz_2_1_1 = 4.11459e-08
Dz_2_1_2 = 3.55655e-08
Dz_2_2_2 = 6.61703e-08
H_1_1 = 0.00045592
H_1_2 = 0.000429155
H_2_2 = 0.000321295
I = 1
pi2_1_1_1_1 = 2.42859e-07
pi2_1_1_1_2 = 2.29983e-07
pi2_1_1_2_2 = 1.72512e-07
pi2_1_2_1_2 = 2.20411e-07
pi2_1_2_2_2 = 1.6873e-07
pi2_2_2_2_2 = 1.38018e-07
