DD_1_1 = 8.5299e-08
DD_1_2 = 6.28474e-08
DD_2_2 = 7.52346e-08
Dz_1_1_1 = 6.97212e-08
Dz_1_1_2 = 8.92086e-08
Dz_1_2_2 = 1.86803e-07
Dz_2_1_1 = 3.89552e-08
Dz_2_1_2 = 3.39324e-08
Dz_2_2_2 = 6.34297e-08
H_1_1 = 0.00045592
H_1_2 = 0.000429155
H_2_2 = 0.000321295
I = 1
pi2_1_1_1_1 = 2.41111e-07
pi2_1_1_1_2 = 2.28271e-07
pi2_1_1_2_2 = 1.7123e-07
pi2_1_2_1_2 = 2.18611e-07
pi2_1_2_2_2 = 1.67234e-07
pi2_2_2_2_2 = 1.36409e-07
