DD_1_1 = 5.60581e-08
DD_1_2 = 4.21509e-08
DD_2_2 = 5.62284e-08
Dz_1_1_1 = 4.3934e-08
Dz_1_1_2 = 5.88653e-08
Dz_1_2_2 = 1.30132e-07
Dz_2_1_1 = 2.45807e-08
Dz_2_1_2 = 2.30761e-08
Dz_2_2_2 = 4.50133e-08
H_1_1 = 0.00045592
H_1_2 = 0.000429155
H_2_2 = 0.000321295
I = 1
pi2_1_1_1_1 = 2.29564e-07
pi2_1_1_1_2 = 2.16964e-07
pi2_1_1_2_2 = 1.62756e-07
pi2_1_2_1_2 = 2.06714e-07
pi2_1_2_2_2 = 1.57332e-07
pi2_2_2_2_2 = 1.25724e-07
