DD_1_1 = 1.10835e-08
DD_1_2 = 8.62481e-09
DD_2_2 = 1.84732e-08
Dz_1_1_1 = 5.91955e-09
Dz_1_1_2 = 1.31961e-08
Dz_1_2_2 = 4.23016e-08
Dz_2_1_1 = 2.89163e-09
Dz_2_1_2 = 4.62187e-09
Dz_2_2_2 = 1.09646e-08
H_1_1 = 0.00045592
H_1_2 = 0.000429155
H_2_2 = 0.000321295
I = 1
pi2_1_1_1_1 = 2.11121e-07
pi2_1_1_1_2 = 1.98885e-07
pi2_1_1_2_2 = 1.49093e-07
pi2_1_2_1_2 = 1.8765e-07
pi2_1_2_2_2 = 1.41206e-07
pi2_2_2_2_2 = 1.07736e-07
