DD_1_1 = 3.10187e-09
DD_1_2 = 8.23035e-10
DD_2_2 = 2.4583e-09
Dz_1_1_1 = 1.84432e-09
Dz_1_1_2 = 7.06762e-09
Dz_1_2_2 = 2.75087e-08
Dz_2_1_1 = 6.20818e-11
Dz_2_1_2 = 1.45082e-10
Dz_2_2_2 = 4.05333e-10
H_1_1 = 0.00045592
H_1_2 = 0.000429155
H_2_2 = 0.000321295
I = 1
pi2_1_1_1_1 = 2.07936e-07
pi2_1_1_1_2 = 1.95736e-07
pi2_1_1_2_2 = 1.46552e-07
pi2_1_2_1_2 = 1.84264e-07
pi2_1_2_2_2 = 1.37984e-07
pi2_2_2_2_2 = 1.03402e-07
