DD_1_1 = 8.63166e-08
DD_1_2 = 7.21567e-08
DD_2_2 = 7.833e-08
Dz_1_1_1 = 8.39262e-08
Dz_1_1_2 = 1.10043e-07
Dz_1_2_2 = 1.71759e-07
Dz_2_1_1 = 4.19609e-08
Dz_2_1_2 = 4.56785e-08
Dz_2_2_2 = 6.64579e-08
H_1_1 = 0.000429019
H_1_2 = 0.000393738
H_2_2 = 0.000321295
I = 1
pi2_1_1_1_1 = 2.17922e-07
pi2_1_1_1_2 = 2.02023e-07
pi2_1_1_2_2 = 1.67057e-07
pi2_1_2_1_2 = 1.88963e-07
pi2_1_2_2_2 = 1.58829e-07
pi2_2_2_2_2 = 1.38187e-07
