DD_1_1 = 8.58966e-08
DD_1_2 = 7.18301e-08
DD_2_2 = 7.80363e-08
Dz_1_1_1 = 8.35075e-08
Dz_1_1_2 = 1.09536e-07
Dz_1_2_2 = 1.71019e-07
Dz_2_1_1 = 4.17488e-08
Dz_2_1_2 = 4.54693e-08
Dz_2_2_2 = 6.61703e-08
H_1_1 = 0.000429019
H_1_2 = 0.000393738
H_2_2 = 0.000321295
I = 1
pi2_1_1_1_1 = 2.17746e-07
pi2_1_1_1_2 = 2.01853e-07
pi2_1_1_2_2 = 1.66909e-07
pi2_1_2_1_2 = 1.8879e-07
pi2_1_2_2_2 = 1.58667e-07
pi2_2_2_2_2 = 1.38018e-07
