DD_1_1 = 8.19005e-08
DD_1_2 = 6.872e-08
DD_2_2 = 7.52346e-08
Dz_1_1_1 = 7.95269e-08
Dz_1_1_2 = 1.0472e-07
Dz_1_2_2 = 1.63984e-07
Dz_2_1_1 = 3.97308e-08
Dz_2_1_2 = 4.34765e-08
Dz_2_2_2 = 6.34297e-08
H_1_1 = 0.000429019
H_1_2 = 0.000393738
H_2_2 = 0.000321295
I = 1
pi2_1_1_1_1 = 2.16075e-07
pi2_1_1_1_2 = 2.00229e-07
pi2_1_1_2_2 = 1.65499e-07
pi2_1_2_1_2 = 1.87142e-07
pi2_1_2_2_2 = 1.57134e-07
pi2_2_2_2_2 = 1.36409e-07
