DD_1_1 = 5.54726e-08
DD_1_2 = 4.798e-08
DD_2_2 = 5.62284e-08
Dz_1_1_1 = 5.33535e-08
Dz_1_1_2 = 7.29629e-08
Dz_1_2_2 = 1.17479e-07
Dz_2_1_1 = 2.63775e-08
Dz_2_1_2 = 3.01652e-08
Dz_2_2_2 = 4.50133e-08
H_1_1 = 0.000429019
H_1_2 = 0.000393738
H_2_2 = 0.000321295
I = 1
pi2_1_1_1_1 = 2.05027e-07
pi2_1_1_1_2 = 1.89495e-07
pi2_1_1_2_2 = 1.56166e-07
pi2_1_2_1_2 = 1.76241e-07
pi2_1_2_2_2 = 1.46968e-07
pi2_2_2_2_2 = 1.25724e-07
