DD_1_1 = 1.29575e-08
DD_1_2 = 1.2005e-08
DD_2_2 = 1.84732e-08
Dz_1_1_1 = 1.32456e-08
Dz_1_1_2 = 2.30972e-08
Dz_1_2_2 = 4.30204e-08
Dz_2_1_1 = 4.59454e-09
Dz_2_1_2 = 6.65045e-09
Dz_2_2_2 = 1.09646e-08
H_1_1 = 0.000429019
H_1_2 = 0.000393738
H_2_2 = 0.000321295
I = 1
pi2_1_1_1_1 = 1.87307e-07
pi2_1_1_1_2 = 1.72204e-07
pi2_1_1_2_2 = 1.40966e-07
pi2_1_2_1_2 = 1.58562e-07
pi2_1_2_2_2 = 1.3022e-07
pi2_2_2_2_2 = 1.07736e-07
