DD_1_1 = 9.0524e-08
DD_1_2 = 4.87351e-08
DD_2_2 = 7.81873e-08
Dz_1_1_1 = 7.09101e-08
Dz_1_1_2 = 5.24814e-08
Dz_1_2_2 = 1.88905e-07
Dz_2_1_1 = 6.3352e-08
Dz_2_1_2 = 1.59962e-08
Dz_2_2_2 = 6.62641e-08
H_1_1 = 0.000456545
H_1_2 = 0.00049899
H_2_2 = 0.000321903
I = 1
pi2_1_1_1_1 = 2.43783e-07
pi2_1_1_1_2 = 2.62699e-07
pi2_1_1_2_2 = 1.66476e-07
pi2_1_2_1_2 = 2.96151e-07
pi2_1_2_2_2 = 1.8894e-07
pi2_2_2_2_2 = 1.38426e-07
