DD_1_1 = 3.32955e-09
DD_1_2 = 1.22462e-09
DD_2_2 = 2.4583e-09
Dz_1_1_1 = 7.03027e-09
Dz_1_1_2 = 1.39013e-08
Dz_1_2_2 = 2.75908e-08
Dz_2_1_1 = 1.3704e-10
Dz_2_1_2 = 2.17622e-10
Dz_2_2_2 = 4.05333e-10
H_1_1 = 0.000429019
H_1_2 = 0.000393738
H_2_2 = 0.000321295
I = 1
pi2_1_1_1_1 = 1.84142e-07
pi2_1_1_1_2 = 1.69012e-07
pi2_1_1_2_2 = 1.37934e-07
pi2_1_2_1_2 = 1.55136e-07
pi2_1_2_2_2 = 1.26629e-07
pi2_2_2_2_2 = 1.03402e-07
