DD_1_1 = 8.07514e-08
DD_1_2 = 7.60595e-08
DD_2_2 = 7.833e-08
Dz_1_1_1 = 8.97719e-08
Dz_1_1_2 = 1.05049e-07
Dz_1_2_2 = 1.29006e-07
Dz_2_1_1 = 5.03464e-08
Dz_2_1_2 = 5.562e-08
Dz_2_2_2 = 6.64579e-08
H_1_1 = 0.000384572
H_1_2 = 0.00035832
H_2_2 = 0.000321295
I = 1
pi2_1_1_1_1 = 1.80717e-07
pi2_1_1_1_2 = 1.70599e-07
pi2_1_1_2_2 = 1.55644e-07
pi2_1_2_1_2 = 1.61876e-07
pi2_1_2_2_2 = 1.4877e-07
pi2_2_2_2_2 = 1.38187e-07
