DD_1_1 = 8.03948e-08
DD_1_2 = 7.57445e-08
DD_2_2 = 7.80363e-08
Dz_1_1_1 = 8.9374e-08
Dz_1_1_2 = 1.046e-07
Dz_1_2_2 = 1.28469e-07
Dz_2_1_1 = 5.01149e-08
Dz_2_1_2 = 5.53731e-08
Dz_2_2_2 = 6.61703e-08
H_1_1 = 0.000384572
H_1_2 = 0.00035832
H_2_2 = 0.000321295
I = 1
pi2_1_1_1_1 = 1.80551e-07
pi2_1_1_1_2 = 1.70434e-07
pi2_1_1_2_2 = 1.55485e-07
pi2_1_2_1_2 = 1.61709e-07
pi2_1_2_2_2 = 1.48605e-07
pi2_2_2_2_2 = 1.38018e-07
