DD_1_1 = 7.69987e-08
DD_1_2 = 7.27418e-08
DD_2_2 = 7.52346e-08
Dz_1_1_1 = 8.55875e-08
Dz_1_1_2 = 1.00326e-07
Dz_1_2_2 = 1.23366e-07
Dz_2_1_1 = 4.79102e-08
Dz_2_1_2 = 5.30206e-08
Dz_2_2_2 = 6.34297e-08
H_1_1 = 0.000384572
H_1_2 = 0.00035832
H_2_2 = 0.000321295
I = 1
pi2_1_1_1_1 = 1.78967e-07
pi2_1_1_1_2 = 1.68865e-07
pi2_1_1_2_2 = 1.53968e-07
pi2_1_2_1_2 = 1.60124e-07
pi2_1_2_2_2 = 1.47033e-07
pi2_2_2_2_2 = 1.36409e-07
