DD_1_1 = 5.43301e-08
DD_1_2 = 5.25569e-08
DD_2_2 = 5.62284e-08
Dz_1_1_1 = 6.05144e-08
Dz_1_1_2 = 7.19777e-08
Dz_1_2_2 = 8.94646e-08
Dz_2_1_1 = 3.31883e-08
Dz_2_1_2 = 3.72543e-08
Dz_2_2_2 = 4.50133e-08
H_1_1 = 0.000384572
H_1_2 = 0.00035832
H_2_2 = 0.000321295
I = 1
pi2_1_1_1_1 = 1.68484e-07
pi2_1_1_1_2 = 1.58472e-07
pi2_1_1_2_2 = 1.43915e-07
pi2_1_2_1_2 = 1.49612e-07
pi2_1_2_2_2 = 1.36604e-07
pi2_2_2_2_2 = 1.25724e-07
