DD_1_1 = 1.47097e-08
DD_1_2 = 1.51469e-08
DD_2_2 = 1.84732e-08
Dz_1_1_1 = 1.95494e-08
Dz_1_1_2 = 2.50138e-08
Dz_1_2_2 = 3.26606e-08
Dz_2_1_1 = 7.25994e-09
Dz_2_1_2 = 8.67902e-09
Dz_2_2_2 = 1.09646e-08
H_1_1 = 0.000384572
H_1_2 = 0.00035832
H_2_2 = 0.000321295
I = 1
pi2_1_1_1_1 = 1.51412e-07
pi2_1_1_1_2 = 1.41446e-07
pi2_1_1_2_2 = 1.27307e-07
pi2_1_2_1_2 = 1.32272e-07
pi2_1_2_2_2 = 1.19234e-07
pi2_2_2_2_2 = 1.07736e-07
