DD_1_1 = 2.49801e-09
DD_1_2 = 1.61958e-09
DD_2_2 = 2.4583e-09
Dz_1_1_1 = 1.04736e-08
Dz_1_1_2 = 1.39212e-08
Dz_1_2_2 = 1.85579e-08
Dz_2_1_1 = 2.41278e-10
Dz_2_1_2 = 2.90162e-10
Dz_2_2_2 = 4.05333e-10
H_1_1 = 0.000384572
H_1_2 = 0.00035832
H_2_2 = 0.000321295
I = 1
pi2_1_1_1_1 = 1.4801e-07
pi2_1_1_1_2 = 1.37922e-07
pi2_1_1_2_2 = 1.23688e-07
pi2_1_2_1_2 = 1.28528e-07
pi2_1_2_2_2 = 1.15273e-07
pi2_2_2_2_2 = 1.03402e-07
