DD_1_1 = 7.84516e-08
DD_1_2 = 7.80121e-08
DD_2_2 = 7.833e-08
Dz_1_1_1 = 6.65335e-08
Dz_1_1_2 = 6.6353e-08
Dz_1_2_2 = 6.80501e-08
Dz_2_1_1 = 6.65327e-08
Dz_2_1_2 = 6.55615e-08
Dz_2_2_2 = 6.64579e-08
H_1_1 = 0.00032258
H_1_2 = 0.000322903
H_2_2 = 0.000321295
I = 1
pi2_1_1_1_1 = 1.39029e-07
pi2_1_1_1_2 = 1.39134e-07
pi2_1_1_2_2 = 1.38408e-07
pi2_1_2_1_2 = 1.3934e-07
pi2_1_2_2_2 = 1.38711e-07
pi2_2_2_2_2 = 1.38187e-07
