DD_1_1 = 7.81561e-08
DD_1_2 = 7.7718e-08
DD_2_2 = 7.80363e-08
Dz_1_1_1 = 6.62449e-08
Dz_1_1_2 = 6.6065e-08
Dz_1_2_2 = 6.77556e-08
Dz_2_1_1 = 6.6244e-08
Dz_2_1_2 = 6.52769e-08
Dz_2_2_2 = 6.61703e-08
H_1_1 = 0.00032258
H_1_2 = 0.000322903
H_2_2 = 0.000321295
I = 1
pi2_1_1_1_1 = 1.38859e-07
pi2_1_1_1_2 = 1.38965e-07
pi2_1_1_2_2 = 1.3824e-07
pi2_1_2_1_2 = 1.3917e-07
pi2_1_2_2_2 = 1.38542e-07
pi2_2_2_2_2 = 1.38018e-07
