DD_1_1 = 7.53382e-08
DD_1_2 = 7.49129e-08
DD_2_2 = 7.52346e-08
Dz_1_1_1 = 6.34943e-08
Dz_1_1_2 = 6.33201e-08
Dz_1_2_2 = 6.4949e-08
Dz_2_1_1 = 6.34934e-08
Dz_2_1_2 = 6.25648e-08
Dz_2_2_2 = 6.34297e-08
H_1_1 = 0.00032258
H_1_2 = 0.000322903
H_2_2 = 0.000321295
I = 1
pi2_1_1_1_1 = 1.37249e-07
pi2_1_1_1_2 = 1.37354e-07
pi2_1_1_2_2 = 1.36638e-07
pi2_1_2_1_2 = 1.37555e-07
pi2_1_2_2_2 = 1.36932e-07
pi2_2_2_2_2 = 1.36409e-07
