DD_1_1 = 8.59509e-08
DD_1_2 = 4.58332e-08
DD_2_2 = 7.53788e-08
Dz_1_1_1 = 6.69918e-08
Dz_1_1_2 = 4.94424e-08
Dz_1_2_2 = 1.78329e-07
Dz_2_1_1 = 5.97369e-08
Dz_2_1_2 = 1.50699e-08
Dz_2_2_2 = 6.35167e-08
H_1_1 = 0.000456545
H_1_2 = 0.00049899
H_2_2 = 0.000321903
I = 1
pi2_1_1_1_1 = 2.42015e-07
pi2_1_1_1_2 = 2.60961e-07
pi2_1_1_2_2 = 1.65511e-07
pi2_1_2_1_2 = 2.9378e-07
pi2_1_2_2_2 = 1.87515e-07
pi2_2_2_2_2 = 1.36815e-07
