DD_1_1 = 5.62204e-08
DD_1_2 = 5.58815e-08
DD_2_2 = 5.62284e-08
Dz_1_1_1 = 4.50135e-08
Dz_1_1_2 = 4.48788e-08
Dz_1_2_2 = 4.60897e-08
Dz_2_1_1 = 4.50129e-08
Dz_2_1_2 = 4.43434e-08
Dz_2_2_2 = 4.50133e-08
H_1_1 = 0.00032258
H_1_2 = 0.000322903
H_2_2 = 0.000321295
I = 1
pi2_1_1_1_1 = 1.26551e-07
pi2_1_1_1_2 = 1.26655e-07
pi2_1_1_2_2 = 1.26002e-07
pi2_1_2_1_2 = 1.26827e-07
pi2_1_2_2_2 = 1.26239e-07
pi2_2_2_2_2 = 1.25724e-07
