DD_1_1 = 1.82228e-08
DD_1_2 = 1.80506e-08
DD_2_2 = 1.84732e-08
Dz_1_1_1 = 1.08882e-08
Dz_1_1_2 = 1.08369e-08
Dz_1_2_2 = 1.12223e-08
Dz_2_1_1 = 1.08878e-08
Dz_2_1_2 = 1.07076e-08
Dz_2_2_2 = 1.09646e-08
H_1_1 = 0.00032258
H_1_2 = 0.000322903
H_2_2 = 0.000321295
I = 1
pi2_1_1_1_1 = 1.08556e-07
pi2_1_1_1_2 = 1.08659e-07
pi2_1_1_2_2 = 1.08113e-07
pi2_1_2_1_2 = 1.08779e-07
pi2_1_2_2_2 = 1.08248e-07
pi2_2_2_2_2 = 1.07736e-07
