DD_1_1 = 2.10854e-09
DD_1_2 = 2.00792e-09
DD_2_2 = 2.4583e-09
Dz_1_1_1 = 3.74995e-10
Dz_1_1_2 = 3.67081e-10
Dz_1_2_2 = 4.10142e-10
Dz_2_1_1 = 3.74796e-10
Dz_2_1_2 = 3.62702e-10
Dz_2_2_2 = 4.05333e-10
H_1_1 = 0.00032258
H_1_2 = 0.000322903
H_2_2 = 0.000321295
I = 1
pi2_1_1_1_1 = 1.04229e-07
pi2_1_1_1_2 = 1.04333e-07
pi2_1_1_2_2 = 1.03813e-07
pi2_1_2_1_2 = 1.04438e-07
pi2_1_2_2_2 = 1.03918e-07
pi2_2_2_2_2 = 1.03402e-07
