DD_1_1 = 5.58433e-08
DD_1_2 = 2.69508e-08
DD_2_2 = 5.63304e-08
Dz_1_1_1 = 4.13467e-08
Dz_1_1_2 = 2.96634e-08
Dz_1_2_2 = 1.09038e-07
Dz_2_1_1 = 3.61378e-08
Dz_2_1_2 = 9.04134e-09
Dz_2_2_2 = 4.50587e-08
H_1_1 = 0.000456545
H_1_2 = 0.00049899
H_2_2 = 0.000321903
I = 1
pi2_1_1_1_1 = 2.30338e-07
pi2_1_1_1_2 = 2.49477e-07
pi2_1_1_2_2 = 1.59127e-07
pi2_1_2_1_2 = 2.78121e-07
pi2_1_2_2_2 = 1.78108e-07
pi2_2_2_2_2 = 1.26115e-07
