DD_1_1 = 9.41019e-09
DD_1_2 = 1.1801e-09
DD_2_2 = 1.85261e-08
Dz_1_1_1 = 3.71011e-09
Dz_1_1_2 = 1.89968e-09
Dz_1_2_2 = 7.68946e-09
Dz_2_1_1 = 2.40445e-09
Dz_2_1_2 = 5.79019e-10
Dz_2_2_2 = 1.09787e-08
H_1_1 = 0.000456545
H_1_2 = 0.00049899
H_2_2 = 0.000321903
I = 1
pi2_1_1_1_1 = 2.11702e-07
pi2_1_1_1_2 = 2.31103e-07
pi2_1_1_2_2 = 1.48859e-07
pi2_1_2_1_2 = 2.53214e-07
pi2_1_2_2_2 = 1.63172e-07
pi2_2_2_2_2 = 1.08118e-07
