DD_1_1 = 1.01534e-09
DD_1_2 = 2.63111e-18
DD_2_2 = 2.46773e-09
Dz_1_1_1 = 3.77275e-11
Dz_1_1_2 = 6.35523e-15
Dz_1_2_2 = 2.43465e-14
Dz_2_1_1 = 7.53628e-15
Dz_2_1_2 = 1.93706e-15
Dz_2_2_2 = 4.06927e-10
H_1_1 = 0.000456545
H_1_2 = 0.00049899
H_2_2 = 0.000321903
I = 1
pi2_1_1_1_1 = 2.08503e-07
pi2_1_1_1_2 = 2.27885e-07
pi2_1_1_2_2 = 1.47007e-07
pi2_1_2_1_2 = 2.49075e-07
pi2_1_2_2_2 = 1.60678e-07
pi2_2_2_2_2 = 1.03792e-07
