DD_1_1 = 9.08805e-08
DD_1_2 = 5.38676e-08
DD_2_2 = 7.833e-08
Dz_1_1_1 = 7.15325e-08
Dz_1_1_2 = 6.02826e-08
Dz_1_2_2 = 1.99007e-07
Dz_2_1_1 = 5.5126e-08
Dz_2_1_2 = 2.08248e-08
Dz_2_2_2 = 6.64579e-08
H_1_1 = 0.000463375
H_1_2 = 0.000482281
H_2_2 = 0.000321295
I = 1
pi2_1_1_1_1 = 2.50219e-07
pi2_1_1_1_2 = 2.59111e-07
pi2_1_1_2_2 = 1.70113e-07
pi2_1_2_1_2 = 2.76588e-07
pi2_1_2_2_2 = 1.83976e-07
pi2_2_2_2_2 = 1.38187e-07
