DD_1_1 = 9.03925e-08
DD_1_2 = 5.35535e-08
DD_2_2 = 7.80363e-08
Dz_1_1_1 = 7.11171e-08
Dz_1_1_2 = 5.99138e-08
Dz_1_2_2 = 1.97927e-07
Dz_2_1_1 = 5.47972e-08
Dz_2_1_2 = 2.07098e-08
Dz_2_2_2 = 6.61703e-08
H_1_1 = 0.000463375
H_1_2 = 0.000482281
H_2_2 = 0.000321295
I = 1
pi2_1_1_1_1 = 2.50033e-07
pi2_1_1_1_2 = 2.58925e-07
pi2_1_1_2_2 = 1.70003e-07
pi2_1_2_1_2 = 2.76357e-07
pi2_1_2_2_2 = 1.83824e-07
pi2_2_2_2_2 = 1.38018e-07
