DD_1_1 = 8.57522e-08
DD_1_2 = 5.05683e-08
DD_2_2 = 7.52346e-08
Dz_1_1_1 = 6.71701e-08
Dz_1_1_2 = 5.64106e-08
Dz_1_2_2 = 1.8766e-07
Dz_2_1_1 = 5.16739e-08
Dz_2_1_2 = 1.96161e-08
Dz_2_2_2 = 6.34297e-08
H_1_1 = 0.000463375
H_1_2 = 0.000482281
H_2_2 = 0.000321295
I = 1
pi2_1_1_1_1 = 2.48268e-07
pi2_1_1_1_2 = 2.57155e-07
pi2_1_1_2_2 = 1.68955e-07
pi2_1_2_1_2 = 2.74158e-07
pi2_1_2_2_2 = 1.82385e-07
pi2_2_2_2_2 = 1.36409e-07
