DD_0_0 = 2.39629e-09
DD_0_0_l_0 = 4.30835e-10
DD_0_0_l_0_0 = 4.69386e-10
DD_0_0_l_0_0_0 = 1.82136e-10
DD_0_0_l_0_0_0_0 = 1.97074e-10
DD_0_0_l_0_0_0_0_0 = 9.98834e-11
DD_0_0_l_0_0_0_0_0_0 = 1.07483e-10
DD_0_0_l_0_0_0_0_0_0_0 = 6.29462e-11
DD_0_0_l_0_0_0_0_0_0_0_0 = 6.72897e-11
DD_0_0_l_0_0_0_0_0_0_0_0_0 = 4.31297e-11
DD_0_0_l_0_0_0_0_0_0_0_0_0_0 = 4.59208e-11
DD_0_0_l_0_0_0_0_0_0_0_0_0_0_0 = 3.13482e-11
DD_0_0_l_0_0_0_0_0_0_0_0_0_0_0_0 = 3.32483e-11
DD_0_0_l_0_0_0_0_0_0_0_0_0_0_0_0_0 = 2.37805e-11
DD_0_0_l_0_0_0_0_0_0_0_0_0_0_0_0_0_0 = 2.51372e-11
DD_0_0_l_0_0_0_0_0_0_0_0_0_0_0_0_0_0_0 = 1.86383e-11
DD_0_0_l_0_0_0_0_0_0_0_0_0_0_0_0_0_0_0_0 = 1.9643e-11
DD_0_0_l_0_0_0_0_0_0_0_0_0_0_0_0_0_0_0_0_0 = 1.49889e-11
DD_0_0_l_0_0_0_0_0_0_0_0_0_0_0_0_0_0_0_0_0_0 = 1.57549e-11
DD_0_0_l_0_0_0_0_0_0_0_0_0_0_0_0_0_0_0_0_0_0_0 = 1.23081e-11
DD_0_0_l_0_0_0_0_0_0_0_0_0_0_0_0_0_0_0_0_0_0_0_0 = 1.28933e-11
Dr_0_0 = 7.97538e-11
Dr_0_0_l_0 = 1.60248e-09
Dr_0_0_l_0_0 = 4.02108e-10
Dr_0_0_l_0_0_0 = 8.04772e-10
Dr_0_0_l_0_0_0_0 = 2.98882e-10
Dr_0_0_l_0_0_0_0_0 = 5.00238e-10
Dr_0_0_l_0_0_0_0_0_0 = 2.22868e-10
Dr_0_0_l_0_0_0_0_0_0_0 = 3.46863e-10
Dr_0_0_l_0_0_0_0_0_0_0_0 = 1.72515e-10
Dr_0_0_l_0_0_0_0_0_0_0_0_0 = 2.57239e-10
Dr_0_0_l_0_0_0_0_0_0_0_0_0_0 = 1.37765e-10
Dr_0_0_l_0_0_0_0_0_0_0_0_0_0_0 = 1.9972e-10
Dr_0_0_l_0_0_0_0_0_0_0_0_0_0_0_0 = 1.12888e-10
Dr_0_0_l_0_0_0_0_0_0_0_0_0_0_0_0_0 = 1.60318e-10
Dr_0_0_l_0_0_0_0_0_0_0_0_0_0_0_0_0_0 = 9.44405e-11
Dr_0_0_l_0_0_0_0_0_0_0_0_0_0_0_0_0_0_0 = 1.31999e-10
Dr_0_0_l_0_0_0_0_0_0_0_0_0_0_0_0_0_0_0_0 = 8.03555e-11
Dr_0_0_l_0_0_0_0_0_0_0_0_0_0_0_0_0_0_0_0_0 = 1.10879e-10
Dr_0_0_l_0_0_0_0_0_0_0_0_0_0_0_0_0_0_0_0_0_0 = 6.9336e-11
Dr_0_0_l_0_0_0_0_0_0_0_0_0_0_0_0_0_0_0_0_0_0_0 = 9.4659e-11
Dr_0_0_l_0_0_0_0_0_0_0_0_0_0_0_0_0_0_0_0_0_0_0_0 = 6.06361e-11
Dr_0_0_l_0_0_0_0_0_0_0_0_0_0_0_0_0_0_0_0_0_0_0_0_0 = 8.17723e-11
Hl_0_0 = 9.6668e-05
Hl_0_0_l_0 = 3.33102e-05
Hl_0_0_l_0_0 = 3.2666e-05
Hl_0_0_l_0_0_0 = 1.99895e-05
Hl_0_0_l_0_0_0_0 = 1.97134e-05
Hl_0_0_l_0_0_0_0_0 = 1.42794e-05
Hl_0_0_l_0_0_0_0_0_0 = 1.4126e-05
Hl_0_0_l_0_0_0_0_0_0_0 = 1.11068e-05
Hl_0_0_l_0_0_0_0_0_0_0_0 = 1.10091e-05
Hl_0_0_l_0_0_0_0_0_0_0_0_0 = 9.08759e-06
Hl_0_0_l_0_0_0_0_0_0_0_0_0_0 = 9.02e-06
Hl_0_0_l_0_0_0_0_0_0_0_0_0_0_0 = 7.68961e-06
Hl_0_0_l_0_0_0_0_0_0_0_0_0_0_0_0 = 7.64004e-06
Hl_0_0_l_0_0_0_0_0_0_0_0_0_0_0_0_0 = 6.66437e-06
Hl_0_0_l_0_0_0_0_0_0_0_0_0_0_0_0_0_0 = 6.62646e-06
Hl_0_0_l_0_0_0_0_0_0_0_0_0_0_0_0_0_0_0 = 5.88033e-06
Hl_0_0_l_0_0_0_0_0_0_0_0_0_0_0_0_0_0_0_0 = 5.8504e-06
Hl_0_0_l_0_0_0_0_0_0_0_0_0_0_0_0_0_0_0_0_0 = 5.26133e-06
Hl_0_0_l_0_0_0_0_0_0_0_0_0_0_0_0_0_0_0_0_0_0 = 5.2371e-06
Hl_0_0_l_0_0_0_0_0_0_0_0_0_0_0_0_0_0_0_0_0_0_0 = 4.76023e-06
Hl_0_0_l_0_0_0_0_0_0_0_0_0_0_0_0_0_0_0_0_0_0_0_0 = 4.73835e-06
Hr_0_0 = 9.9999e-05
I = 1
pi2_0_0_0_0 = 1.04648e-08
pi2_0_0_0_0_l_0 = 3.47227e-09
pi2_0_0_0_0_l_0_0 = 3.38173e-09
pi2_0_0_0_0_l_0_0_0 = 2.05097e-09
pi2_0_0_0_0_l_0_0_0_0 = 2.00775e-09
pi2_0_0_0_0_l_0_0_0_0_0 = 1.45271e-09
pi2_0_0_0_0_l_0_0_0_0_0_0 = 1.42755e-09
pi2_0_0_0_0_l_0_0_0_0_0_0_0 = 1.12476e-09
pi2_0_0_0_0_l_0_0_0_0_0_0_0_0 = 1.10781e-09
pi2_0_0_0_0_l_0_0_0_0_0_0_0_0_0 = 9.17456e-10
pi2_0_0_0_0_l_0_0_0_0_0_0_0_0_0_0 = 9.05319e-10
pi2_0_0_0_0_l_0_0_0_0_0_0_0_0_0_0_0 = 7.74707e-10
pi2_0_0_0_0_l_0_0_0_0_0_0_0_0_0_0_0_0 = 7.65557e-10
pi2_0_0_0_0_l_0_0_0_0_0_0_0_0_0_0_0_0_0 = 6.70421e-10
pi2_0_0_0_0_l_0_0_0_0_0_0_0_0_0_0_0_0_0_0 = 6.63265e-10
pi2_0_0_0_0_l_0_0_0_0_0_0_0_0_0_0_0_0_0_0_0 = 5.90898e-10
pi2_0_0_0_0_l_0_0_0_0_0_0_0_0_0_0_0_0_0_0_0_0 = 5.85144e-10
pi2_0_0_0_0_l_0_0_0_0_0_0_0_0_0_0_0_0_0_0_0_0_0 = 5.28254e-10
pi2_0_0_0_0_l_0_0_0_0_0_0_0_0_0_0_0_0_0_0_0_0_0_0 = 5.23524e-10
pi2_0_0_0_0_l_0_0_0_0_0_0_0_0_0_0_0_0_0_0_0_0_0_0_0 = 4.77636e-10
pi2_0_0_0_0_l_0_0_0_0_0_0_0_0_0_0_0_0_0_0_0_0_0_0_0_0 = 4.73486e-10
