DD_0_0 = 2.39629e-09
DD_0_0_l_0 = 4.30805e-10
DD_0_0_l_0_0 = 4.69387e-10
DD_0_0_l_0_0_0 = 1.82169e-10
DD_0_0_l_0_0_0_0 = 1.97071e-10
DD_0_0_l_0_0_0_0_0 = 9.99625e-11
DD_0_0_l_0_0_0_0_0_0 = 1.0748e-10
DD_0_0_l_0_0_0_0_0_0_0 = 6.29114e-11
DD_0_0_l_0_0_0_0_0_0_0_0 = 6.7291e-11
DD_0_0_l_0_0_0_0_0_0_0_0_0 = 4.31336e-11
DD_0_0_l_0_0_0_0_0_0_0_0_0_0 = 4.57869e-11
Dr_0_0 = 7.97497e-11
Dr_0_0_l_0 = 1.60247e-09
Dr_0_0_l_0_0 = 4.02146e-10
Dr_0_0_l_0_0_0 = 8.04774e-10
Dr_0_0_l_0_0_0_0 = 2.98769e-10
Dr_0_0_l_0_0_0_0_0 = 5.00239e-10
Dr_0_0_l_0_0_0_0_0_0 = 2.23014e-10
Dr_0_0_l_0_0_0_0_0_0_0 = 3.46858e-10
Dr_0_0_l_0_0_0_0_0_0_0_0 = 1.72523e-10
Dr_0_0_l_0_0_0_0_0_0_0_0_0 = 2.57233e-10
Dr_0_0_l_0_0_0_0_0_0_0_0_0_0 = 1.38306e-10
Dr_0_0_l_0_0_0_0_0_0_0_0_0_0_0 = 1.98992e-10
Hl_0_0 = 9.6668e-05
Hl_0_0_l_0 = 3.33102e-05
Hl_0_0_l_0_0 = 3.2666e-05
Hl_0_0_l_0_0_0 = 1.99895e-05
Hl_0_0_l_0_0_0_0 = 1.97134e-05
Hl_0_0_l_0_0_0_0_0 = 1.42794e-05
Hl_0_0_l_0_0_0_0_0_0 = 1.4126e-05
Hl_0_0_l_0_0_0_0_0_0_0 = 1.11068e-05
Hl_0_0_l_0_0_0_0_0_0_0_0 = 1.10091e-05
Hl_0_0_l_0_0_0_0_0_0_0_0_0 = 9.08771e-06
Hl_0_0_l_0_0_0_0_0_0_0_0_0_0 = 9.00803e-06
Hr_0_0 = 9.9999e-05
I = 1
pi2_0_0_0_0 = 1.04648e-08
pi2_0_0_0_0_l_0 = 3.47244e-09
pi2_0_0_0_0_l_0_0 = 3.38174e-09
pi2_0_0_0_0_l_0_0_0 = 2.05061e-09
pi2_0_0_0_0_l_0_0_0_0 = 2.00775e-09
pi2_0_0_0_0_l_0_0_0_0_0 = 1.45294e-09
pi2_0_0_0_0_l_0_0_0_0_0_0 = 1.42754e-09
pi2_0_0_0_0_l_0_0_0_0_0_0_0 = 1.12474e-09
pi2_0_0_0_0_l_0_0_0_0_0_0_0_0 = 1.10781e-09
pi2_0_0_0_0_l_0_0_0_0_0_0_0_0_0 = 9.17522e-10
pi2_0_0_0_0_l_0_0_0_0_0_0_0_0_0_0 = 9.04087e-10
