D^2   = 4.2174254253925336e-08
Dz    = 1.097128257194501e-08
pi(A) = 0.0019333144316201287
pi(B) = 0.0020000000000000126
pi2   = 9.720082214700644e-07
