DD_0_0 = 4.26687e-10
DD_0_0_l_0 = 1.25968e-10
DD_0_0_l_0_0 = 1.18193e-10
DD_0_0_l_0_0_0 = 6.40475e-11
DD_0_0_l_0_0_0_0 = 6.10254e-11
DD_0_0_l_0_0_0_0_0 = 3.9913e-11
DD_0_0_l_0_0_0_0_0_0 = 3.83844e-11
DD_0_0_l_0_0_0_0_0_0_0 = 2.76123e-11
DD_0_0_l_0_0_0_0_0_0_0_0 = 2.67262e-11
DD_0_0_l_0_0_0_0_0_0_0_0_0 = 2.03814e-11
DD_0_0_l_0_0_0_0_0_0_0_0_0_0 = 1.98205e-11
DD_0_0_l_0_0_0_0_0_0_0_0_0_0_0 = 1.57289e-11
DD_0_0_l_0_0_0_0_0_0_0_0_0_0_0_0 = 1.53509e-11
DD_0_0_l_0_0_0_0_0_0_0_0_0_0_0_0_0 = 1.25408e-11
DD_0_0_l_0_0_0_0_0_0_0_0_0_0_0_0_0_0 = 1.2274e-11
DD_0_0_l_0_0_0_0_0_0_0_0_0_0_0_0_0_0_0 = 1.0252e-11
DD_0_0_l_0_0_0_0_0_0_0_0_0_0_0_0_0_0_0_0 = 1.00569e-11
DD_0_0_l_0_0_0_0_0_0_0_0_0_0_0_0_0_0_0_0_0 = 8.54909e-12
DD_0_0_l_0_0_0_0_0_0_0_0_0_0_0_0_0_0_0_0_0_0 = 8.40215e-12
DD_0_0_l_0_0_0_0_0_0_0_0_0_0_0_0_0_0_0_0_0_0_0 = 7.24511e-12
DD_0_0_l_0_0_0_0_0_0_0_0_0_0_0_0_0_0_0_0_0_0_0_0 = 7.12742e-12
Dr_0_0 = 5.68004e-12
Dr_0_0_l_0 = 1.14889e-10
Dr_0_0_l_0_0 = 5.73488e-11
Dr_0_0_l_0_0_0 = 8.05185e-11
Dr_0_0_l_0_0_0_0 = 5.10584e-11
Dr_0_0_l_0_0_0_0_0 = 6.15489e-11
Dr_0_0_l_0_0_0_0_0_0 = 4.3249e-11
Dr_0_0_l_0_0_0_0_0_0_0 = 4.94007e-11
Dr_0_0_l_0_0_0_0_0_0_0_0 = 3.68264e-11
Dr_0_0_l_0_0_0_0_0_0_0_0_0 = 4.09495e-11
Dr_0_0_l_0_0_0_0_0_0_0_0_0_0 = 3.1743e-11
Dr_0_0_l_0_0_0_0_0_0_0_0_0_0_0 = 3.47422e-11
Dr_0_0_l_0_0_0_0_0_0_0_0_0_0_0_0 = 2.7697e-11
Dr_0_0_l_0_0_0_0_0_0_0_0_0_0_0_0_0 = 3.00019e-11
Dr_0_0_l_0_0_0_0_0_0_0_0_0_0_0_0_0_0 = 2.44326e-11
Dr_0_0_l_0_0_0_0_0_0_0_0_0_0_0_0_0_0_0 = 2.62731e-11
Dr_0_0_l_0_0_0_0_0_0_0_0_0_0_0_0_0_0_0_0 = 2.17577e-11
Dr_0_0_l_0_0_0_0_0_0_0_0_0_0_0_0_0_0_0_0_0 = 2.32708e-11
Dr_0_0_l_0_0_0_0_0_0_0_0_0_0_0_0_0_0_0_0_0_0 = 1.95357e-11
Dr_0_0_l_0_0_0_0_0_0_0_0_0_0_0_0_0_0_0_0_0_0_0 = 2.08074e-11
Dr_0_0_l_0_0_0_0_0_0_0_0_0_0_0_0_0_0_0_0_0_0_0_0 = 1.76713e-11
Dr_0_0_l_0_0_0_0_0_0_0_0_0_0_0_0_0_0_0_0_0_0_0_0_0 = 1.87419e-11
Hl_0_0 = 9.6668e-05
Hl_0_0_l_0 = 3.33102e-05
Hl_0_0_l_0_0 = 3.2666e-05
Hl_0_0_l_0_0_0 = 1.99895e-05
Hl_0_0_l_0_0_0_0 = 1.97134e-05
Hl_0_0_l_0_0_0_0_0 = 1.42794e-05
Hl_0_0_l_0_0_0_0_0_0 = 1.4126e-05
Hl_0_0_l_0_0_0_0_0_0_0 = 1.11068e-05
Hl_0_0_l_0_0_0_0_0_0_0_0 = 1.10091e-05
Hl_0_0_l_0_0_0_0_0_0_0_0_0 = 9.08759e-06
Hl_0_0_l_0_0_0_0_0_0_0_0_0_0 = 9.02e-06
Hl_0_0_l_0_0_0_0_0_0_0_0_0_0_0 = 7.68961e-06
Hl_0_0_l_0_0_0_0_0_0_0_0_0_0_0_0 = 7.64004e-06
Hl_0_0_l_0_0_0_0_0_0_0_0_0_0_0_0_0 = 6.66437e-06
Hl_0_0_l_0_0_0_0_0_0_0_0_0_0_0_0_0_0 = 6.62646e-06
Hl_0_0_l_0_0_0_0_0_0_0_0_0_0_0_0_0_0_0 = 5.88033e-06
Hl_0_0_l_0_0_0_0_0_0_0_0_0_0_0_0_0_0_0_0 = 5.8504e-06
Hl_0_0_l_0_0_0_0_0_0_0_0_0_0_0_0_0_0_0_0_0 = 5.26133e-06
Hl_0_0_l_0_0_0_0_0_0_0_0_0_0_0_0_0_0_0_0_0_0 = 5.2371e-06
Hl_0_0_l_0_0_0_0_0_0_0_0_0_0_0_0_0_0_0_0_0_0_0 = 4.76023e-06
Hl_0_0_l_0_0_0_0_0_0_0_0_0_0_0_0_0_0_0_0_0_0_0_0 = 4.73835e-06
Hr_0_0 = 9.9999e-05
I = 1
pi2_0_0_0_0 = 9.72366e-09
pi2_0_0_0_0_l_0 = 3.35167e-09
pi2_0_0_0_0_l_0_0 = 3.28127e-09
pi2_0_0_0_0_l_0_0_0 = 2.00834e-09
pi2_0_0_0_0_l_0_0_0_0 = 1.9783e-09
pi2_0_0_0_0_l_0_0_0_0_0 = 1.43328e-09
pi2_0_0_0_0_l_0_0_0_0_0_0 = 1.41664e-09
pi2_0_0_0_0_l_0_0_0_0_0_0_0 = 1.11408e-09
pi2_0_0_0_0_l_0_0_0_0_0_0_0_0 = 1.10352e-09
pi2_0_0_0_0_l_0_0_0_0_0_0_0_0_0 = 9.11102e-10
pi2_0_0_0_0_l_0_0_0_0_0_0_0_0_0_0 = 9.03804e-10
pi2_0_0_0_0_l_0_0_0_0_0_0_0_0_0_0_0 = 7.70657e-10
pi2_0_0_0_0_l_0_0_0_0_0_0_0_0_0_0_0_0 = 7.65312e-10
pi2_0_0_0_0_l_0_0_0_0_0_0_0_0_0_0_0_0_0 = 6.67713e-10
pi2_0_0_0_0_l_0_0_0_0_0_0_0_0_0_0_0_0_0_0 = 6.63629e-10
pi2_0_0_0_0_l_0_0_0_0_0_0_0_0_0_0_0_0_0_0_0 = 5.89021e-10
pi2_0_0_0_0_l_0_0_0_0_0_0_0_0_0_0_0_0_0_0_0_0 = 5.858e-10
pi2_0_0_0_0_l_0_0_0_0_0_0_0_0_0_0_0_0_0_0_0_0_0 = 5.26916e-10
pi2_0_0_0_0_l_0_0_0_0_0_0_0_0_0_0_0_0_0_0_0_0_0_0 = 5.2431e-10
pi2_0_0_0_0_l_0_0_0_0_0_0_0_0_0_0_0_0_0_0_0_0_0_0_0 = 4.76656e-10
pi2_0_0_0_0_l_0_0_0_0_0_0_0_0_0_0_0_0_0_0_0_0_0_0_0_0 = 4.74316e-10
