DD_0_0 = 4.26687e-10
DD_0_0_l_0 = 1.25967e-10
DD_0_0_l_0_0 = 1.18193e-10
DD_0_0_l_0_0_0 = 6.40511e-11
DD_0_0_l_0_0_0_0 = 6.10238e-11
DD_0_0_l_0_0_0_0_0 = 3.98943e-11
Dr_0_0 = 5.68001e-12
Dr_0_0_l_0 = 1.14889e-10
Dr_0_0_l_0_0 = 5.73487e-11
Dr_0_0_l_0_0_0 = 8.05186e-11
Dr_0_0_l_0_0_0_0 = 5.10602e-11
Dr_0_0_l_0_0_0_0_0 = 6.14827e-11
Dr_0_0_l_0_0_0_0_0_0 = 4.33081e-11
Hl_0_0 = 9.6668e-05
Hl_0_0_l_0 = 3.33102e-05
Hl_0_0_l_0_0 = 3.2666e-05
Hl_0_0_l_0_0_0 = 1.99895e-05
Hl_0_0_l_0_0_0_0 = 1.97135e-05
Hl_0_0_l_0_0_0_0_0 = 1.42769e-05
Hr_0_0 = 9.9999e-05
I = 1
pi2_0_0_0_0 = 9.72366e-09
pi2_0_0_0_0_l_0 = 3.35167e-09
pi2_0_0_0_0_l_0_0 = 3.28127e-09
pi2_0_0_0_0_l_0_0_0 = 2.00834e-09
pi2_0_0_0_0_l_0_0_0_0 = 1.9783e-09
pi2_0_0_0_0_l_0_0_0_0_0 = 1.43303e-09
