DD_0_0 = 4.26677e-10
DD_0_0_l_0 = 1.2608e-10
DD_0_0_l_0_0 = 1.16388e-10
Dr_0_0 = 5.68013e-12
Dr_0_0_l_0 = 1.14884e-10
Dr_0_0_l_0_0 = 5.77397e-11
Dr_0_0_l_0_0_0 = 7.96863e-11
Hl_0_0 = 9.6666e-05
Hl_0_0_l_0 = 3.33306e-05
Hl_0_0_l_0_0 = 3.22571e-05
Hr_0_0 = 9.9999e-05
I = 1
pi2_0_0_0_0 = 9.72345e-09
pi2_0_0_0_0_l_0 = 3.35387e-09
pi2_0_0_0_0_l_0_0 = 3.24003e-09
