DD_0_0 = 4.26687e-10
DD_0_0_l_0 = 1.25967e-10
DD_0_0_l_0_0 = 1.18193e-10
DD_0_0_l_0_0_0 = 6.40509e-11
DD_0_0_l_0_0_0_0 = 6.10252e-11
DD_0_0_l_0_0_0_0_0 = 3.99107e-11
DD_0_0_l_0_0_0_0_0_0 = 3.83845e-11
DD_0_0_l_0_0_0_0_0_0_0 = 2.7611e-11
DD_0_0_l_0_0_0_0_0_0_0_0 = 2.67263e-11
DD_0_0_l_0_0_0_0_0_0_0_0_0 = 2.03817e-11
DD_0_0_l_0_0_0_0_0_0_0_0_0_0 = 1.97826e-11
Dr_0_0 = 5.68008e-12
Dr_0_0_l_0 = 1.14889e-10
Dr_0_0_l_0_0 = 5.73489e-11
Dr_0_0_l_0_0_0 = 8.05187e-11
Dr_0_0_l_0_0_0_0 = 5.10591e-11
Dr_0_0_l_0_0_0_0_0 = 6.1549e-11
Dr_0_0_l_0_0_0_0_0_0 = 4.32496e-11
Dr_0_0_l_0_0_0_0_0_0_0 = 4.94005e-11
Dr_0_0_l_0_0_0_0_0_0_0_0 = 3.68254e-11
Dr_0_0_l_0_0_0_0_0_0_0_0_0 = 4.09493e-11
Dr_0_0_l_0_0_0_0_0_0_0_0_0_0 = 3.17665e-11
Dr_0_0_l_0_0_0_0_0_0_0_0_0_0_0 = 3.46823e-11
Hl_0_0 = 9.6668e-05
Hl_0_0_l_0 = 3.33102e-05
Hl_0_0_l_0_0 = 3.2666e-05
Hl_0_0_l_0_0_0 = 1.99895e-05
Hl_0_0_l_0_0_0_0 = 1.97134e-05
Hl_0_0_l_0_0_0_0_0 = 1.42794e-05
Hl_0_0_l_0_0_0_0_0_0 = 1.4126e-05
Hl_0_0_l_0_0_0_0_0_0_0 = 1.11068e-05
Hl_0_0_l_0_0_0_0_0_0_0_0 = 1.10091e-05
Hl_0_0_l_0_0_0_0_0_0_0_0_0 = 9.08771e-06
Hl_0_0_l_0_0_0_0_0_0_0_0_0_0 = 9.00803e-06
Hr_0_0 = 9.9999e-05
I = 1
pi2_0_0_0_0 = 9.72366e-09
pi2_0_0_0_0_l_0 = 3.35167e-09
pi2_0_0_0_0_l_0_0 = 3.28127e-09
pi2_0_0_0_0_l_0_0_0 = 2.00834e-09
pi2_0_0_0_0_l_0_0_0_0 = 1.9783e-09
pi2_0_0_0_0_l_0_0_0_0_0 = 1.43328e-09
pi2_0_0_0_0_l_0_0_0_0_0_0 = 1.41664e-09
pi2_0_0_0_0_l_0_0_0_0_0_0_0 = 1.11408e-09
pi2_0_0_0_0_l_0_0_0_0_0_0_0_0 = 1.10352e-09
pi2_0_0_0_0_l_0_0_0_0_0_0_0_0_0 = 9.11116e-10
pi2_0_0_0_0_l_0_0_0_0_0_0_0_0_0_0 = 9.02601e-10
