DD_0_0 = 4.76178e-11
DD_0_0_l_0 = 1.6104e-11
DD_0_0_l_0_0 = 1.54374e-11
Dr_0_0 = 9.06075e-14
Dr_0_0_l_0 = 1.83941e-12
Dr_0_0_l_0_0 = 1.22067e-12
Dr_0_0_l_0_0_0 = 1.72542e-12
Hl_0_0 = 9.66659e-05
Hl_0_0_l_0 = 3.33306e-05
Hl_0_0_l_0_0 = 3.22571e-05
Hr_0_0 = 9.9999e-05
I = 1
pi2_0_0_0_0 = 9.66731e-09
pi2_0_0_0_0_l_0 = 3.33342e-09
pi2_0_0_0_0_l_0_0 = 3.226e-09
