DD_0_0 = 4.76189e-11
DD_0_0_l_0 = 1.60954e-11
DD_0_0_l_0_0 = 1.56388e-11
DD_0_0_l_0_0_0 = 9.39472e-12
DD_0_0_l_0_0_0_0 = 9.18516e-12
DD_0_0_l_0_0_0_0_0 = 6.53886e-12
DD_0_0_l_0_0_0_0_0_0 = 6.41285e-12
DD_0_0_l_0_0_0_0_0_0_0 = 4.95544e-12
DD_0_0_l_0_0_0_0_0_0_0_0 = 4.87471e-12
DD_0_0_l_0_0_0_0_0_0_0_0_0 = 3.96252e-12
DD_0_0_l_0_0_0_0_0_0_0_0_0_0 = 3.89874e-12
DD_0_0_l_0_0_0_0_0_0_0_0_0_0_0 = 3.26902e-12
DD_0_0_l_0_0_0_0_0_0_0_0_0_0_0_0 = 3.22671e-12
DD_0_0_l_0_0_0_0_0_0_0_0_0_0_0_0_0 = 2.77227e-12
DD_0_0_l_0_0_0_0_0_0_0_0_0_0_0_0_0_0 = 2.73634e-12
DD_0_0_l_0_0_0_0_0_0_0_0_0_0_0_0_0_0_0 = 2.39261e-12
DD_0_0_l_0_0_0_0_0_0_0_0_0_0_0_0_0_0_0_0 = 2.36388e-12
DD_0_0_l_0_0_0_0_0_0_0_0_0_0_0_0_0_0_0_0_0 = 2.09546e-12
DD_0_0_l_0_0_0_0_0_0_0_0_0_0_0_0_0_0_0_0_0_0 = 2.07189e-12
DD_0_0_l_0_0_0_0_0_0_0_0_0_0_0_0_0_0_0_0_0_0_0 = 1.85699e-12
DD_0_0_l_0_0_0_0_0_0_0_0_0_0_0_0_0_0_0_0_0_0_0_0 = 1.83642e-12
Dr_0_0 = 9.05904e-14
Dr_0_0_l_0 = 1.83945e-12
Dr_0_0_l_0_0 = 1.21819e-12
Dr_0_0_l_0_0_0 = 1.73701e-12
Dr_0_0_l_0_0_0_0 = 1.35852e-12
Dr_0_0_l_0_0_0_0_0 = 1.64142e-12
Dr_0_0_l_0_0_0_0_0_0 = 1.37572e-12
Dr_0_0_l_0_0_0_0_0_0_0 = 1.55457e-12
Dr_0_0_l_0_0_0_0_0_0_0_0 = 1.33084e-12
Dr_0_0_l_0_0_0_0_0_0_0_0_0 = 1.47706e-12
Dr_0_0_l_0_0_0_0_0_0_0_0_0_0 = 1.32013e-12
Dr_0_0_l_0_0_0_0_0_0_0_0_0_0_0 = 1.40493e-12
Dr_0_0_l_0_0_0_0_0_0_0_0_0_0_0_0 = 1.25398e-12
Dr_0_0_l_0_0_0_0_0_0_0_0_0_0_0_0_0 = 1.34127e-12
Dr_0_0_l_0_0_0_0_0_0_0_0_0_0_0_0_0_0 = 1.21728e-12
Dr_0_0_l_0_0_0_0_0_0_0_0_0_0_0_0_0_0_0 = 1.28186e-12
Dr_0_0_l_0_0_0_0_0_0_0_0_0_0_0_0_0_0_0_0 = 1.17386e-12
Dr_0_0_l_0_0_0_0_0_0_0_0_0_0_0_0_0_0_0_0_0 = 1.2276e-12
Dr_0_0_l_0_0_0_0_0_0_0_0_0_0_0_0_0_0_0_0_0_0 = 1.13199e-12
Dr_0_0_l_0_0_0_0_0_0_0_0_0_0_0_0_0_0_0_0_0_0_0 = 1.17759e-12
Dr_0_0_l_0_0_0_0_0_0_0_0_0_0_0_0_0_0_0_0_0_0_0_0 = 1.09227e-12
Dr_0_0_l_0_0_0_0_0_0_0_0_0_0_0_0_0_0_0_0_0_0_0_0_0 = 1.13098e-12
Hl_0_0 = 9.6668e-05
Hl_0_0_l_0 = 3.33102e-05
Hl_0_0_l_0_0 = 3.2666e-05
Hl_0_0_l_0_0_0 = 1.99895e-05
Hl_0_0_l_0_0_0_0 = 1.97134e-05
Hl_0_0_l_0_0_0_0_0 = 1.42794e-05
Hl_0_0_l_0_0_0_0_0_0 = 1.4126e-05
Hl_0_0_l_0_0_0_0_0_0_0 = 1.11068e-05
Hl_0_0_l_0_0_0_0_0_0_0_0 = 1.10091e-05
Hl_0_0_l_0_0_0_0_0_0_0_0_0 = 9.08759e-06
Hl_0_0_l_0_0_0_0_0_0_0_0_0_0 = 9.02e-06
Hl_0_0_l_0_0_0_0_0_0_0_0_0_0_0 = 7.68961e-06
Hl_0_0_l_0_0_0_0_0_0_0_0_0_0_0_0 = 7.64004e-06
Hl_0_0_l_0_0_0_0_0_0_0_0_0_0_0_0_0 = 6.66437e-06
Hl_0_0_l_0_0_0_0_0_0_0_0_0_0_0_0_0_0 = 6.62647e-06
Hl_0_0_l_0_0_0_0_0_0_0_0_0_0_0_0_0_0_0 = 5.88033e-06
Hl_0_0_l_0_0_0_0_0_0_0_0_0_0_0_0_0_0_0_0 = 5.8504e-06
Hl_0_0_l_0_0_0_0_0_0_0_0_0_0_0_0_0_0_0_0_0 = 5.26133e-06
Hl_0_0_l_0_0_0_0_0_0_0_0_0_0_0_0_0_0_0_0_0_0 = 5.2371e-06
Hl_0_0_l_0_0_0_0_0_0_0_0_0_0_0_0_0_0_0_0_0_0_0 = 4.76023e-06
Hl_0_0_l_0_0_0_0_0_0_0_0_0_0_0_0_0_0_0_0_0_0_0_0 = 4.73835e-06
Hr_0_0 = 9.9999e-05
I = 1
pi2_0_0_0_0 = 9.66752e-09
pi2_0_0_0_0_l_0 = 3.33138e-09
pi2_0_0_0_0_l_0_0 = 3.26689e-09
pi2_0_0_0_0_l_0_0_0 = 1.99915e-09
pi2_0_0_0_0_l_0_0_0_0 = 1.97152e-09
pi2_0_0_0_0_l_0_0_0_0_0 = 1.42814e-09
pi2_0_0_0_0_l_0_0_0_0_0_0 = 1.41273e-09
pi2_0_0_0_0_l_0_0_0_0_0_0_0 = 1.11069e-09
pi2_0_0_0_0_l_0_0_0_0_0_0_0_0 = 1.10101e-09
pi2_0_0_0_0_l_0_0_0_0_0_0_0_0_0 = 9.08932e-10
pi2_0_0_0_0_l_0_0_0_0_0_0_0_0_0_0 = 9.02072e-10
pi2_0_0_0_0_l_0_0_0_0_0_0_0_0_0_0_0 = 7.68998e-10
pi2_0_0_0_0_l_0_0_0_0_0_0_0_0_0_0_0_0 = 7.64067e-10
pi2_0_0_0_0_l_0_0_0_0_0_0_0_0_0_0_0_0_0 = 6.6649e-10
pi2_0_0_0_0_l_0_0_0_0_0_0_0_0_0_0_0_0_0_0 = 6.62697e-10
pi2_0_0_0_0_l_0_0_0_0_0_0_0_0_0_0_0_0_0_0_0 = 5.88079e-10
pi2_0_0_0_0_l_0_0_0_0_0_0_0_0_0_0_0_0_0_0_0_0 = 5.85083e-10
pi2_0_0_0_0_l_0_0_0_0_0_0_0_0_0_0_0_0_0_0_0_0_0 = 5.26172e-10
pi2_0_0_0_0_l_0_0_0_0_0_0_0_0_0_0_0_0_0_0_0_0_0_0 = 5.23747e-10
pi2_0_0_0_0_l_0_0_0_0_0_0_0_0_0_0_0_0_0_0_0_0_0_0_0 = 4.76057e-10
pi2_0_0_0_0_l_0_0_0_0_0_0_0_0_0_0_0_0_0_0_0_0_0_0_0_0 = 4.73866e-10
