DD_0_0 = 4.76188e-11
DD_0_0_l_0 = 1.60938e-11
DD_0_0_l_0_0 = 1.56389e-11
DD_0_0_l_0_0_0 = 9.39585e-12
DD_0_0_l_0_0_0_0 = 9.18516e-12
DD_0_0_l_0_0_0_0_0 = 6.53597e-12
Dr_0_0 = 9.05728e-14
Dr_0_0_l_0 = 1.83944e-12
Dr_0_0_l_0_0 = 1.21811e-12
Dr_0_0_l_0_0_0 = 1.73701e-12
Dr_0_0_l_0_0_0_0 = 1.35937e-12
Dr_0_0_l_0_0_0_0_0 = 1.64492e-12
Dr_0_0_l_0_0_0_0_0_0 = 1.37086e-12
Hl_0_0 = 9.6668e-05
Hl_0_0_l_0 = 3.33102e-05
Hl_0_0_l_0_0 = 3.2666e-05
Hl_0_0_l_0_0_0 = 1.99895e-05
Hl_0_0_l_0_0_0_0 = 1.97135e-05
Hl_0_0_l_0_0_0_0_0 = 1.42769e-05
Hr_0_0 = 9.9999e-05
I = 1
pi2_0_0_0_0 = 9.66752e-09
pi2_0_0_0_0_l_0 = 3.33138e-09
pi2_0_0_0_0_l_0_0 = 3.26689e-09
pi2_0_0_0_0_l_0_0_0 = 1.99916e-09
pi2_0_0_0_0_l_0_0_0_0 = 1.97153e-09
pi2_0_0_0_0_l_0_0_0_0_0 = 1.42784e-09
