D^2   = -3.0694495677699555e-07
Dz    = -1.196732951510324e-06
pi(A) = 0.0019333144316201287
pi(B) = 0.0020000000000000126
pi2   = 5.399235060825019e-07
