DD_0_0 = 3.11897e-09
DD_0_0_l_0 = 6.24297e-10
DD_0_0_l_0_0 = 5.93814e-10
DD_0_0_l_0_0_0 = 2.48542e-10
DD_0_0_l_0_0_0_0 = 2.43422e-10
DD_0_0_l_0_0_0_0_0 = 1.30574e-10
DD_0_0_l_0_0_0_0_0_0 = 1.30693e-10
DD_0_0_l_0_0_0_0_0_0_0 = 7.99192e-11
DD_0_0_l_0_0_0_0_0_0_0_0 = 8.04335e-11
DD_0_0_l_0_0_0_0_0_0_0_0_0 = 5.36414e-11
DD_0_0_l_0_0_0_0_0_0_0_0_0_0 = 5.41159e-11
DD_0_0_l_0_0_0_0_0_0_0_0_0_0_0 = 3.83195e-11
DD_0_0_l_0_0_0_0_0_0_0_0_0_0_0_0 = 3.87161e-11
DD_0_0_l_0_0_0_0_0_0_0_0_0_0_0_0_0 = 2.8648e-11
DD_0_0_l_0_0_0_0_0_0_0_0_0_0_0_0_0_0 = 2.89741e-11
DD_0_0_l_0_0_0_0_0_0_0_0_0_0_0_0_0_0_0 = 2.21738e-11
DD_0_0_l_0_0_0_0_0_0_0_0_0_0_0_0_0_0_0_0 = 2.24428e-11
DD_0_0_l_0_0_0_0_0_0_0_0_0_0_0_0_0_0_0_0_0 = 1.764e-11
DD_0_0_l_0_0_0_0_0_0_0_0_0_0_0_0_0_0_0_0_0_0 = 1.78615e-11
DD_0_0_l_0_0_0_0_0_0_0_0_0_0_0_0_0_0_0_0_0_0_0 = 1.43573e-11
DD_0_0_l_0_0_0_0_0_0_0_0_0_0_0_0_0_0_0_0_0_0_0_0 = 1.44121e-11
Dr_0_0 = 1.21567e-09
Dr_0_0_l_0 = 2.58765e-09
Dr_0_0_l_0_0 = 9.3345e-10
Dr_0_0_l_0_0_0 = 1.27087e-09
Dr_0_0_l_0_0_0_0 = 6.0225e-10
Dr_0_0_l_0_0_0_0_0 = 7.77784e-10
Dr_0_0_l_0_0_0_0_0_0 = 4.20237e-10
Dr_0_0_l_0_0_0_0_0_0_0 = 5.32424e-10
Dr_0_0_l_0_0_0_0_0_0_0_0 = 3.1204e-10
Dr_0_0_l_0_0_0_0_0_0_0_0_0 = 3.90196e-10
Dr_0_0_l_0_0_0_0_0_0_0_0_0_0 = 2.41876e-10
Dr_0_0_l_0_0_0_0_0_0_0_0_0_0_0 = 2.99872e-10
Dr_0_0_l_0_0_0_0_0_0_0_0_0_0_0_0 = 1.93652e-10
Dr_0_0_l_0_0_0_0_0_0_0_0_0_0_0_0_0 = 2.38567e-10
Dr_0_0_l_0_0_0_0_0_0_0_0_0_0_0_0_0_0 = 1.58978e-10
Dr_0_0_l_0_0_0_0_0_0_0_0_0_0_0_0_0_0_0 = 1.94875e-10
Dr_0_0_l_0_0_0_0_0_0_0_0_0_0_0_0_0_0_0_0 = 1.33145e-10
Dr_0_0_l_0_0_0_0_0_0_0_0_0_0_0_0_0_0_0_0_0 = 1.62539e-10
Dr_0_0_l_0_0_0_0_0_0_0_0_0_0_0_0_0_0_0_0_0_0 = 1.1334e-10
Dr_0_0_l_0_0_0_0_0_0_0_0_0_0_0_0_0_0_0_0_0_0_0 = 1.37832e-10
Dr_0_0_l_0_0_0_0_0_0_0_0_0_0_0_0_0_0_0_0_0_0_0_0 = 9.87282e-11
Dr_0_0_l_0_0_0_0_0_0_0_0_0_0_0_0_0_0_0_0_0_0_0_0_0 = 1.17154e-10
Hl_0_0 = 6.86964e-05
Hl_0_0_l_0 = 3.13029e-05
Hl_0_0_l_0_0 = 2.69578e-05
Hl_0_0_l_0_0_0 = 1.91239e-05
Hl_0_0_l_0_0_0_0 = 1.72397e-05
Hl_0_0_l_0_0_0_0_0 = 1.37967e-05
Hl_0_0_l_0_0_0_0_0_0 = 1.27421e-05
Hl_0_0_l_0_0_0_0_0_0_0 = 1.07987e-05
Hl_0_0_l_0_0_0_0_0_0_0_0 = 1.01241e-05
Hl_0_0_l_0_0_0_0_0_0_0_0_0 = 8.87392e-06
Hl_0_0_l_0_0_0_0_0_0_0_0_0_0 = 8.40513e-06
Hl_0_0_l_0_0_0_0_0_0_0_0_0_0_0 = 7.53268e-06
Hl_0_0_l_0_0_0_0_0_0_0_0_0_0_0_0 = 7.18791e-06
Hl_0_0_l_0_0_0_0_0_0_0_0_0_0_0_0_0 = 6.54423e-06
Hl_0_0_l_0_0_0_0_0_0_0_0_0_0_0_0_0_0 = 6.27998e-06
Hl_0_0_l_0_0_0_0_0_0_0_0_0_0_0_0_0_0_0 = 5.78539e-06
Hl_0_0_l_0_0_0_0_0_0_0_0_0_0_0_0_0_0_0_0 = 5.57639e-06
Hl_0_0_l_0_0_0_0_0_0_0_0_0_0_0_0_0_0_0_0_0 = 5.18442e-06
Hl_0_0_l_0_0_0_0_0_0_0_0_0_0_0_0_0_0_0_0_0_0 = 5.01494e-06
Hl_0_0_l_0_0_0_0_0_0_0_0_0_0_0_0_0_0_0_0_0_0_0 = 4.69724e-06
Hl_0_0_l_0_0_0_0_0_0_0_0_0_0_0_0_0_0_0_0_0_0_0_0 = 4.54453e-06
Hr_0_0 = 9.99978e-05
I = 1
pi2_0_0_0_0 = 8.02767e-09
pi2_0_0_0_0_l_0 = 3.33053e-09
pi2_0_0_0_0_l_0_0 = 2.85366e-09
pi2_0_0_0_0_l_0_0_0 = 1.97607e-09
pi2_0_0_0_0_l_0_0_0_0 = 1.77053e-09
pi2_0_0_0_0_l_0_0_0_0_0 = 1.40633e-09
pi2_0_0_0_0_l_0_0_0_0_0_0 = 1.2913e-09
pi2_0_0_0_0_l_0_0_0_0_0_0_0 = 1.09354e-09
pi2_0_0_0_0_l_0_0_0_0_0_0_0_0 = 1.01874e-09
pi2_0_0_0_0_l_0_0_0_0_0_0_0_0_0 = 8.94797e-10
pi2_0_0_0_0_l_0_0_0_0_0_0_0_0_0_0 = 8.42482e-10
pi2_0_0_0_0_l_0_0_0_0_0_0_0_0_0_0_0 = 7.57456e-10
pi2_0_0_0_0_l_0_0_0_0_0_0_0_0_0_0_0_0 = 7.18789e-10
pi2_0_0_0_0_l_0_0_0_0_0_0_0_0_0_0_0_0_0 = 6.56836e-10
pi2_0_0_0_0_l_0_0_0_0_0_0_0_0_0_0_0_0_0_0 = 6.27071e-10
pi2_0_0_0_0_l_0_0_0_0_0_0_0_0_0_0_0_0_0_0_0 = 5.79918e-10
pi2_0_0_0_0_l_0_0_0_0_0_0_0_0_0_0_0_0_0_0_0_0 = 5.56285e-10
pi2_0_0_0_0_l_0_0_0_0_0_0_0_0_0_0_0_0_0_0_0_0_0 = 5.19192e-10
pi2_0_0_0_0_l_0_0_0_0_0_0_0_0_0_0_0_0_0_0_0_0_0_0 = 4.9996e-10
pi2_0_0_0_0_l_0_0_0_0_0_0_0_0_0_0_0_0_0_0_0_0_0_0_0 = 4.70124e-10
pi2_0_0_0_0_l_0_0_0_0_0_0_0_0_0_0_0_0_0_0_0_0_0_0_0_0 = 4.52899e-10
