DD_0_0 = 2.99261e-09
DD_0_0_l_0 = 6.82385e-10
DD_0_0_l_0_0 = 4.92468e-10
Dr_0_0 = 1.1714e-09
Dr_0_0_l_0 = 2.46976e-09
Dr_0_0_l_0_0 = 1.04639e-09
Dr_0_0_l_0_0_0 = 1.09464e-09
Hl_0_0 = 6.78571e-05
Hl_0_0_l_0 = 3.21422e-05
Hl_0_0_l_0_0 = 2.49994e-05
Hr_0_0 = 9.99978e-05
I = 1
pi2_0_0_0_0 = 7.87865e-09
pi2_0_0_0_0_l_0 = 3.46641e-09
pi2_0_0_0_0_l_0_0 = 2.61818e-09
