DD_0_0 = 3.12586e-09
DD_0_0_l_0 = 6.18969e-10
DD_0_0_l_0_0 = 5.93311e-10
DD_0_0_l_0_0_0 = 2.49401e-10
DD_0_0_l_0_0_0_0 = 2.41425e-10
DD_0_0_l_0_0_0_0_0 = 1.31364e-10
Dr_0_0 = 1.21947e-09
Dr_0_0_l_0 = 2.59198e-09
Dr_0_0_l_0_0 = 9.25717e-10
Dr_0_0_l_0_0_0 = 1.27155e-09
Dr_0_0_l_0_0_0_0 = 6.09228e-10
Dr_0_0_l_0_0_0_0_0 = 7.37713e-10
Dr_0_0_l_0_0_0_0_0_0 = 4.34308e-10
Hl_0_0 = 6.86975e-05
Hl_0_0_l_0 = 3.13018e-05
Hl_0_0_l_0_0 = 2.69603e-05
Hl_0_0_l_0_0_0 = 1.91164e-05
Hl_0_0_l_0_0_0_0 = 1.72698e-05
Hl_0_0_l_0_0_0_0_0 = 1.36461e-05
Hr_0_0 = 9.99978e-05
I = 1
pi2_0_0_0_0 = 8.02962e-09
pi2_0_0_0_0_l_0 = 3.32852e-09
pi2_0_0_0_0_l_0_0 = 2.85261e-09
pi2_0_0_0_0_l_0_0_0 = 1.97848e-09
pi2_0_0_0_0_l_0_0_0_0 = 1.76508e-09
pi2_0_0_0_0_l_0_0_0_0_0 = 1.39442e-09
