DD_0_0 = 2.96447e-09
DD_0_0_l_0 = 6.78323e-10
DD_0_0_l_0_0 = 4.88968e-10
Dr_0_0 = 1.15821e-09
Dr_0_0_l_0 = 2.44261e-09
Dr_0_0_l_0_0 = 1.03736e-09
Dr_0_0_l_0_0_0 = 1.08404e-09
Hl_0_0 = 6.78571e-05
Hl_0_0_l_0 = 3.21422e-05
Hl_0_0_l_0_0 = 2.49994e-05
Hr_0_0 = 9.99978e-05
I = 1
pi2_0_0_0_0 = 7.86654e-09
pi2_0_0_0_0_l_0 = 3.46453e-09
pi2_0_0_0_0_l_0_0 = 2.61729e-09
