DD_0_0 = 3.0953e-09
DD_0_0_l_0 = 6.15571e-10
DD_0_0_l_0_0 = 5.88679e-10
DD_0_0_l_0_0_0 = 2.48227e-10
DD_0_0_l_0_0_0_0 = 2.39853e-10
DD_0_0_l_0_0_0_0_0 = 1.30794e-10
Dr_0_0 = 1.20532e-09
Dr_0_0_l_0 = 2.56247e-09
Dr_0_0_l_0_0 = 9.17958e-10
Dr_0_0_l_0_0_0 = 1.25841e-09
Dr_0_0_l_0_0_0_0 = 6.04561e-10
Dr_0_0_l_0_0_0_0_0 = 7.30759e-10
Dr_0_0_l_0_0_0_0_0_0 = 4.31086e-10
Hl_0_0 = 6.86975e-05
Hl_0_0_l_0 = 3.13018e-05
Hl_0_0_l_0_0 = 2.69603e-05
Hl_0_0_l_0_0_0 = 1.91164e-05
Hl_0_0_l_0_0_0_0 = 1.72698e-05
Hl_0_0_l_0_0_0_0_0 = 1.36461e-05
Hr_0_0 = 9.99978e-05
I = 1
pi2_0_0_0_0 = 8.0163e-09
pi2_0_0_0_0_l_0 = 3.32727e-09
pi2_0_0_0_0_l_0_0 = 2.8512e-09
pi2_0_0_0_0_l_0_0_0 = 1.97813e-09
pi2_0_0_0_0_l_0_0_0_0 = 1.7649e-09
pi2_0_0_0_0_l_0_0_0_0_0 = 1.39428e-09
