DD_0_0 = 3.09565e-09
DD_0_0_l_0 = 6.153e-10
DD_0_0_l_0_0 = 5.89138e-10
DD_0_0_l_0_0_0 = 2.47297e-10
DD_0_0_l_0_0_0_0 = 2.4166e-10
DD_0_0_l_0_0_0_0_0 = 1.30877e-10
DD_0_0_l_0_0_0_0_0_0 = 1.29317e-10
DD_0_0_l_0_0_0_0_0_0_0 = 8.01749e-11
DD_0_0_l_0_0_0_0_0_0_0_0 = 7.96956e-11
DD_0_0_l_0_0_0_0_0_0_0_0_0 = 5.37355e-11
DD_0_0_l_0_0_0_0_0_0_0_0_0_0 = 5.36965e-11
DD_0_0_l_0_0_0_0_0_0_0_0_0_0_0 = 3.83546e-11
DD_0_0_l_0_0_0_0_0_0_0_0_0_0_0_0 = 3.84542e-11
DD_0_0_l_0_0_0_0_0_0_0_0_0_0_0_0_0 = 2.86598e-11
DD_0_0_l_0_0_0_0_0_0_0_0_0_0_0_0_0_0 = 2.87996e-11
DD_0_0_l_0_0_0_0_0_0_0_0_0_0_0_0_0_0_0 = 2.21762e-11
DD_0_0_l_0_0_0_0_0_0_0_0_0_0_0_0_0_0_0_0 = 2.23206e-11
DD_0_0_l_0_0_0_0_0_0_0_0_0_0_0_0_0_0_0_0_0 = 1.76381e-11
DD_0_0_l_0_0_0_0_0_0_0_0_0_0_0_0_0_0_0_0_0_0 = 1.77727e-11
DD_0_0_l_0_0_0_0_0_0_0_0_0_0_0_0_0_0_0_0_0_0_0 = 1.43534e-11
DD_0_0_l_0_0_0_0_0_0_0_0_0_0_0_0_0_0_0_0_0_0_0_0 = 1.43482e-11
Dr_0_0 = 1.20543e-09
Dr_0_0_l_0 = 2.56282e-09
Dr_0_0_l_0_0 = 9.17421e-10
Dr_0_0_l_0_0_0 = 1.2603e-09
Dr_0_0_l_0_0_0_0 = 5.96959e-10
Dr_0_0_l_0_0_0_0_0 = 7.70358e-10
Dr_0_0_l_0_0_0_0_0_0 = 4.18375e-10
Dr_0_0_l_0_0_0_0_0_0_0 = 5.26832e-10
Dr_0_0_l_0_0_0_0_0_0_0_0 = 3.1096e-10
Dr_0_0_l_0_0_0_0_0_0_0_0_0 = 3.86149e-10
Dr_0_0_l_0_0_0_0_0_0_0_0_0_0 = 2.41136e-10
Dr_0_0_l_0_0_0_0_0_0_0_0_0_0_0 = 2.96823e-10
Dr_0_0_l_0_0_0_0_0_0_0_0_0_0_0_0 = 1.93102e-10
Dr_0_0_l_0_0_0_0_0_0_0_0_0_0_0_0_0 = 2.36194e-10
Dr_0_0_l_0_0_0_0_0_0_0_0_0_0_0_0_0_0 = 1.58547e-10
Dr_0_0_l_0_0_0_0_0_0_0_0_0_0_0_0_0_0_0 = 1.92979e-10
Dr_0_0_l_0_0_0_0_0_0_0_0_0_0_0_0_0_0_0_0 = 1.32794e-10
Dr_0_0_l_0_0_0_0_0_0_0_0_0_0_0_0_0_0_0_0_0 = 1.60991e-10
Dr_0_0_l_0_0_0_0_0_0_0_0_0_0_0_0_0_0_0_0_0_0 = 1.13049e-10
Dr_0_0_l_0_0_0_0_0_0_0_0_0_0_0_0_0_0_0_0_0_0_0 = 1.36546e-10
Dr_0_0_l_0_0_0_0_0_0_0_0_0_0_0_0_0_0_0_0_0_0_0_0 = 9.84435e-11
Dr_0_0_l_0_0_0_0_0_0_0_0_0_0_0_0_0_0_0_0_0_0_0_0_0 = 1.16105e-10
Hl_0_0 = 6.86964e-05
Hl_0_0_l_0 = 3.13029e-05
Hl_0_0_l_0_0 = 2.69578e-05
Hl_0_0_l_0_0_0 = 1.91239e-05
Hl_0_0_l_0_0_0_0 = 1.72397e-05
Hl_0_0_l_0_0_0_0_0 = 1.37967e-05
Hl_0_0_l_0_0_0_0_0_0 = 1.27421e-05
Hl_0_0_l_0_0_0_0_0_0_0 = 1.07987e-05
Hl_0_0_l_0_0_0_0_0_0_0_0 = 1.01241e-05
Hl_0_0_l_0_0_0_0_0_0_0_0_0 = 8.87392e-06
Hl_0_0_l_0_0_0_0_0_0_0_0_0_0 = 8.40513e-06
Hl_0_0_l_0_0_0_0_0_0_0_0_0_0_0 = 7.53268e-06
Hl_0_0_l_0_0_0_0_0_0_0_0_0_0_0_0 = 7.18791e-06
Hl_0_0_l_0_0_0_0_0_0_0_0_0_0_0_0_0 = 6.54423e-06
Hl_0_0_l_0_0_0_0_0_0_0_0_0_0_0_0_0_0 = 6.27998e-06
Hl_0_0_l_0_0_0_0_0_0_0_0_0_0_0_0_0_0_0 = 5.78539e-06
Hl_0_0_l_0_0_0_0_0_0_0_0_0_0_0_0_0_0_0_0 = 5.57639e-06
Hl_0_0_l_0_0_0_0_0_0_0_0_0_0_0_0_0_0_0_0_0 = 5.18442e-06
Hl_0_0_l_0_0_0_0_0_0_0_0_0_0_0_0_0_0_0_0_0_0 = 5.01494e-06
Hl_0_0_l_0_0_0_0_0_0_0_0_0_0_0_0_0_0_0_0_0_0_0 = 4.69724e-06
Hl_0_0_l_0_0_0_0_0_0_0_0_0_0_0_0_0_0_0_0_0_0_0_0 = 4.54453e-06
Hr_0_0 = 9.99978e-05
I = 1
pi2_0_0_0_0 = 8.01646e-09
pi2_0_0_0_0_l_0 = 3.32702e-09
pi2_0_0_0_0_l_0_0 = 2.85187e-09
pi2_0_0_0_0_l_0_0_0 = 1.97638e-09
pi2_0_0_0_0_l_0_0_0_0 = 1.76945e-09
pi2_0_0_0_0_l_0_0_0_0_0 = 1.40707e-09
pi2_0_0_0_0_l_0_0_0_0_0_0 = 1.29076e-09
pi2_0_0_0_0_l_0_0_0_0_0_0_0 = 1.09362e-09
pi2_0_0_0_0_l_0_0_0_0_0_0_0_0 = 1.01861e-09
pi2_0_0_0_0_l_0_0_0_0_0_0_0_0_0 = 8.94824e-10
pi2_0_0_0_0_l_0_0_0_0_0_0_0_0_0_0 = 8.42433e-10
pi2_0_0_0_0_l_0_0_0_0_0_0_0_0_0_0_0 = 7.5748e-10
pi2_0_0_0_0_l_0_0_0_0_0_0_0_0_0_0_0_0 = 7.18773e-10
pi2_0_0_0_0_l_0_0_0_0_0_0_0_0_0_0_0_0_0 = 6.56857e-10
pi2_0_0_0_0_l_0_0_0_0_0_0_0_0_0_0_0_0_0_0 = 6.27071e-10
pi2_0_0_0_0_l_0_0_0_0_0_0_0_0_0_0_0_0_0_0_0 = 5.79936e-10
pi2_0_0_0_0_l_0_0_0_0_0_0_0_0_0_0_0_0_0_0_0_0 = 5.56293e-10
pi2_0_0_0_0_l_0_0_0_0_0_0_0_0_0_0_0_0_0_0_0_0_0 = 5.19207e-10
pi2_0_0_0_0_l_0_0_0_0_0_0_0_0_0_0_0_0_0_0_0_0_0_0 = 4.99972e-10
pi2_0_0_0_0_l_0_0_0_0_0_0_0_0_0_0_0_0_0_0_0_0_0_0_0 = 4.70135e-10
pi2_0_0_0_0_l_0_0_0_0_0_0_0_0_0_0_0_0_0_0_0_0_0_0_0_0 = 4.52915e-10
