DD_0_0 = 3.09568e-09
DD_0_0_l_0 = 6.15306e-10
DD_0_0_l_0_0 = 5.89123e-10
DD_0_0_l_0_0_0 = 2.47355e-10
DD_0_0_l_0_0_0_0 = 2.4164e-10
DD_0_0_l_0_0_0_0_0 = 1.30876e-10
DD_0_0_l_0_0_0_0_0_0 = 1.29326e-10
DD_0_0_l_0_0_0_0_0_0_0 = 8.01115e-11
DD_0_0_l_0_0_0_0_0_0_0_0 = 7.96961e-11
DD_0_0_l_0_0_0_0_0_0_0_0_0 = 5.39033e-11
DD_0_0_l_0_0_0_0_0_0_0_0_0_0 = 5.2406e-11
Dr_0_0 = 1.20545e-09
Dr_0_0_l_0 = 2.56285e-09
Dr_0_0_l_0_0 = 9.17396e-10
Dr_0_0_l_0_0_0 = 1.26031e-09
Dr_0_0_l_0_0_0_0 = 5.96995e-10
Dr_0_0_l_0_0_0_0_0 = 7.70336e-10
Dr_0_0_l_0_0_0_0_0_0 = 4.18473e-10
Dr_0_0_l_0_0_0_0_0_0_0 = 5.268e-10
Dr_0_0_l_0_0_0_0_0_0_0_0 = 3.10972e-10
Dr_0_0_l_0_0_0_0_0_0_0_0_0 = 3.85714e-10
Dr_0_0_l_0_0_0_0_0_0_0_0_0_0 = 2.45724e-10
Dr_0_0_l_0_0_0_0_0_0_0_0_0_0_0 = 2.88716e-10
Hl_0_0 = 6.86964e-05
Hl_0_0_l_0 = 3.13029e-05
Hl_0_0_l_0_0 = 2.69578e-05
Hl_0_0_l_0_0_0 = 1.91239e-05
Hl_0_0_l_0_0_0_0 = 1.72397e-05
Hl_0_0_l_0_0_0_0_0 = 1.37967e-05
Hl_0_0_l_0_0_0_0_0_0 = 1.2742e-05
Hl_0_0_l_0_0_0_0_0_0_0 = 1.07988e-05
Hl_0_0_l_0_0_0_0_0_0_0_0 = 1.01233e-05
Hl_0_0_l_0_0_0_0_0_0_0_0_0 = 8.88118e-06
Hl_0_0_l_0_0_0_0_0_0_0_0_0_0 = 8.33247e-06
Hr_0_0 = 9.99978e-05
I = 1
pi2_0_0_0_0 = 8.01652e-09
pi2_0_0_0_0_l_0 = 3.32694e-09
pi2_0_0_0_0_l_0_0 = 2.85188e-09
pi2_0_0_0_0_l_0_0_0 = 1.97639e-09
pi2_0_0_0_0_l_0_0_0_0 = 1.76942e-09
pi2_0_0_0_0_l_0_0_0_0_0 = 1.40724e-09
pi2_0_0_0_0_l_0_0_0_0_0_0 = 1.2907e-09
pi2_0_0_0_0_l_0_0_0_0_0_0_0 = 1.09362e-09
pi2_0_0_0_0_l_0_0_0_0_0_0_0_0 = 1.01847e-09
pi2_0_0_0_0_l_0_0_0_0_0_0_0_0_0 = 8.95986e-10
pi2_0_0_0_0_l_0_0_0_0_0_0_0_0_0_0 = 8.34872e-10
