DD_0_0 = 2.8211e-09
DD_0_0_l_0 = 5.84021e-10
DD_0_0_l_0_0 = 5.47225e-10
DD_0_0_l_0_0_0 = 2.36652e-10
DD_0_0_l_0_0_0_0 = 2.27083e-10
DD_0_0_l_0_0_0_0_0 = 1.25919e-10
DD_0_0_l_0_0_0_0_0_0 = 1.22518e-10
DD_0_0_l_0_0_0_0_0_0_0 = 7.74045e-11
DD_0_0_l_0_0_0_0_0_0_0_0 = 7.59555e-11
DD_0_0_l_0_0_0_0_0_0_0_0_0 = 5.22421e-11
DD_0_0_l_0_0_0_0_0_0_0_0_0_0 = 5.02252e-11
Dr_0_0 = 1.07864e-09
Dr_0_0_l_0 = 2.29831e-09
Dr_0_0_l_0_0 = 8.46881e-10
Dr_0_0_l_0_0_0 = 1.14187e-09
Dr_0_0_l_0_0_0_0 = 5.55414e-10
Dr_0_0_l_0_0_0_0_0 = 7.02666e-10
Dr_0_0_l_0_0_0_0_0_0 = 3.91188e-10
Dr_0_0_l_0_0_0_0_0_0_0 = 4.82881e-10
Dr_0_0_l_0_0_0_0_0_0_0_0 = 2.91698e-10
Dr_0_0_l_0_0_0_0_0_0_0_0_0 = 3.54928e-10
Dr_0_0_l_0_0_0_0_0_0_0_0_0_0 = 2.30702e-10
Dr_0_0_l_0_0_0_0_0_0_0_0_0_0_0 = 2.6675e-10
Hl_0_0 = 6.86964e-05
Hl_0_0_l_0 = 3.13029e-05
Hl_0_0_l_0_0 = 2.69578e-05
Hl_0_0_l_0_0_0 = 1.91239e-05
Hl_0_0_l_0_0_0_0 = 1.72397e-05
Hl_0_0_l_0_0_0_0_0 = 1.37967e-05
Hl_0_0_l_0_0_0_0_0_0 = 1.2742e-05
Hl_0_0_l_0_0_0_0_0_0_0 = 1.07988e-05
Hl_0_0_l_0_0_0_0_0_0_0_0 = 1.01233e-05
Hl_0_0_l_0_0_0_0_0_0_0_0_0 = 8.88118e-06
Hl_0_0_l_0_0_0_0_0_0_0_0_0_0 = 8.33247e-06
Hr_0_0 = 9.99979e-05
I = 1
pi2_0_0_0_0 = 7.89706e-09
pi2_0_0_0_0_l_0 = 3.31537e-09
pi2_0_0_0_0_l_0_0 = 2.83901e-09
pi2_0_0_0_0_l_0_0_0 = 1.97341e-09
pi2_0_0_0_0_l_0_0_0_0 = 1.76674e-09
pi2_0_0_0_0_l_0_0_0_0_0 = 1.40631e-09
pi2_0_0_0_0_l_0_0_0_0_0_0 = 1.29027e-09
pi2_0_0_0_0_l_0_0_0_0_0_0_0 = 1.09335e-09
pi2_0_0_0_0_l_0_0_0_0_0_0_0_0 = 1.01868e-09
pi2_0_0_0_0_l_0_0_0_0_0_0_0_0_0 = 8.95899e-10
pi2_0_0_0_0_l_0_0_0_0_0_0_0_0_0_0 = 8.35303e-10
