DD_0_0 = 2.82085e-09
DD_0_0_l_0 = 5.84218e-10
DD_0_0_l_0_0 = 5.46869e-10
DD_0_0_l_0_0_0 = 2.37376e-10
DD_0_0_l_0_0_0_0 = 2.25604e-10
DD_0_0_l_0_0_0_0_0 = 1.25531e-10
Dr_0_0 = 1.07857e-09
Dr_0_0_l_0 = 2.29804e-09
Dr_0_0_l_0_0 = 8.47342e-10
Dr_0_0_l_0_0_0 = 1.14028e-09
Dr_0_0_l_0_0_0_0 = 5.61961e-10
Dr_0_0_l_0_0_0_0_0 = 6.68087e-10
Dr_0_0_l_0_0_0_0_0_0 = 4.01683e-10
Hl_0_0 = 6.86975e-05
Hl_0_0_l_0 = 3.13019e-05
Hl_0_0_l_0_0 = 2.69603e-05
Hl_0_0_l_0_0_0 = 1.91165e-05
Hl_0_0_l_0_0_0_0 = 1.72698e-05
Hl_0_0_l_0_0_0_0_0 = 1.36461e-05
Hr_0_0 = 9.99979e-05
I = 1
pi2_0_0_0_0 = 7.89692e-09
pi2_0_0_0_0_l_0 = 3.31563e-09
pi2_0_0_0_0_l_0_0 = 2.83846e-09
pi2_0_0_0_0_l_0_0_0 = 1.97482e-09
pi2_0_0_0_0_l_0_0_0_0 = 1.76317e-09
pi2_0_0_0_0_l_0_0_0_0_0 = 1.39295e-09
