DD_0_0 = 2.71068e-09
DD_0_0_l_0 = 6.40972e-10
DD_0_0_l_0_0 = 4.57185e-10
Dr_0_0 = 1.03965e-09
Dr_0_0_l_0 = 2.19835e-09
Dr_0_0_l_0_0 = 9.55212e-10
Dr_0_0_l_0_0_0 = 9.88247e-10
Hl_0_0 = 6.78571e-05
Hl_0_0_l_0 = 3.21422e-05
Hl_0_0_l_0_0 = 2.49994e-05
Hr_0_0 = 9.9998e-05
I = 1
pi2_0_0_0_0 = 7.75759e-09
pi2_0_0_0_0_l_0 = 3.44727e-09
pi2_0_0_0_0_l_0_0 = 2.60912e-09
