D^2   = 2.8169082581179956e-07
Dz    = 2.295114434709359e-07
pi(A) = 0.0013734349562049854
pi(B) = 0.0020000000000000126
pi2   = 7.89041075700956e-07
