DD_0_0 = 2.82112e-09
DD_0_0_l_0 = 5.84087e-10
DD_0_0_l_0_0 = 5.47167e-10
DD_0_0_l_0_0_0 = 2.36759e-10
DD_0_0_l_0_0_0_0 = 2.27088e-10
DD_0_0_l_0_0_0_0_0 = 1.25666e-10
DD_0_0_l_0_0_0_0_0_0 = 1.22639e-10
DD_0_0_l_0_0_0_0_0_0_0 = 7.7174e-11
DD_0_0_l_0_0_0_0_0_0_0_0 = 7.60682e-11
DD_0_0_l_0_0_0_0_0_0_0_0_0 = 5.20216e-11
DD_0_0_l_0_0_0_0_0_0_0_0_0_0 = 5.14402e-11
DD_0_0_l_0_0_0_0_0_0_0_0_0_0_0 = 3.72495e-11
DD_0_0_l_0_0_0_0_0_0_0_0_0_0_0_0 = 3.69726e-11
DD_0_0_l_0_0_0_0_0_0_0_0_0_0_0_0_0 = 2.79007e-11
DD_0_0_l_0_0_0_0_0_0_0_0_0_0_0_0_0_0 = 2.77744e-11
DD_0_0_l_0_0_0_0_0_0_0_0_0_0_0_0_0_0_0 = 2.16319e-11
DD_0_0_l_0_0_0_0_0_0_0_0_0_0_0_0_0_0_0_0 = 2.15815e-11
DD_0_0_l_0_0_0_0_0_0_0_0_0_0_0_0_0_0_0_0_0 = 1.72343e-11
DD_0_0_l_0_0_0_0_0_0_0_0_0_0_0_0_0_0_0_0_0_0 = 1.72223e-11
DD_0_0_l_0_0_0_0_0_0_0_0_0_0_0_0_0_0_0_0_0_0_0 = 1.40446e-11
DD_0_0_l_0_0_0_0_0_0_0_0_0_0_0_0_0_0_0_0_0_0_0_0 = 1.39354e-11
Dr_0_0 = 1.07865e-09
Dr_0_0_l_0 = 2.29837e-09
Dr_0_0_l_0_0 = 8.46809e-10
Dr_0_0_l_0_0_0 = 1.14183e-09
Dr_0_0_l_0_0_0_0 = 5.55716e-10
Dr_0_0_l_0_0_0_0_0 = 7.02582e-10
Dr_0_0_l_0_0_0_0_0_0 = 3.91157e-10
Dr_0_0_l_0_0_0_0_0_0_0 = 4.82943e-10
Dr_0_0_l_0_0_0_0_0_0_0_0 = 2.91347e-10
Dr_0_0_l_0_0_0_0_0_0_0_0_0 = 3.55455e-10
Dr_0_0_l_0_0_0_0_0_0_0_0_0_0 = 2.26567e-10
Dr_0_0_l_0_0_0_0_0_0_0_0_0_0_0 = 2.74042e-10
Dr_0_0_l_0_0_0_0_0_0_0_0_0_0_0_0 = 1.81843e-10
Dr_0_0_l_0_0_0_0_0_0_0_0_0_0_0_0_0 = 2.18615e-10
Dr_0_0_l_0_0_0_0_0_0_0_0_0_0_0_0_0_0 = 1.49583e-10
Dr_0_0_l_0_0_0_0_0_0_0_0_0_0_0_0_0_0_0 = 1.78998e-10
Dr_0_0_l_0_0_0_0_0_0_0_0_0_0_0_0_0_0_0_0 = 1.25487e-10
Dr_0_0_l_0_0_0_0_0_0_0_0_0_0_0_0_0_0_0_0_0 = 1.49602e-10
Dr_0_0_l_0_0_0_0_0_0_0_0_0_0_0_0_0_0_0_0_0_0 = 1.06977e-10
Dr_0_0_l_0_0_0_0_0_0_0_0_0_0_0_0_0_0_0_0_0_0_0 = 1.27094e-10
Dr_0_0_l_0_0_0_0_0_0_0_0_0_0_0_0_0_0_0_0_0_0_0_0 = 9.31907e-11
Dr_0_0_l_0_0_0_0_0_0_0_0_0_0_0_0_0_0_0_0_0_0_0_0_0 = 1.0828e-10
Hl_0_0 = 6.86964e-05
Hl_0_0_l_0 = 3.13029e-05
Hl_0_0_l_0_0 = 2.69578e-05
Hl_0_0_l_0_0_0 = 1.91239e-05
Hl_0_0_l_0_0_0_0 = 1.72397e-05
Hl_0_0_l_0_0_0_0_0 = 1.37967e-05
Hl_0_0_l_0_0_0_0_0_0 = 1.27421e-05
Hl_0_0_l_0_0_0_0_0_0_0 = 1.07987e-05
Hl_0_0_l_0_0_0_0_0_0_0_0 = 1.01241e-05
Hl_0_0_l_0_0_0_0_0_0_0_0_0 = 8.87392e-06
Hl_0_0_l_0_0_0_0_0_0_0_0_0_0 = 8.40513e-06
Hl_0_0_l_0_0_0_0_0_0_0_0_0_0_0 = 7.53268e-06
Hl_0_0_l_0_0_0_0_0_0_0_0_0_0_0_0 = 7.18791e-06
Hl_0_0_l_0_0_0_0_0_0_0_0_0_0_0_0_0 = 6.54423e-06
Hl_0_0_l_0_0_0_0_0_0_0_0_0_0_0_0_0_0 = 6.27998e-06
Hl_0_0_l_0_0_0_0_0_0_0_0_0_0_0_0_0_0_0 = 5.78539e-06
Hl_0_0_l_0_0_0_0_0_0_0_0_0_0_0_0_0_0_0_0 = 5.57639e-06
Hl_0_0_l_0_0_0_0_0_0_0_0_0_0_0_0_0_0_0_0_0 = 5.18442e-06
Hl_0_0_l_0_0_0_0_0_0_0_0_0_0_0_0_0_0_0_0_0_0 = 5.01494e-06
Hl_0_0_l_0_0_0_0_0_0_0_0_0_0_0_0_0_0_0_0_0_0_0 = 4.69724e-06
Hl_0_0_l_0_0_0_0_0_0_0_0_0_0_0_0_0_0_0_0_0_0_0_0 = 4.54453e-06
Hr_0_0 = 9.99979e-05
I = 1
pi2_0_0_0_0 = 7.89722e-09
pi2_0_0_0_0_l_0 = 3.31511e-09
pi2_0_0_0_0_l_0_0 = 2.8389e-09
pi2_0_0_0_0_l_0_0_0 = 1.97398e-09
pi2_0_0_0_0_l_0_0_0_0 = 1.76653e-09
pi2_0_0_0_0_l_0_0_0_0_0 = 1.40651e-09
pi2_0_0_0_0_l_0_0_0_0_0_0 = 1.29024e-09
pi2_0_0_0_0_l_0_0_0_0_0_0_0 = 1.09308e-09
pi2_0_0_0_0_l_0_0_0_0_0_0_0_0 = 1.01893e-09
pi2_0_0_0_0_l_0_0_0_0_0_0_0_0_0 = 8.94717e-10
pi2_0_0_0_0_l_0_0_0_0_0_0_0_0_0_0 = 8.42862e-10
pi2_0_0_0_0_l_0_0_0_0_0_0_0_0_0_0_0 = 7.57511e-10
pi2_0_0_0_0_l_0_0_0_0_0_0_0_0_0_0_0_0 = 7.19229e-10
pi2_0_0_0_0_l_0_0_0_0_0_0_0_0_0_0_0_0_0 = 6.56942e-10
pi2_0_0_0_0_l_0_0_0_0_0_0_0_0_0_0_0_0_0_0 = 6.27508e-10
pi2_0_0_0_0_l_0_0_0_0_0_0_0_0_0_0_0_0_0_0_0 = 5.80042e-10
pi2_0_0_0_0_l_0_0_0_0_0_0_0_0_0_0_0_0_0_0_0_0 = 5.56696e-10
pi2_0_0_0_0_l_0_0_0_0_0_0_0_0_0_0_0_0_0_0_0_0_0 = 5.1932e-10
pi2_0_0_0_0_l_0_0_0_0_0_0_0_0_0_0_0_0_0_0_0_0_0_0 = 5.00337e-10
pi2_0_0_0_0_l_0_0_0_0_0_0_0_0_0_0_0_0_0_0_0_0_0_0_0 = 4.70241e-10
pi2_0_0_0_0_l_0_0_0_0_0_0_0_0_0_0_0_0_0_0_0_0_0_0_0_0 = 4.53239e-10
