DD_0_0 = 1.48374e-09
DD_0_0_l_0 = 4.32349e-10
DD_0_0_l_0_0 = 2.94146e-10
Dr_0_0 = 4.81719e-10
Dr_0_0_l_0 = 1.04055e-09
Dr_0_0_l_0_0 = 5.31424e-10
Dr_0_0_l_0_0_0 = 5.18498e-10
Hl_0_0 = 6.78571e-05
Hl_0_0_l_0 = 3.21422e-05
Hl_0_0_l_0_0 = 2.49994e-05
Hr_0_0 = 9.99985e-05
I = 1
pi2_0_0_0_0 = 7.2426e-09
pi2_0_0_0_0_l_0 = 3.35302e-09
pi2_0_0_0_0_l_0_0 = 2.56569e-09
