DD_0_0 = 1.52121e-09
DD_0_0_l_0 = 4.04248e-10
DD_0_0_l_0_0 = 3.39902e-10
DD_0_0_l_0_0_0 = 1.73743e-10
DD_0_0_l_0_0_0_0 = 1.52956e-10
DD_0_0_l_0_0_0_0_0 = 9.6299e-11
DD_0_0_l_0_0_0_0_0_0 = 8.71286e-11
DD_0_0_l_0_0_0_0_0_0_0 = 6.10182e-11
DD_0_0_l_0_0_0_0_0_0_0_0 = 5.62037e-11
DD_0_0_l_0_0_0_0_0_0_0_0_0 = 4.21162e-11
DD_0_0_l_0_0_0_0_0_0_0_0_0_0 = 3.84948e-11
Dr_0_0 = 4.93093e-10
Dr_0_0_l_0 = 1.06998e-09
Dr_0_0_l_0_0 = 4.79928e-10
Dr_0_0_l_0_0_0 = 5.78723e-10
Dr_0_0_l_0_0_0_0 = 3.33064e-10
Dr_0_0_l_0_0_0_0_0 = 3.75867e-10
Dr_0_0_l_0_0_0_0_0_0 = 2.43073e-10
Dr_0_0_l_0_0_0_0_0_0_0 = 2.68423e-10
Dr_0_0_l_0_0_0_0_0_0_0_0 = 1.86007e-10
Dr_0_0_l_0_0_0_0_0_0_0_0_0 = 2.03271e-10
Dr_0_0_l_0_0_0_0_0_0_0_0_0_0 = 1.48739e-10
Dr_0_0_l_0_0_0_0_0_0_0_0_0_0_0 = 1.57359e-10
Hl_0_0 = 6.86964e-05
Hl_0_0_l_0 = 3.13029e-05
Hl_0_0_l_0_0 = 2.69578e-05
Hl_0_0_l_0_0_0 = 1.91239e-05
Hl_0_0_l_0_0_0_0 = 1.72397e-05
Hl_0_0_l_0_0_0_0_0 = 1.37967e-05
Hl_0_0_l_0_0_0_0_0_0 = 1.2742e-05
Hl_0_0_l_0_0_0_0_0_0_0 = 1.07988e-05
Hl_0_0_l_0_0_0_0_0_0_0_0 = 1.01233e-05
Hl_0_0_l_0_0_0_0_0_0_0_0_0 = 8.88118e-06
Hl_0_0_l_0_0_0_0_0_0_0_0_0_0 = 8.33247e-06
Hr_0_0 = 9.99985e-05
I = 1
pi2_0_0_0_0 = 7.3443e-09
pi2_0_0_0_0_l_0 = 3.24727e-09
pi2_0_0_0_0_l_0_0 = 2.7755e-09
pi2_0_0_0_0_l_0_0_0 = 1.95438e-09
pi2_0_0_0_0_l_0_0_0_0 = 1.7521e-09
pi2_0_0_0_0_l_0_0_0_0_0 = 1.39951e-09
pi2_0_0_0_0_l_0_0_0_0_0_0 = 1.28695e-09
pi2_0_0_0_0_l_0_0_0_0_0_0_0 = 1.09073e-09
pi2_0_0_0_0_l_0_0_0_0_0_0_0_0 = 1.01886e-09
pi2_0_0_0_0_l_0_0_0_0_0_0_0_0_0 = 8.94726e-10
pi2_0_0_0_0_l_0_0_0_0_0_0_0_0_0_0 = 8.36727e-10
