DD_0_0 = 1.5212e-09
DD_0_0_l_0 = 4.04279e-10
DD_0_0_l_0_0 = 3.39835e-10
DD_0_0_l_0_0_0 = 1.73902e-10
DD_0_0_l_0_0_0_0 = 1.52694e-10
DD_0_0_l_0_0_0_0_0 = 9.49603e-11
Dr_0_0 = 4.93096e-10
Dr_0_0_l_0 = 1.06995e-09
Dr_0_0_l_0_0 = 4.8004e-10
Dr_0_0_l_0_0_0 = 5.78259e-10
Dr_0_0_l_0_0_0_0 = 3.3532e-10
Dr_0_0_l_0_0_0_0_0 = 3.62915e-10
Dr_0_0_l_0_0_0_0_0_0 = 2.45356e-10
Hl_0_0 = 6.86975e-05
Hl_0_0_l_0 = 3.13018e-05
Hl_0_0_l_0_0 = 2.69603e-05
Hl_0_0_l_0_0_0 = 1.91164e-05
Hl_0_0_l_0_0_0_0 = 1.72698e-05
Hl_0_0_l_0_0_0_0_0 = 1.36461e-05
Hr_0_0 = 9.99985e-05
I = 1
pi2_0_0_0_0 = 7.34436e-09
pi2_0_0_0_0_l_0 = 3.24727e-09
pi2_0_0_0_0_l_0_0 = 2.77549e-09
pi2_0_0_0_0_l_0_0_0 = 1.95439e-09
pi2_0_0_0_0_l_0_0_0_0 = 1.75269e-09
pi2_0_0_0_0_l_0_0_0_0_0 = 1.38468e-09
