DD_0_0 = 1.52121e-09
DD_0_0_l_0 = 4.04237e-10
DD_0_0_l_0_0 = 3.39902e-10
DD_0_0_l_0_0_0 = 1.73773e-10
DD_0_0_l_0_0_0_0 = 1.52942e-10
DD_0_0_l_0_0_0_0_0 = 9.63191e-11
DD_0_0_l_0_0_0_0_0_0 = 8.71262e-11
DD_0_0_l_0_0_0_0_0_0_0 = 6.09793e-11
DD_0_0_l_0_0_0_0_0_0_0_0 = 5.62304e-11
DD_0_0_l_0_0_0_0_0_0_0_0_0 = 4.20202e-11
DD_0_0_l_0_0_0_0_0_0_0_0_0_0 = 3.92247e-11
DD_0_0_l_0_0_0_0_0_0_0_0_0_0_0 = 3.06565e-11
DD_0_0_l_0_0_0_0_0_0_0_0_0_0_0_0 = 2.88879e-11
DD_0_0_l_0_0_0_0_0_0_0_0_0_0_0_0_0 = 2.33228e-11
DD_0_0_l_0_0_0_0_0_0_0_0_0_0_0_0_0_0 = 2.21386e-11
DD_0_0_l_0_0_0_0_0_0_0_0_0_0_0_0_0_0_0 = 1.83206e-11
DD_0_0_l_0_0_0_0_0_0_0_0_0_0_0_0_0_0_0_0 = 1.74927e-11
DD_0_0_l_0_0_0_0_0_0_0_0_0_0_0_0_0_0_0_0_0 = 1.47604e-11
DD_0_0_l_0_0_0_0_0_0_0_0_0_0_0_0_0_0_0_0_0_0 = 1.41599e-11
DD_0_0_l_0_0_0_0_0_0_0_0_0_0_0_0_0_0_0_0_0_0_0 = 1.21427e-11
DD_0_0_l_0_0_0_0_0_0_0_0_0_0_0_0_0_0_0_0_0_0_0_0 = 1.16201e-11
Dr_0_0 = 4.93095e-10
Dr_0_0_l_0 = 1.06997e-09
Dr_0_0_l_0_0 = 4.79934e-10
Dr_0_0_l_0_0_0 = 5.78728e-10
Dr_0_0_l_0_0_0_0 = 3.3303e-10
Dr_0_0_l_0_0_0_0_0 = 3.75867e-10
Dr_0_0_l_0_0_0_0_0_0 = 2.43151e-10
Dr_0_0_l_0_0_0_0_0_0_0 = 2.68399e-10
Dr_0_0_l_0_0_0_0_0_0_0_0 = 1.85976e-10
Dr_0_0_l_0_0_0_0_0_0_0_0_0 = 2.03395e-10
Dr_0_0_l_0_0_0_0_0_0_0_0_0_0 = 1.47568e-10
Dr_0_0_l_0_0_0_0_0_0_0_0_0_0_0 = 1.60527e-10
Dr_0_0_l_0_0_0_0_0_0_0_0_0_0_0_0 = 1.20406e-10
Dr_0_0_l_0_0_0_0_0_0_0_0_0_0_0_0_0 = 1.30549e-10
Dr_0_0_l_0_0_0_0_0_0_0_0_0_0_0_0_0_0 = 1.00422e-10
Dr_0_0_l_0_0_0_0_0_0_0_0_0_0_0_0_0_0_0 = 1.08642e-10
Dr_0_0_l_0_0_0_0_0_0_0_0_0_0_0_0_0_0_0_0 = 8.52476e-11
Dr_0_0_l_0_0_0_0_0_0_0_0_0_0_0_0_0_0_0_0_0 = 9.20766e-11
Dr_0_0_l_0_0_0_0_0_0_0_0_0_0_0_0_0_0_0_0_0_0 = 7.34232e-11
Dr_0_0_l_0_0_0_0_0_0_0_0_0_0_0_0_0_0_0_0_0_0_0 = 7.91951e-11
Dr_0_0_l_0_0_0_0_0_0_0_0_0_0_0_0_0_0_0_0_0_0_0_0 = 6.42364e-11
Dr_0_0_l_0_0_0_0_0_0_0_0_0_0_0_0_0_0_0_0_0_0_0_0_0 = 6.84302e-11
Hl_0_0 = 6.86964e-05
Hl_0_0_l_0 = 3.13029e-05
Hl_0_0_l_0_0 = 2.69578e-05
Hl_0_0_l_0_0_0 = 1.91239e-05
Hl_0_0_l_0_0_0_0 = 1.72397e-05
Hl_0_0_l_0_0_0_0_0 = 1.37967e-05
Hl_0_0_l_0_0_0_0_0_0 = 1.27421e-05
Hl_0_0_l_0_0_0_0_0_0_0 = 1.07987e-05
Hl_0_0_l_0_0_0_0_0_0_0_0 = 1.01241e-05
Hl_0_0_l_0_0_0_0_0_0_0_0_0 = 8.87391e-06
Hl_0_0_l_0_0_0_0_0_0_0_0_0_0 = 8.40513e-06
Hl_0_0_l_0_0_0_0_0_0_0_0_0_0_0 = 7.53268e-06
Hl_0_0_l_0_0_0_0_0_0_0_0_0_0_0_0 = 7.18791e-06
Hl_0_0_l_0_0_0_0_0_0_0_0_0_0_0_0_0 = 6.54423e-06
Hl_0_0_l_0_0_0_0_0_0_0_0_0_0_0_0_0_0 = 6.27998e-06
Hl_0_0_l_0_0_0_0_0_0_0_0_0_0_0_0_0_0_0 = 5.78539e-06
Hl_0_0_l_0_0_0_0_0_0_0_0_0_0_0_0_0_0_0_0 = 5.57639e-06
Hl_0_0_l_0_0_0_0_0_0_0_0_0_0_0_0_0_0_0_0_0 = 5.18442e-06
Hl_0_0_l_0_0_0_0_0_0_0_0_0_0_0_0_0_0_0_0_0_0 = 5.01494e-06
Hl_0_0_l_0_0_0_0_0_0_0_0_0_0_0_0_0_0_0_0_0_0_0 = 4.69724e-06
Hl_0_0_l_0_0_0_0_0_0_0_0_0_0_0_0_0_0_0_0_0_0_0_0 = 4.54453e-06
Hr_0_0 = 9.99985e-05
I = 1
pi2_0_0_0_0 = 7.34429e-09
pi2_0_0_0_0_l_0 = 3.2473e-09
pi2_0_0_0_0_l_0_0 = 2.77553e-09
pi2_0_0_0_0_l_0_0_0 = 1.95424e-09
pi2_0_0_0_0_l_0_0_0_0 = 1.75212e-09
pi2_0_0_0_0_l_0_0_0_0_0 = 1.39966e-09
pi2_0_0_0_0_l_0_0_0_0_0_0 = 1.2869e-09
pi2_0_0_0_0_l_0_0_0_0_0_0_0 = 1.09069e-09
pi2_0_0_0_0_l_0_0_0_0_0_0_0_0 = 1.01897e-09
pi2_0_0_0_0_l_0_0_0_0_0_0_0_0_0 = 8.93882e-10
pi2_0_0_0_0_l_0_0_0_0_0_0_0_0_0_0 = 8.44114e-10
pi2_0_0_0_0_l_0_0_0_0_0_0_0_0_0_0_0 = 7.57405e-10
pi2_0_0_0_0_l_0_0_0_0_0_0_0_0_0_0_0_0 = 7.2084e-10
pi2_0_0_0_0_l_0_0_0_0_0_0_0_0_0_0_0_0_0 = 6.57176e-10
pi2_0_0_0_0_l_0_0_0_0_0_0_0_0_0_0_0_0_0_0 = 6.29169e-10
pi2_0_0_0_0_l_0_0_0_0_0_0_0_0_0_0_0_0_0_0_0 = 5.80432e-10
pi2_0_0_0_0_l_0_0_0_0_0_0_0_0_0_0_0_0_0_0_0_0 = 5.58288e-10
pi2_0_0_0_0_l_0_0_0_0_0_0_0_0_0_0_0_0_0_0_0_0_0 = 5.19775e-10
pi2_0_0_0_0_l_0_0_0_0_0_0_0_0_0_0_0_0_0_0_0_0_0_0 = 5.0182e-10
pi2_0_0_0_0_l_0_0_0_0_0_0_0_0_0_0_0_0_0_0_0_0_0_0_0 = 4.70689e-10
pi2_0_0_0_0_l_0_0_0_0_0_0_0_0_0_0_0_0_0_0_0_0_0_0_0_0 = 4.54584e-10
