DD_0_0 = 2.94189e-10
DD_0_0_l_0 = 1.15614e-10
DD_0_0_l_0_0 = 9.38953e-11
DD_0_0_l_0_0_0 = 6.00107e-11
DD_0_0_l_0_0_0_0 = 5.1451e-11
DD_0_0_l_0_0_0_0_0 = 3.78536e-11
DD_0_0_l_0_0_0_0_0_0 = 3.34666e-11
DD_0_0_l_0_0_0_0_0_0_0 = 2.64039e-11
DD_0_0_l_0_0_0_0_0_0_0_0 = 2.38133e-11
DD_0_0_l_0_0_0_0_0_0_0_0_0 = 1.96294e-11
DD_0_0_l_0_0_0_0_0_0_0_0_0_0 = 1.77045e-11
Dr_0_0 = 3.84106e-11
Dr_0_0_l_0 = 8.89878e-11
Dr_0_0_l_0_0 = 6.14338e-11
Dr_0_0_l_0_0_0 = 6.70671e-11
Dr_0_0_l_0_0_0_0 = 5.20845e-11
Dr_0_0_l_0_0_0_0_0 = 5.31228e-11
Dr_0_0_l_0_0_0_0_0_0 = 4.354e-11
Dr_0_0_l_0_0_0_0_0_0_0 = 4.35772e-11
Dr_0_0_l_0_0_0_0_0_0_0_0 = 3.68865e-11
Dr_0_0_l_0_0_0_0_0_0_0_0_0 = 3.66645e-11
Dr_0_0_l_0_0_0_0_0_0_0_0_0_0 = 3.17563e-11
Dr_0_0_l_0_0_0_0_0_0_0_0_0_0_0 = 3.11451e-11
Hl_0_0 = 6.86964e-05
Hl_0_0_l_0 = 3.13029e-05
Hl_0_0_l_0_0 = 2.69578e-05
Hl_0_0_l_0_0_0 = 1.91239e-05
Hl_0_0_l_0_0_0_0 = 1.72397e-05
Hl_0_0_l_0_0_0_0_0 = 1.37967e-05
Hl_0_0_l_0_0_0_0_0_0 = 1.2742e-05
Hl_0_0_l_0_0_0_0_0_0_0 = 1.07988e-05
Hl_0_0_l_0_0_0_0_0_0_0_0 = 1.01233e-05
Hl_0_0_l_0_0_0_0_0_0_0_0_0 = 8.88118e-06
Hl_0_0_l_0_0_0_0_0_0_0_0_0_0 = 8.33247e-06
Hr_0_0 = 9.9999e-05
I = 1
pi2_0_0_0_0 = 6.90823e-09
pi2_0_0_0_0_l_0 = 3.1475e-09
pi2_0_0_0_0_l_0_0 = 2.70752e-09
pi2_0_0_0_0_l_0_0_0 = 1.92044e-09
pi2_0_0_0_0_l_0_0_0_0 = 1.72993e-09
pi2_0_0_0_0_l_0_0_0_0_0 = 1.38432e-09
pi2_0_0_0_0_l_0_0_0_0_0_0 = 1.2778e-09
pi2_0_0_0_0_l_0_0_0_0_0_0_0 = 1.08288e-09
pi2_0_0_0_0_l_0_0_0_0_0_0_0_0 = 1.01472e-09
pi2_0_0_0_0_l_0_0_0_0_0_0_0_0_0 = 8.90201e-10
pi2_0_0_0_0_l_0_0_0_0_0_0_0_0_0_0 = 8.34904e-10
