DD_0_0 = 2.94188e-10
DD_0_0_l_0 = 1.15626e-10
DD_0_0_l_0_0 = 9.38912e-11
DD_0_0_l_0_0_0 = 6.00102e-11
DD_0_0_l_0_0_0_0 = 5.14526e-11
DD_0_0_l_0_0_0_0_0 = 3.78379e-11
DD_0_0_l_0_0_0_0_0_0 = 3.34733e-11
DD_0_0_l_0_0_0_0_0_0_0 = 2.63951e-11
DD_0_0_l_0_0_0_0_0_0_0_0 = 2.38194e-11
DD_0_0_l_0_0_0_0_0_0_0_0_0 = 1.96023e-11
DD_0_0_l_0_0_0_0_0_0_0_0_0_0 = 1.79386e-11
DD_0_0_l_0_0_0_0_0_0_0_0_0_0_0 = 1.51969e-11
DD_0_0_l_0_0_0_0_0_0_0_0_0_0_0_0 = 1.40545e-11
DD_0_0_l_0_0_0_0_0_0_0_0_0_0_0_0_0 = 1.21598e-11
DD_0_0_l_0_0_0_0_0_0_0_0_0_0_0_0_0_0 = 1.13391e-11
DD_0_0_l_0_0_0_0_0_0_0_0_0_0_0_0_0_0_0 = 9.96952e-12
DD_0_0_l_0_0_0_0_0_0_0_0_0_0_0_0_0_0_0_0 = 9.35836e-12
DD_0_0_l_0_0_0_0_0_0_0_0_0_0_0_0_0_0_0_0_0 = 8.33312e-12
DD_0_0_l_0_0_0_0_0_0_0_0_0_0_0_0_0_0_0_0_0_0 = 7.86521e-12
DD_0_0_l_0_0_0_0_0_0_0_0_0_0_0_0_0_0_0_0_0_0_0 = 7.07755e-12
DD_0_0_l_0_0_0_0_0_0_0_0_0_0_0_0_0_0_0_0_0_0_0_0 = 6.68102e-12
Dr_0_0 = 3.84107e-11
Dr_0_0_l_0 = 8.89885e-11
Dr_0_0_l_0_0 = 6.14357e-11
Dr_0_0_l_0_0_0 = 6.70661e-11
Dr_0_0_l_0_0_0_0 = 5.20844e-11
Dr_0_0_l_0_0_0_0_0 = 5.31229e-11
Dr_0_0_l_0_0_0_0_0_0 = 4.35359e-11
Dr_0_0_l_0_0_0_0_0_0_0 = 4.35793e-11
Dr_0_0_l_0_0_0_0_0_0_0_0 = 3.68771e-11
Dr_0_0_l_0_0_0_0_0_0_0_0_0 = 3.66717e-11
Dr_0_0_l_0_0_0_0_0_0_0_0_0_0 = 3.17171e-11
Dr_0_0_l_0_0_0_0_0_0_0_0_0_0_0 = 3.14583e-11
Dr_0_0_l_0_0_0_0_0_0_0_0_0_0_0_0 = 2.76481e-11
Dr_0_0_l_0_0_0_0_0_0_0_0_0_0_0_0_0 = 2.73988e-11
Dr_0_0_l_0_0_0_0_0_0_0_0_0_0_0_0_0_0 = 2.43791e-11
Dr_0_0_l_0_0_0_0_0_0_0_0_0_0_0_0_0_0_0 = 2.4158e-11
Dr_0_0_l_0_0_0_0_0_0_0_0_0_0_0_0_0_0_0_0 = 2.17076e-11
Dr_0_0_l_0_0_0_0_0_0_0_0_0_0_0_0_0_0_0_0_0 = 2.1518e-11
Dr_0_0_l_0_0_0_0_0_0_0_0_0_0_0_0_0_0_0_0_0_0 = 1.94913e-11
Dr_0_0_l_0_0_0_0_0_0_0_0_0_0_0_0_0_0_0_0_0_0_0 = 1.93311e-11
Dr_0_0_l_0_0_0_0_0_0_0_0_0_0_0_0_0_0_0_0_0_0_0_0 = 1.76257e-11
Dr_0_0_l_0_0_0_0_0_0_0_0_0_0_0_0_0_0_0_0_0_0_0_0_0 = 1.7429e-11
Hl_0_0 = 6.86964e-05
Hl_0_0_l_0 = 3.13029e-05
Hl_0_0_l_0_0 = 2.69578e-05
Hl_0_0_l_0_0_0 = 1.91239e-05
Hl_0_0_l_0_0_0_0 = 1.72397e-05
Hl_0_0_l_0_0_0_0_0 = 1.37967e-05
Hl_0_0_l_0_0_0_0_0_0 = 1.27421e-05
Hl_0_0_l_0_0_0_0_0_0_0 = 1.07987e-05
Hl_0_0_l_0_0_0_0_0_0_0_0 = 1.01241e-05
Hl_0_0_l_0_0_0_0_0_0_0_0_0 = 8.87392e-06
Hl_0_0_l_0_0_0_0_0_0_0_0_0_0 = 8.40513e-06
Hl_0_0_l_0_0_0_0_0_0_0_0_0_0_0 = 7.53268e-06
Hl_0_0_l_0_0_0_0_0_0_0_0_0_0_0_0 = 7.18791e-06
Hl_0_0_l_0_0_0_0_0_0_0_0_0_0_0_0_0 = 6.54423e-06
Hl_0_0_l_0_0_0_0_0_0_0_0_0_0_0_0_0_0 = 6.27998e-06
Hl_0_0_l_0_0_0_0_0_0_0_0_0_0_0_0_0_0_0 = 5.78539e-06
Hl_0_0_l_0_0_0_0_0_0_0_0_0_0_0_0_0_0_0_0 = 5.57639e-06
Hl_0_0_l_0_0_0_0_0_0_0_0_0_0_0_0_0_0_0_0_0 = 5.18442e-06
Hl_0_0_l_0_0_0_0_0_0_0_0_0_0_0_0_0_0_0_0_0_0 = 5.01494e-06
Hl_0_0_l_0_0_0_0_0_0_0_0_0_0_0_0_0_0_0_0_0_0_0 = 4.69724e-06
Hl_0_0_l_0_0_0_0_0_0_0_0_0_0_0_0_0_0_0_0_0_0_0_0 = 4.54453e-06
Hr_0_0 = 9.9999e-05
I = 1
pi2_0_0_0_0 = 6.90823e-09
pi2_0_0_0_0_l_0 = 3.14749e-09
pi2_0_0_0_0_l_0_0 = 2.70752e-09
pi2_0_0_0_0_l_0_0_0 = 1.92044e-09
pi2_0_0_0_0_l_0_0_0_0 = 1.72993e-09
pi2_0_0_0_0_l_0_0_0_0_0 = 1.38433e-09
pi2_0_0_0_0_l_0_0_0_0_0_0 = 1.2778e-09
pi2_0_0_0_0_l_0_0_0_0_0_0_0 = 1.08287e-09
pi2_0_0_0_0_l_0_0_0_0_0_0_0_0 = 1.0148e-09
pi2_0_0_0_0_l_0_0_0_0_0_0_0_0_0 = 8.8947e-10
pi2_0_0_0_0_l_0_0_0_0_0_0_0_0_0_0 = 8.42196e-10
pi2_0_0_0_0_l_0_0_0_0_0_0_0_0_0_0_0 = 7.5478e-10
pi2_0_0_0_0_l_0_0_0_0_0_0_0_0_0_0_0_0 = 7.20031e-10
pi2_0_0_0_0_l_0_0_0_0_0_0_0_0_0_0_0_0_0 = 6.55564e-10
pi2_0_0_0_0_l_0_0_0_0_0_0_0_0_0_0_0_0_0_0 = 6.28942e-10
pi2_0_0_0_0_l_0_0_0_0_0_0_0_0_0_0_0_0_0_0_0 = 5.79425e-10
pi2_0_0_0_0_l_0_0_0_0_0_0_0_0_0_0_0_0_0_0_0_0 = 5.58377e-10
pi2_0_0_0_0_l_0_0_0_0_0_0_0_0_0_0_0_0_0_0_0_0_0 = 5.19145e-10
pi2_0_0_0_0_l_0_0_0_0_0_0_0_0_0_0_0_0_0_0_0_0_0_0 = 5.02082e-10
pi2_0_0_0_0_l_0_0_0_0_0_0_0_0_0_0_0_0_0_0_0_0_0_0_0 = 4.70293e-10
pi2_0_0_0_0_l_0_0_0_0_0_0_0_0_0_0_0_0_0_0_0_0_0_0_0_0 = 4.54928e-10
