DD_0_0 = 3.37045e-11
DD_0_0_l_0 = 1.50584e-11
DD_0_0_l_0_0 = 1.28296e-11
DD_0_0_l_0_0_0 = 8.94885e-12
DD_0_0_l_0_0_0_0 = 7.98106e-12
DD_0_0_l_0_0_0_0_0 = 6.28817e-12
DD_0_0_l_0_0_0_0_0_0 = 5.74679e-12
DD_0_0_l_0_0_0_0_0_0_0 = 4.79909e-12
DD_0_0_l_0_0_0_0_0_0_0_0 = 4.4531e-12
DD_0_0_l_0_0_0_0_0_0_0_0_0 = 3.85248e-12
DD_0_0_l_0_0_0_0_0_0_0_0_0_0 = 3.57506e-12
Dr_0_0 = 6.38755e-13
Dr_0_0_l_0 = 1.55188e-12
Dr_0_0_l_0_0 = 1.34203e-12
Dr_0_0_l_0_0_0 = 1.55959e-12
Dr_0_0_l_0_0_0_0 = 1.41441e-12
Dr_0_0_l_0_0_0_0_0 = 1.51313e-12
Dr_0_0_l_0_0_0_0_0_0 = 1.40037e-12
Dr_0_0_l_0_0_0_0_0_0_0 = 1.4547e-12
Dr_0_0_l_0_0_0_0_0_0_0_0 = 1.36217e-12
Dr_0_0_l_0_0_0_0_0_0_0_0_0 = 1.3946e-12
Dr_0_0_l_0_0_0_0_0_0_0_0_0_0 = 1.32062e-12
Dr_0_0_l_0_0_0_0_0_0_0_0_0_0_0 = 1.33043e-12
Hl_0_0 = 6.86964e-05
Hl_0_0_l_0 = 3.13029e-05
Hl_0_0_l_0_0 = 2.69578e-05
Hl_0_0_l_0_0_0 = 1.91239e-05
Hl_0_0_l_0_0_0_0 = 1.72397e-05
Hl_0_0_l_0_0_0_0_0 = 1.37967e-05
Hl_0_0_l_0_0_0_0_0_0 = 1.2742e-05
Hl_0_0_l_0_0_0_0_0_0_0 = 1.07988e-05
Hl_0_0_l_0_0_0_0_0_0_0_0 = 1.01233e-05
Hl_0_0_l_0_0_0_0_0_0_0_0_0 = 8.88118e-06
Hl_0_0_l_0_0_0_0_0_0_0_0_0_0 = 8.33247e-06
Hr_0_0 = 9.9999e-05
I = 1
pi2_0_0_0_0 = 6.87017e-09
pi2_0_0_0_0_l_0 = 3.13061e-09
pi2_0_0_0_0_l_0_0 = 2.69602e-09
pi2_0_0_0_0_l_0_0_0 = 1.91258e-09
pi2_0_0_0_0_l_0_0_0_0 = 1.72413e-09
pi2_0_0_0_0_l_0_0_0_0_0 = 1.3798e-09
pi2_0_0_0_0_l_0_0_0_0_0_0 = 1.27432e-09
pi2_0_0_0_0_l_0_0_0_0_0_0_0 = 1.07998e-09
pi2_0_0_0_0_l_0_0_0_0_0_0_0_0 = 1.01242e-09
pi2_0_0_0_0_l_0_0_0_0_0_0_0_0_0 = 8.88197e-10
pi2_0_0_0_0_l_0_0_0_0_0_0_0_0_0_0 = 8.33317e-10
