DD_0_0 = 3.3705e-11
DD_0_0_l_0 = 1.50579e-11
DD_0_0_l_0_0 = 1.28309e-11
DD_0_0_l_0_0_0 = 8.94518e-12
DD_0_0_l_0_0_0_0 = 7.9959e-12
DD_0_0_l_0_0_0_0_0 = 6.21446e-12
Dr_0_0 = 6.38761e-13
Dr_0_0_l_0 = 1.5519e-12
Dr_0_0_l_0_0 = 1.34204e-12
Dr_0_0_l_0_0_0 = 1.55967e-12
Dr_0_0_l_0_0_0_0 = 1.4135e-12
Dr_0_0_l_0_0_0_0_0 = 1.53931e-12
Dr_0_0_l_0_0_0_0_0_0 = 1.3963e-12
Hl_0_0 = 6.86975e-05
Hl_0_0_l_0 = 3.13019e-05
Hl_0_0_l_0_0 = 2.69603e-05
Hl_0_0_l_0_0_0 = 1.91164e-05
Hl_0_0_l_0_0_0_0 = 1.72698e-05
Hl_0_0_l_0_0_0_0_0 = 1.36461e-05
Hr_0_0 = 9.9999e-05
I = 1
pi2_0_0_0_0 = 6.87028e-09
pi2_0_0_0_0_l_0 = 3.1305e-09
pi2_0_0_0_0_l_0_0 = 2.69627e-09
pi2_0_0_0_0_l_0_0_0 = 1.91184e-09
pi2_0_0_0_0_l_0_0_0_0 = 1.72715e-09
pi2_0_0_0_0_l_0_0_0_0_0 = 1.36474e-09
