DD_0_0 = 3.37046e-11
DD_0_0_l_0 = 1.50461e-11
DD_0_0_l_0_0 = 1.28356e-11
DD_0_0_l_0_0_0 = 8.94757e-12
DD_0_0_l_0_0_0_0 = 7.98131e-12
DD_0_0_l_0_0_0_0_0 = 6.28679e-12
DD_0_0_l_0_0_0_0_0_0 = 5.74738e-12
DD_0_0_l_0_0_0_0_0_0_0 = 4.80191e-12
DD_0_0_l_0_0_0_0_0_0_0_0 = 4.45217e-12
DD_0_0_l_0_0_0_0_0_0_0_0_0 = 3.84636e-12
DD_0_0_l_0_0_0_0_0_0_0_0_0_0 = 3.61091e-12
DD_0_0_l_0_0_0_0_0_0_0_0_0_0_0 = 3.19208e-12
DD_0_0_l_0_0_0_0_0_0_0_0_0_0_0_0 = 3.01606e-12
DD_0_0_l_0_0_0_0_0_0_0_0_0_0_0_0_0 = 2.71088e-12
DD_0_0_l_0_0_0_0_0_0_0_0_0_0_0_0_0_0 = 2.57698e-12
DD_0_0_l_0_0_0_0_0_0_0_0_0_0_0_0_0_0_0 = 2.34452e-12
DD_0_0_l_0_0_0_0_0_0_0_0_0_0_0_0_0_0_0_0 = 2.23932e-12
DD_0_0_l_0_0_0_0_0_0_0_0_0_0_0_0_0_0_0_0_0 = 2.05681e-12
DD_0_0_l_0_0_0_0_0_0_0_0_0_0_0_0_0_0_0_0_0_0 = 1.97204e-12
DD_0_0_l_0_0_0_0_0_0_0_0_0_0_0_0_0_0_0_0_0_0_0 = 1.82553e-12
DD_0_0_l_0_0_0_0_0_0_0_0_0_0_0_0_0_0_0_0_0_0_0_0 = 1.75017e-12
Dr_0_0 = 6.38765e-13
Dr_0_0_l_0 = 1.55167e-12
Dr_0_0_l_0_0 = 1.34128e-12
Dr_0_0_l_0_0_0 = 1.56015e-12
Dr_0_0_l_0_0_0_0 = 1.41659e-12
Dr_0_0_l_0_0_0_0_0 = 1.51235e-12
Dr_0_0_l_0_0_0_0_0_0 = 1.39119e-12
Dr_0_0_l_0_0_0_0_0_0_0 = 1.45843e-12
Dr_0_0_l_0_0_0_0_0_0_0_0 = 1.37677e-12
Dr_0_0_l_0_0_0_0_0_0_0_0_0 = 1.38844e-12
Dr_0_0_l_0_0_0_0_0_0_0_0_0_0 = 1.30737e-12
Dr_0_0_l_0_0_0_0_0_0_0_0_0_0_0 = 1.34096e-12
Dr_0_0_l_0_0_0_0_0_0_0_0_0_0_0_0 = 1.269e-12
Dr_0_0_l_0_0_0_0_0_0_0_0_0_0_0_0_0 = 1.28153e-12
Dr_0_0_l_0_0_0_0_0_0_0_0_0_0_0_0_0_0 = 1.22241e-12
Dr_0_0_l_0_0_0_0_0_0_0_0_0_0_0_0_0_0_0 = 1.22994e-12
Dr_0_0_l_0_0_0_0_0_0_0_0_0_0_0_0_0_0_0_0 = 1.17705e-12
Dr_0_0_l_0_0_0_0_0_0_0_0_0_0_0_0_0_0_0_0_0 = 1.18177e-12
Dr_0_0_l_0_0_0_0_0_0_0_0_0_0_0_0_0_0_0_0_0_0 = 1.13403e-12
Dr_0_0_l_0_0_0_0_0_0_0_0_0_0_0_0_0_0_0_0_0_0_0 = 1.13663e-12
Dr_0_0_l_0_0_0_0_0_0_0_0_0_0_0_0_0_0_0_0_0_0_0_0 = 1.09381e-12
Dr_0_0_l_0_0_0_0_0_0_0_0_0_0_0_0_0_0_0_0_0_0_0_0_0 = 1.09259e-12
Hl_0_0 = 6.86964e-05
Hl_0_0_l_0 = 3.13029e-05
Hl_0_0_l_0_0 = 2.69578e-05
Hl_0_0_l_0_0_0 = 1.91239e-05
Hl_0_0_l_0_0_0_0 = 1.72397e-05
Hl_0_0_l_0_0_0_0_0 = 1.37967e-05
Hl_0_0_l_0_0_0_0_0_0 = 1.27421e-05
Hl_0_0_l_0_0_0_0_0_0_0 = 1.07987e-05
Hl_0_0_l_0_0_0_0_0_0_0_0 = 1.01241e-05
Hl_0_0_l_0_0_0_0_0_0_0_0_0 = 8.87392e-06
Hl_0_0_l_0_0_0_0_0_0_0_0_0_0 = 8.40513e-06
Hl_0_0_l_0_0_0_0_0_0_0_0_0_0_0 = 7.53268e-06
Hl_0_0_l_0_0_0_0_0_0_0_0_0_0_0_0 = 7.18791e-06
Hl_0_0_l_0_0_0_0_0_0_0_0_0_0_0_0_0 = 6.54423e-06
Hl_0_0_l_0_0_0_0_0_0_0_0_0_0_0_0_0_0 = 6.27998e-06
Hl_0_0_l_0_0_0_0_0_0_0_0_0_0_0_0_0_0_0 = 5.78539e-06
Hl_0_0_l_0_0_0_0_0_0_0_0_0_0_0_0_0_0_0_0 = 5.57639e-06
Hl_0_0_l_0_0_0_0_0_0_0_0_0_0_0_0_0_0_0_0_0 = 5.18442e-06
Hl_0_0_l_0_0_0_0_0_0_0_0_0_0_0_0_0_0_0_0_0_0 = 5.01494e-06
Hl_0_0_l_0_0_0_0_0_0_0_0_0_0_0_0_0_0_0_0_0_0_0 = 4.69724e-06
Hl_0_0_l_0_0_0_0_0_0_0_0_0_0_0_0_0_0_0_0_0_0_0_0 = 4.54453e-06
Hr_0_0 = 9.9999e-05
I = 1
pi2_0_0_0_0 = 6.87017e-09
pi2_0_0_0_0_l_0 = 3.13061e-09
pi2_0_0_0_0_l_0_0 = 2.69602e-09
pi2_0_0_0_0_l_0_0_0 = 1.91259e-09
pi2_0_0_0_0_l_0_0_0_0 = 1.72413e-09
pi2_0_0_0_0_l_0_0_0_0_0 = 1.3798e-09
pi2_0_0_0_0_l_0_0_0_0_0_0 = 1.27432e-09
pi2_0_0_0_0_l_0_0_0_0_0_0_0 = 1.07997e-09
pi2_0_0_0_0_l_0_0_0_0_0_0_0_0 = 1.0125e-09
pi2_0_0_0_0_l_0_0_0_0_0_0_0_0_0 = 8.87475e-10
pi2_0_0_0_0_l_0_0_0_0_0_0_0_0_0_0 = 8.40582e-10
pi2_0_0_0_0_l_0_0_0_0_0_0_0_0_0_0_0 = 7.53331e-10
pi2_0_0_0_0_l_0_0_0_0_0_0_0_0_0_0_0_0 = 7.1885e-10
pi2_0_0_0_0_l_0_0_0_0_0_0_0_0_0_0_0_0_0 = 6.54475e-10
pi2_0_0_0_0_l_0_0_0_0_0_0_0_0_0_0_0_0_0_0 = 6.28046e-10
pi2_0_0_0_0_l_0_0_0_0_0_0_0_0_0_0_0_0_0_0_0 = 5.78584e-10
pi2_0_0_0_0_l_0_0_0_0_0_0_0_0_0_0_0_0_0_0_0_0 = 5.5768e-10
pi2_0_0_0_0_l_0_0_0_0_0_0_0_0_0_0_0_0_0_0_0_0_0 = 5.1848e-10
pi2_0_0_0_0_l_0_0_0_0_0_0_0_0_0_0_0_0_0_0_0_0_0_0 = 5.01529e-10
pi2_0_0_0_0_l_0_0_0_0_0_0_0_0_0_0_0_0_0_0_0_0_0_0_0 = 4.69757e-10
pi2_0_0_0_0_l_0_0_0_0_0_0_0_0_0_0_0_0_0_0_0_0_0_0_0_0 = 4.54483e-10
