DD_0_0 = 2.73906e-10
DD_0_0_l_0 = 1.55291e-10
DD_0_0_l_0_0 = 1.16368e-10
DD_0_0_l_0_0_0 = 8.31435e-11
DD_0_0_l_0_0_0_0 = 6.88456e-11
DD_0_0_l_0_0_0_0_0 = 5.3428e-11
DD_0_0_l_0_0_0_0_0_0 = 4.53323e-11
DD_0_0_l_0_0_0_0_0_0_0 = 3.74514e-11
DD_0_0_l_0_0_0_0_0_0_0_0 = 3.21697e-11
DD_0_0_l_0_0_0_0_0_0_0_0_0 = 2.77437e-11
DD_0_0_l_0_0_0_0_0_0_0_0_0_0 = 2.407e-11
DD_0_0_l_0_0_0_0_0_0_0_0_0_0_0 = 2.13146e-11
DD_0_0_l_0_0_0_0_0_0_0_0_0_0_0_0 = 1.87515e-11
DD_0_0_l_0_0_0_0_0_0_0_0_0_0_0_0_0 = 1.6848e-11
DD_0_0_l_0_0_0_0_0_0_0_0_0_0_0_0_0_0 = 1.50379e-11
DD_0_0_l_0_0_0_0_0_0_0_0_0_0_0_0_0_0_0 = 1.36431e-11
DD_0_0_l_0_0_0_0_0_0_0_0_0_0_0_0_0_0_0_0 = 1.23264e-11
DD_0_0_l_0_0_0_0_0_0_0_0_0_0_0_0_0_0_0_0_0 = 1.12734e-11
DD_0_0_l_0_0_0_0_0_0_0_0_0_0_0_0_0_0_0_0_0_0 = 1.02774e-11
DD_0_0_l_0_0_0_0_0_0_0_0_0_0_0_0_0_0_0_0_0_0_0 = 9.49759e-12
DD_0_0_l_0_0_0_0_0_0_0_0_0_0_0_0_0_0_0_0_0_0_0_0 = 8.58275e-12
Dr_0_0 = 3.71714e-10
Dr_0_0_l_0 = 3.25865e-10
Dr_0_0_l_0_0 = 2.60461e-10
Dr_0_0_l_0_0_0 = 2.30645e-10
Dr_0_0_l_0_0_0_0 = 1.91571e-10
Dr_0_0_l_0_0_0_0_0 = 1.74796e-10
Dr_0_0_l_0_0_0_0_0_0 = 1.48734e-10
Dr_0_0_l_0_0_0_0_0_0_0 = 1.37752e-10
Dr_0_0_l_0_0_0_0_0_0_0_0 = 1.1991e-10
Dr_0_0_l_0_0_0_0_0_0_0_0_0 = 1.11675e-10
Dr_0_0_l_0_0_0_0_0_0_0_0_0_0 = 9.93579e-11
Dr_0_0_l_0_0_0_0_0_0_0_0_0_0_0 = 9.272e-11
Dr_0_0_l_0_0_0_0_0_0_0_0_0_0_0_0 = 8.39035e-11
Dr_0_0_l_0_0_0_0_0_0_0_0_0_0_0_0_0 = 7.85394e-11
Dr_0_0_l_0_0_0_0_0_0_0_0_0_0_0_0_0_0 = 7.19254e-11
Dr_0_0_l_0_0_0_0_0_0_0_0_0_0_0_0_0_0_0 = 6.75944e-11
Dr_0_0_l_0_0_0_0_0_0_0_0_0_0_0_0_0_0_0_0 = 6.24476e-11
Dr_0_0_l_0_0_0_0_0_0_0_0_0_0_0_0_0_0_0_0_0 = 5.8931e-11
Dr_0_0_l_0_0_0_0_0_0_0_0_0_0_0_0_0_0_0_0_0_0 = 5.47907e-11
Dr_0_0_l_0_0_0_0_0_0_0_0_0_0_0_0_0_0_0_0_0_0_0 = 5.20189e-11
Dr_0_0_l_0_0_0_0_0_0_0_0_0_0_0_0_0_0_0_0_0_0_0_0 = 4.81461e-11
Dr_0_0_l_0_0_0_0_0_0_0_0_0_0_0_0_0_0_0_0_0_0_0_0_0 = 4.56279e-11
Hl_0_0 = 1.99909e-05
Hl_0_0_l_0 = 1.60018e-05
Hl_0_0_l_0_0 = 1.35961e-05
Hl_0_0_l_0_0_0 = 1.1842e-05
Hl_0_0_l_0_0_0_0 = 1.0524e-05
Hl_0_0_l_0_0_0_0_0 = 9.4752e-06
Hl_0_0_l_0_0_0_0_0_0 = 8.62749e-06
Hl_0_0_l_0_0_0_0_0_0_0 = 7.92034e-06
Hl_0_0_l_0_0_0_0_0_0_0_0 = 7.32507e-06
Hl_0_0_l_0_0_0_0_0_0_0_0_0 = 6.81329e-06
Hl_0_0_l_0_0_0_0_0_0_0_0_0_0 = 6.37081e-06
Hl_0_0_l_0_0_0_0_0_0_0_0_0_0_0 = 5.98222e-06
Hl_0_0_l_0_0_0_0_0_0_0_0_0_0_0_0 = 5.63976e-06
Hl_0_0_l_0_0_0_0_0_0_0_0_0_0_0_0_0 = 5.33421e-06
Hl_0_0_l_0_0_0_0_0_0_0_0_0_0_0_0_0_0 = 5.06098e-06
Hl_0_0_l_0_0_0_0_0_0_0_0_0_0_0_0_0_0_0 = 4.81425e-06
Hl_0_0_l_0_0_0_0_0_0_0_0_0_0_0_0_0_0_0_0 = 4.59085e-06
Hl_0_0_l_0_0_0_0_0_0_0_0_0_0_0_0_0_0_0_0_0 = 4.38789e-06
Hl_0_0_l_0_0_0_0_0_0_0_0_0_0_0_0_0_0_0_0_0_0 = 4.19969e-06
Hl_0_0_l_0_0_0_0_0_0_0_0_0_0_0_0_0_0_0_0_0_0_0 = 4.03756e-06
Hl_0_0_l_0_0_0_0_0_0_0_0_0_0_0_0_0_0_0_0_0_0_0_0 = 3.84542e-06
Hr_0_0 = 9.99971e-05
I = 1
pi2_0_0_0_0 = 2.04134e-09
pi2_0_0_0_0_l_0 = 1.61957e-09
pi2_0_0_0_0_l_0_0 = 1.37587e-09
pi2_0_0_0_0_l_0_0_0 = 1.19301e-09
pi2_0_0_0_0_l_0_0_0_0 = 1.05982e-09
pi2_0_0_0_0_l_0_0_0_0_0 = 9.51671e-10
pi2_0_0_0_0_l_0_0_0_0_0_0 = 8.67805e-10
pi2_0_0_0_0_l_0_0_0_0_0_0_0 = 7.93783e-10
pi2_0_0_0_0_l_0_0_0_0_0_0_0_0 = 7.35718e-10
pi2_0_0_0_0_l_0_0_0_0_0_0_0_0_0 = 6.82392e-10
pi2_0_0_0_0_l_0_0_0_0_0_0_0_0_0_0 = 6.38987e-10
pi2_0_0_0_0_l_0_0_0_0_0_0_0_0_0_0_0 = 5.98929e-10
pi2_0_0_0_0_l_0_0_0_0_0_0_0_0_0_0_0_0 = 5.65147e-10
pi2_0_0_0_0_l_0_0_0_0_0_0_0_0_0_0_0_0_0 = 5.33858e-10
pi2_0_0_0_0_l_0_0_0_0_0_0_0_0_0_0_0_0_0_0 = 5.06842e-10
pi2_0_0_0_0_l_0_0_0_0_0_0_0_0_0_0_0_0_0_0_0 = 4.81672e-10
pi2_0_0_0_0_l_0_0_0_0_0_0_0_0_0_0_0_0_0_0_0_0 = 4.59561e-10
pi2_0_0_0_0_l_0_0_0_0_0_0_0_0_0_0_0_0_0_0_0_0_0 = 4.38905e-10
pi2_0_0_0_0_l_0_0_0_0_0_0_0_0_0_0_0_0_0_0_0_0_0_0 = 4.20274e-10
pi2_0_0_0_0_l_0_0_0_0_0_0_0_0_0_0_0_0_0_0_0_0_0_0_0 = 4.03773e-10
pi2_0_0_0_0_l_0_0_0_0_0_0_0_0_0_0_0_0_0_0_0_0_0_0_0_0 = 3.84682e-10
