DD_0_0 = 1.40789e-11
DD_0_0_l_0 = 4.24674e-11
DD_0_0_l_0_0 = 3.01282e-11
Dr_0_0 = 3.03557e-12
Dr_0_0_l_0 = 2.72469e-11
Dr_0_0_l_0_0 = 5.23027e-11
Dr_0_0_l_0_0_0 = 4.94665e-11
Hl_0_0 = 8.56304e-06
Hl_0_0_l_0 = 9.14369e-06
Hl_0_0_l_0_0 = 7.69222e-06
Hr_0_0 = 9.9999e-05
I = 1
pi2_0_0_0_0 = 8.64323e-10
pi2_0_0_0_0_l_0 = 9.27785e-10
pi2_0_0_0_0_l_0_0 = 7.77134e-10
