DD_0_0 = 5.9272e-11
DD_0_0_l_0 = 4.57324e-11
DD_0_0_l_0_0 = 3.84088e-11
DD_0_0_l_0_0_0 = 3.17302e-11
DD_0_0_l_0_0_0_0 = 2.75946e-11
DD_0_0_l_0_0_0_0_0 = 2.34548e-11
DD_0_0_l_0_0_0_0_0_0 = 2.0937e-11
DD_0_0_l_0_0_0_0_0_0_0 = 1.80758e-11
DD_0_0_l_0_0_0_0_0_0_0_0 = 1.64968e-11
DD_0_0_l_0_0_0_0_0_0_0_0_0 = 1.43713e-11
DD_0_0_l_0_0_0_0_0_0_0_0_0_0 = 1.33436e-11
DD_0_0_l_0_0_0_0_0_0_0_0_0_0_0 = 1.17329e-11
DD_0_0_l_0_0_0_0_0_0_0_0_0_0_0_0 = 1.09962e-11
DD_0_0_l_0_0_0_0_0_0_0_0_0_0_0_0_0 = 9.79044e-12
DD_0_0_l_0_0_0_0_0_0_0_0_0_0_0_0_0_0 = 9.20285e-12
DD_0_0_l_0_0_0_0_0_0_0_0_0_0_0_0_0_0_0 = 8.30962e-12
DD_0_0_l_0_0_0_0_0_0_0_0_0_0_0_0_0_0_0_0 = 7.80665e-12
DD_0_0_l_0_0_0_0_0_0_0_0_0_0_0_0_0_0_0_0_0 = 7.15384e-12
DD_0_0_l_0_0_0_0_0_0_0_0_0_0_0_0_0_0_0_0_0_0 = 6.68751e-12
DD_0_0_l_0_0_0_0_0_0_0_0_0_0_0_0_0_0_0_0_0_0_0 = 6.26283e-12
DD_0_0_l_0_0_0_0_0_0_0_0_0_0_0_0_0_0_0_0_0_0_0_0 = 5.70899e-12
Dr_0_0 = 1.00646e-10
Dr_0_0_l_0 = 8.83316e-11
Dr_0_0_l_0_0 = 8.08967e-11
Dr_0_0_l_0_0_0 = 7.35146e-11
Dr_0_0_l_0_0_0_0 = 6.76722e-11
Dr_0_0_l_0_0_0_0_0 = 6.21712e-11
Dr_0_0_l_0_0_0_0_0_0 = 5.76119e-11
Dr_0_0_l_0_0_0_0_0_0_0 = 5.33969e-11
Dr_0_0_l_0_0_0_0_0_0_0_0 = 4.97155e-11
Dr_0_0_l_0_0_0_0_0_0_0_0_0 = 4.64883e-11
Dr_0_0_l_0_0_0_0_0_0_0_0_0_0 = 4.34e-11
Dr_0_0_l_0_0_0_0_0_0_0_0_0_0_0 = 4.0926e-11
Dr_0_0_l_0_0_0_0_0_0_0_0_0_0_0_0 = 3.82833e-11
Dr_0_0_l_0_0_0_0_0_0_0_0_0_0_0_0_0 = 3.63565e-11
Dr_0_0_l_0_0_0_0_0_0_0_0_0_0_0_0_0_0 = 3.4084e-11
Dr_0_0_l_0_0_0_0_0_0_0_0_0_0_0_0_0_0_0 = 3.25477e-11
Dr_0_0_l_0_0_0_0_0_0_0_0_0_0_0_0_0_0_0_0 = 3.0585e-11
Dr_0_0_l_0_0_0_0_0_0_0_0_0_0_0_0_0_0_0_0_0 = 2.93494e-11
Dr_0_0_l_0_0_0_0_0_0_0_0_0_0_0_0_0_0_0_0_0_0 = 2.76042e-11
Dr_0_0_l_0_0_0_0_0_0_0_0_0_0_0_0_0_0_0_0_0_0_0 = 2.66978e-11
Dr_0_0_l_0_0_0_0_0_0_0_0_0_0_0_0_0_0_0_0_0_0_0_0 = 2.49006e-11
Dr_0_0_l_0_0_0_0_0_0_0_0_0_0_0_0_0_0_0_0_0_0_0_0_0 = 2.38245e-11
Hl_0_0 = 9.99875e-06
Hl_0_0_l_0 = 9.00011e-06
Hl_0_0_l_0_0 = 8.19951e-06
Hl_0_0_l_0_0_0 = 7.54003e-06
Hl_0_0_l_0_0_0_0 = 6.98355e-06
Hl_0_0_l_0_0_0_0_0 = 6.50795e-06
Hl_0_0_l_0_0_0_0_0_0 = 6.09468e-06
Hl_0_0_l_0_0_0_0_0_0_0 = 5.73326e-06
Hl_0_0_l_0_0_0_0_0_0_0_0 = 5.4127e-06
Hl_0_0_l_0_0_0_0_0_0_0_0_0 = 5.12792e-06
Hl_0_0_l_0_0_0_0_0_0_0_0_0_0 = 4.87121e-06
Hl_0_0_l_0_0_0_0_0_0_0_0_0_0_0 = 4.64081e-06
Hl_0_0_l_0_0_0_0_0_0_0_0_0_0_0_0 = 4.42998e-06
Hl_0_0_l_0_0_0_0_0_0_0_0_0_0_0_0_0 = 4.23997e-06
Hl_0_0_l_0_0_0_0_0_0_0_0_0_0_0_0_0_0 = 4.0628e-06
Hl_0_0_l_0_0_0_0_0_0_0_0_0_0_0_0_0_0_0 = 3.90454e-06
Hl_0_0_l_0_0_0_0_0_0_0_0_0_0_0_0_0_0_0_0 = 3.75129e-06
Hl_0_0_l_0_0_0_0_0_0_0_0_0_0_0_0_0_0_0_0_0 = 3.62133e-06
Hl_0_0_l_0_0_0_0_0_0_0_0_0_0_0_0_0_0_0_0_0_0 = 3.47995e-06
Hl_0_0_l_0_0_0_0_0_0_0_0_0_0_0_0_0_0_0_0_0_0_0 = 3.38643e-06
Hl_0_0_l_0_0_0_0_0_0_0_0_0_0_0_0_0_0_0_0_0_0_0_0 = 3.22524e-06
Hr_0_0 = 9.9998e-05
I = 1
pi2_0_0_0_0 = 1.0042e-09
pi2_0_0_0_0_l_0 = 9.03017e-10
pi2_0_0_0_0_l_0_0 = 8.22828e-10
pi2_0_0_0_0_l_0_0_0 = 7.55985e-10
pi2_0_0_0_0_l_0_0_0_0 = 7.00329e-10
pi2_0_0_0_0_l_0_0_0_0_0 = 6.52113e-10
pi2_0_0_0_0_l_0_0_0_0_0_0 = 6.10889e-10
pi2_0_0_0_0_l_0_0_0_0_0_0_0 = 5.74228e-10
pi2_0_0_0_0_l_0_0_0_0_0_0_0_0 = 5.42312e-10
pi2_0_0_0_0_l_0_0_0_0_0_0_0_0_0 = 5.13436e-10
pi2_0_0_0_0_l_0_0_0_0_0_0_0_0_0_0 = 4.87895e-10
pi2_0_0_0_0_l_0_0_0_0_0_0_0_0_0_0_0 = 4.64555e-10
pi2_0_0_0_0_l_0_0_0_0_0_0_0_0_0_0_0_0 = 4.4358e-10
pi2_0_0_0_0_l_0_0_0_0_0_0_0_0_0_0_0_0_0 = 4.24352e-10
pi2_0_0_0_0_l_0_0_0_0_0_0_0_0_0_0_0_0_0_0 = 4.06724e-10
pi2_0_0_0_0_l_0_0_0_0_0_0_0_0_0_0_0_0_0_0_0 = 3.90723e-10
pi2_0_0_0_0_l_0_0_0_0_0_0_0_0_0_0_0_0_0_0_0_0 = 3.75471e-10
pi2_0_0_0_0_l_0_0_0_0_0_0_0_0_0_0_0_0_0_0_0_0_0 = 3.62339e-10
pi2_0_0_0_0_l_0_0_0_0_0_0_0_0_0_0_0_0_0_0_0_0_0_0 = 3.48262e-10
pi2_0_0_0_0_l_0_0_0_0_0_0_0_0_0_0_0_0_0_0_0_0_0_0_0 = 3.38801e-10
pi2_0_0_0_0_l_0_0_0_0_0_0_0_0_0_0_0_0_0_0_0_0_0_0_0_0 = 3.22703e-10
