DD_0_0 = 3.01415e-10
DD_0_0_l_0 = 1.55913e-10
DD_0_0_l_0_0 = 1.235e-10
DD_0_0_l_0_0_0 = 8.29839e-11
DD_0_0_l_0_0_0_0 = 7.30125e-11
DD_0_0_l_0_0_0_0_0 = 5.06277e-11
Dr_0_0 = 4.26831e-10
Dr_0_0_l_0 = 3.46639e-10
Dr_0_0_l_0_0 = 2.79765e-10
Dr_0_0_l_0_0_0 = 2.40384e-10
Dr_0_0_l_0_0_0_0 = 2.05205e-10
Dr_0_0_l_0_0_0_0_0 = 1.76767e-10
Dr_0_0_l_0_0_0_0_0_0 = 1.49015e-10
Hl_0_0 = 2.08224e-05
Hl_0_0_l_0 = 1.58355e-05
Hl_0_0_l_0_0 = 1.39398e-05
Hl_0_0_l_0_0_0 = 1.16358e-05
Hl_0_0_l_0_0_0_0 = 1.08553e-05
Hl_0_0_l_0_0_0_0_0 = 9.1439e-06
Hr_0_0 = 9.99969e-05
I = 1
pi2_0_0_0_0 = 2.11724e-09
pi2_0_0_0_0_l_0 = 1.60202e-09
pi2_0_0_0_0_l_0_0 = 1.40552e-09
pi2_0_0_0_0_l_0_0_0 = 1.17228e-09
pi2_0_0_0_0_l_0_0_0_0 = 1.0903e-09
pi2_0_0_0_0_l_0_0_0_0_0 = 9.18306e-10
