DD_0_0 = 4.12142e-11
DD_0_0_l_0 = 4.60329e-11
DD_0_0_l_0_0 = 3.44731e-11
DD_0_0_l_0_0_0 = 3.21361e-11
DD_0_0_l_0_0_0_0 = 2.56912e-11
DD_0_0_l_0_0_0_0_0 = 2.39072e-11
DD_0_0_l_0_0_0_0_0_0 = 1.96795e-11
DD_0_0_l_0_0_0_0_0_0_0 = 1.85858e-11
DD_0_0_l_0_0_0_0_0_0_0_0 = 1.54797e-11
DD_0_0_l_0_0_0_0_0_0_0_0_0 = 1.49583e-11
DD_0_0_l_0_0_0_0_0_0_0_0_0_0 = 1.24005e-11
Dr_0_0 = 4.82302e-11
Dr_0_0_l_0 = 6.79546e-11
Dr_0_0_l_0_0 = 6.57857e-11
Dr_0_0_l_0_0_0 = 6.29545e-11
Dr_0_0_l_0_0_0_0 = 5.96583e-11
Dr_0_0_l_0_0_0_0_0 = 5.55828e-11
Dr_0_0_l_0_0_0_0_0_0 = 5.24124e-11
Dr_0_0_l_0_0_0_0_0_0_0 = 4.89305e-11
Dr_0_0_l_0_0_0_0_0_0_0_0 = 4.58871e-11
Dr_0_0_l_0_0_0_0_0_0_0_0_0 = 4.3446e-11
Dr_0_0_l_0_0_0_0_0_0_0_0_0_0 = 4.01144e-11
Dr_0_0_l_0_0_0_0_0_0_0_0_0_0_0 = 3.71684e-11
Hl_0_0 = 9.63273e-06
Hl_0_0_l_0 = 9.03672e-06
Hl_0_0_l_0_0 = 8.07018e-06
Hl_0_0_l_0_0_0 = 7.57883e-06
Hl_0_0_l_0_0_0_0 = 6.89482e-06
Hl_0_0_l_0_0_0_0_0 = 6.55232e-06
Hl_0_0_l_0_0_0_0_0_0 = 6.01577e-06
Hl_0_0_l_0_0_0_0_0_0_0 = 5.7885e-06
Hl_0_0_l_0_0_0_0_0_0_0_0 = 5.32782e-06
Hl_0_0_l_0_0_0_0_0_0_0_0_0 = 5.20432e-06
Hl_0_0_l_0_0_0_0_0_0_0_0_0_0 = 4.76151e-06
Hr_0_0 = 9.99985e-05
I = 1
pi2_0_0_0_0 = 9.76384e-10
pi2_0_0_0_0_l_0 = 9.12207e-10
pi2_0_0_0_0_l_0_0 = 8.13231e-10
pi2_0_0_0_0_l_0_0_0 = 7.62749e-10
pi2_0_0_0_0_l_0_0_0_0 = 6.93362e-10
pi2_0_0_0_0_l_0_0_0_0_0 = 6.58396e-10
pi2_0_0_0_0_l_0_0_0_0_0_0 = 6.04246e-10
pi2_0_0_0_0_l_0_0_0_0_0_0_0 = 5.81052e-10
pi2_0_0_0_0_l_0_0_0_0_0_0_0_0 = 5.34725e-10
pi2_0_0_0_0_l_0_0_0_0_0_0_0_0_0 = 5.22036e-10
pi2_0_0_0_0_l_0_0_0_0_0_0_0_0_0_0 = 4.77514e-10
