D^2   = 5.548644360451396e-07
Dz    = 4.4380268932665524e-07
pi(A) = 0.0020000000000000018
pi(B) = 0.002000000000000014
pi2   = 1.2219013446633063e-06
