DD_0_0 = 1.02941e-10
DD_0_0_l_0 = 4.63017e-11
DD_0_0_l_0_0 = 4.75135e-11
DD_0_0_l_0_0_0 = 3.16361e-11
DD_0_0_l_0_0_0_0 = 3.16483e-11
DD_0_0_l_0_0_0_0_0 = 2.31712e-11
Dr_0_0 = 2.27461e-10
Dr_0_0_l_0 = 1.37415e-10
Dr_0_0_l_0_0 = 1.19107e-10
Dr_0_0_l_0_0_0 = 9.84084e-11
Dr_0_0_l_0_0_0_0 = 8.87913e-11
Dr_0_0_l_0_0_0_0_0 = 7.70508e-11
Dr_0_0_l_0_0_0_0_0_0 = 6.6603e-11
Hl_0_0 = 1.12258e-05
Hl_0_0_l_0 = 8.87741e-06
Hl_0_0_l_0_0 = 8.63306e-06
Hl_0_0_l_0_0_0 = 7.40996e-06
Hl_0_0_l_0_0_0_0 = 7.28098e-06
Hl_0_0_l_0_0_0_0_0 = 6.35922e-06
Hr_0_0 = 9.99967e-05
I = 1
pi2_0_0_0_0 = 1.09945e-09
pi2_0_0_0_0_l_0 = 8.78976e-10
pi2_0_0_0_0_l_0_0 = 8.5573e-10
pi2_0_0_0_0_l_0_0_0 = 7.37266e-10
pi2_0_0_0_0_l_0_0_0_0 = 7.23721e-10
pi2_0_0_0_0_l_0_0_0_0_0 = 6.33534e-10
