DD_0_0 = 1.14403e-10
DD_0_0_l_0 = 1.57583e-10
DD_0_0_l_0_0 = 8.64488e-11
Dr_0_0 = 1.21286e-10
Dr_0_0_l_0 = 1.5579e-10
Dr_0_0_l_0_0 = 2.07476e-10
Dr_0_0_l_0_0_0 = 1.60147e-10
Hl_0_0 = 1.73386e-05
Hl_0_0_l_0 = 1.65322e-05
Hl_0_0_l_0_0 = 1.24998e-05
Hr_0_0 = 9.99984e-05
I = 1
pi2_0_0_0_0 = 1.76545e-09
pi2_0_0_0_0_l_0 = 1.69324e-09
pi2_0_0_0_0_l_0_0 = 1.27326e-09
