DD_0_0 = 1.41302e-11
DD_0_0_l_0 = 4.24502e-11
DD_0_0_l_0_0 = 3.01116e-11
Dr_0_0 = 3.155e-12
Dr_0_0_l_0 = 2.73105e-11
Dr_0_0_l_0_0 = 5.22956e-11
Dr_0_0_l_0_0_0 = 4.94425e-11
Hl_0_0 = 8.56304e-06
Hl_0_0_l_0 = 9.14369e-06
Hl_0_0_l_0_0 = 7.69222e-06
Hr_0_0 = 9.9999e-05
I = 1
pi2_0_0_0_0 = 8.64321e-10
pi2_0_0_0_0_l_0 = 9.2776e-10
pi2_0_0_0_0_l_0_0 = 7.77121e-10
