DD_0_0 = 4.12126e-11
DD_0_0_l_0 = 4.59916e-11
DD_0_0_l_0_0 = 3.44475e-11
DD_0_0_l_0_0_0 = 3.21088e-11
DD_0_0_l_0_0_0_0 = 2.56718e-11
DD_0_0_l_0_0_0_0_0 = 2.38882e-11
DD_0_0_l_0_0_0_0_0_0 = 1.96654e-11
DD_0_0_l_0_0_0_0_0_0_0 = 1.85723e-11
DD_0_0_l_0_0_0_0_0_0_0_0 = 1.54691e-11
DD_0_0_l_0_0_0_0_0_0_0_0_0 = 1.49481e-11
DD_0_0_l_0_0_0_0_0_0_0_0_0_0 = 1.23925e-11
Dr_0_0 = 4.82596e-11
Dr_0_0_l_0 = 6.78993e-11
Dr_0_0_l_0_0 = 6.57173e-11
Dr_0_0_l_0_0_0 = 6.28837e-11
Dr_0_0_l_0_0_0_0 = 5.95879e-11
Dr_0_0_l_0_0_0_0_0 = 5.55165e-11
Dr_0_0_l_0_0_0_0_0_0 = 5.23492e-11
Dr_0_0_l_0_0_0_0_0_0_0 = 4.88717e-11
Dr_0_0_l_0_0_0_0_0_0_0_0 = 4.58321e-11
Dr_0_0_l_0_0_0_0_0_0_0_0_0 = 4.33941e-11
Dr_0_0_l_0_0_0_0_0_0_0_0_0_0 = 4.00671e-11
Dr_0_0_l_0_0_0_0_0_0_0_0_0_0_0 = 3.71249e-11
Hl_0_0 = 9.63272e-06
Hl_0_0_l_0 = 9.03672e-06
Hl_0_0_l_0_0 = 8.07018e-06
Hl_0_0_l_0_0_0 = 7.57883e-06
Hl_0_0_l_0_0_0_0 = 6.89482e-06
Hl_0_0_l_0_0_0_0_0 = 6.55232e-06
Hl_0_0_l_0_0_0_0_0_0 = 6.01577e-06
Hl_0_0_l_0_0_0_0_0_0_0 = 5.7885e-06
Hl_0_0_l_0_0_0_0_0_0_0_0 = 5.32782e-06
Hl_0_0_l_0_0_0_0_0_0_0_0_0 = 5.20432e-06
Hl_0_0_l_0_0_0_0_0_0_0_0_0_0 = 4.76151e-06
Hr_0_0 = 9.99985e-05
I = 1
pi2_0_0_0_0 = 9.76349e-10
pi2_0_0_0_0_l_0 = 9.12184e-10
pi2_0_0_0_0_l_0_0 = 8.13215e-10
pi2_0_0_0_0_l_0_0_0 = 7.62737e-10
pi2_0_0_0_0_l_0_0_0_0 = 6.93353e-10
pi2_0_0_0_0_l_0_0_0_0_0 = 6.58388e-10
pi2_0_0_0_0_l_0_0_0_0_0_0 = 6.0424e-10
pi2_0_0_0_0_l_0_0_0_0_0_0_0 = 5.81047e-10
pi2_0_0_0_0_l_0_0_0_0_0_0_0_0 = 5.3472e-10
pi2_0_0_0_0_l_0_0_0_0_0_0_0_0_0 = 5.22032e-10
pi2_0_0_0_0_l_0_0_0_0_0_0_0_0_0_0 = 4.77511e-10
