DD_0_0 = 5.37656e-11
DD_0_0_l_0 = 4.63569e-11
DD_0_0_l_0_0 = 3.69985e-11
DD_0_0_l_0_0_0 = 3.21972e-11
DD_0_0_l_0_0_0_0 = 2.68302e-11
DD_0_0_l_0_0_0_0_0 = 2.37877e-11
DD_0_0_l_0_0_0_0_0_0 = 2.04624e-11
DD_0_0_l_0_0_0_0_0_0_0 = 1.83279e-11
DD_0_0_l_0_0_0_0_0_0_0_0 = 1.6134e-11
DD_0_0_l_0_0_0_0_0_0_0_0_0 = 1.4613e-11
DD_0_0_l_0_0_0_0_0_0_0_0_0_0 = 1.30294e-11
DD_0_0_l_0_0_0_0_0_0_0_0_0_0_0 = 1.19516e-11
DD_0_0_l_0_0_0_0_0_0_0_0_0_0_0_0 = 1.0746e-11
DD_0_0_l_0_0_0_0_0_0_0_0_0_0_0_0_0 = 9.95594e-12
DD_0_0_l_0_0_0_0_0_0_0_0_0_0_0_0_0_0 = 9.02548e-12
DD_0_0_l_0_0_0_0_0_0_0_0_0_0_0_0_0_0_0 = 8.41892e-12
DD_0_0_l_0_0_0_0_0_0_0_0_0_0_0_0_0_0_0_0 = 7.68956e-12
DD_0_0_l_0_0_0_0_0_0_0_0_0_0_0_0_0_0_0_0_0 = 7.21967e-12
DD_0_0_l_0_0_0_0_0_0_0_0_0_0_0_0_0_0_0_0_0_0 = 6.61484e-12
DD_0_0_l_0_0_0_0_0_0_0_0_0_0_0_0_0_0_0_0_0_0_0 = 6.29372e-12
DD_0_0_l_0_0_0_0_0_0_0_0_0_0_0_0_0_0_0_0_0_0_0_0 = 5.68052e-12
Dr_0_0 = 8.24325e-11
Dr_0_0_l_0 = 8.27216e-11
Dr_0_0_l_0_0 = 7.59779e-11
Dr_0_0_l_0_0_0 = 7.0605e-11
Dr_0_0_l_0_0_0_0 = 6.5111e-11
Dr_0_0_l_0_0_0_0_0 = 6.03789e-11
Dr_0_0_l_0_0_0_0_0_0 = 5.5953e-11
Dr_0_0_l_0_0_0_0_0_0_0 = 5.21675e-11
Dr_0_0_l_0_0_0_0_0_0_0_0 = 4.85672e-11
Dr_0_0_l_0_0_0_0_0_0_0_0_0 = 4.55302e-11
Dr_0_0_l_0_0_0_0_0_0_0_0_0_0 = 4.26124e-11
Dr_0_0_l_0_0_0_0_0_0_0_0_0_0_0 = 4.01056e-11
Dr_0_0_l_0_0_0_0_0_0_0_0_0_0_0_0 = 3.77488e-11
Dr_0_0_l_0_0_0_0_0_0_0_0_0_0_0_0_0 = 3.56314e-11
Dr_0_0_l_0_0_0_0_0_0_0_0_0_0_0_0_0_0 = 3.37127e-11
Dr_0_0_l_0_0_0_0_0_0_0_0_0_0_0_0_0_0_0 = 3.19108e-11
Dr_0_0_l_0_0_0_0_0_0_0_0_0_0_0_0_0_0_0_0 = 3.03097e-11
Dr_0_0_l_0_0_0_0_0_0_0_0_0_0_0_0_0_0_0_0_0 = 2.88019e-11
Dr_0_0_l_0_0_0_0_0_0_0_0_0_0_0_0_0_0_0_0_0_0 = 2.7375e-11
Dr_0_0_l_0_0_0_0_0_0_0_0_0_0_0_0_0_0_0_0_0_0_0 = 2.62525e-11
Dr_0_0_l_0_0_0_0_0_0_0_0_0_0_0_0_0_0_0_0_0_0_0_0 = 2.46521e-11
Dr_0_0_l_0_0_0_0_0_0_0_0_0_0_0_0_0_0_0_0_0_0_0_0_0 = 2.34927e-11
Hl_0_0 = 9.99876e-06
Hl_0_0_l_0 = 9.00012e-06
Hl_0_0_l_0_0 = 8.19951e-06
Hl_0_0_l_0_0_0 = 7.54003e-06
Hl_0_0_l_0_0_0_0 = 6.98355e-06
Hl_0_0_l_0_0_0_0_0 = 6.50795e-06
Hl_0_0_l_0_0_0_0_0_0 = 6.09469e-06
Hl_0_0_l_0_0_0_0_0_0_0 = 5.73326e-06
Hl_0_0_l_0_0_0_0_0_0_0_0 = 5.4127e-06
Hl_0_0_l_0_0_0_0_0_0_0_0_0 = 5.12792e-06
Hl_0_0_l_0_0_0_0_0_0_0_0_0_0 = 4.87121e-06
Hl_0_0_l_0_0_0_0_0_0_0_0_0_0_0 = 4.64081e-06
Hl_0_0_l_0_0_0_0_0_0_0_0_0_0_0_0 = 4.42998e-06
Hl_0_0_l_0_0_0_0_0_0_0_0_0_0_0_0_0 = 4.23997e-06
Hl_0_0_l_0_0_0_0_0_0_0_0_0_0_0_0_0_0 = 4.0628e-06
Hl_0_0_l_0_0_0_0_0_0_0_0_0_0_0_0_0_0_0 = 3.90454e-06
Hl_0_0_l_0_0_0_0_0_0_0_0_0_0_0_0_0_0_0_0 = 3.7513e-06
Hl_0_0_l_0_0_0_0_0_0_0_0_0_0_0_0_0_0_0_0_0 = 3.62133e-06
Hl_0_0_l_0_0_0_0_0_0_0_0_0_0_0_0_0_0_0_0_0_0 = 3.47995e-06
Hl_0_0_l_0_0_0_0_0_0_0_0_0_0_0_0_0_0_0_0_0_0_0 = 3.38643e-06
Hl_0_0_l_0_0_0_0_0_0_0_0_0_0_0_0_0_0_0_0_0_0_0_0 = 3.22524e-06
Hr_0_0 = 9.99982e-05
I = 1
pi2_0_0_0_0 = 1.00674e-09
pi2_0_0_0_0_l_0 = 9.05265e-10
pi2_0_0_0_0_l_0_0 = 8.23644e-10
pi2_0_0_0_0_l_0_0_0 = 7.57243e-10
pi2_0_0_0_0_l_0_0_0_0 = 7.00673e-10
pi2_0_0_0_0_l_0_0_0_0_0 = 6.53027e-10
pi2_0_0_0_0_l_0_0_0_0_0_0 = 6.11001e-10
pi2_0_0_0_0_l_0_0_0_0_0_0_0 = 5.74948e-10
pi2_0_0_0_0_l_0_0_0_0_0_0_0_0 = 5.42341e-10
pi2_0_0_0_0_l_0_0_0_0_0_0_0_0_0 = 5.13992e-10
pi2_0_0_0_0_l_0_0_0_0_0_0_0_0_0_0 = 4.87909e-10
pi2_0_0_0_0_l_0_0_0_0_0_0_0_0_0_0_0 = 4.64985e-10
pi2_0_0_0_0_l_0_0_0_0_0_0_0_0_0_0_0_0 = 4.43593e-10
pi2_0_0_0_0_l_0_0_0_0_0_0_0_0_0_0_0_0_0 = 4.24692e-10
pi2_0_0_0_0_l_0_0_0_0_0_0_0_0_0_0_0_0_0_0 = 4.06739e-10
pi2_0_0_0_0_l_0_0_0_0_0_0_0_0_0_0_0_0_0_0_0 = 3.90994e-10
pi2_0_0_0_0_l_0_0_0_0_0_0_0_0_0_0_0_0_0_0_0_0 = 3.75494e-10
pi2_0_0_0_0_l_0_0_0_0_0_0_0_0_0_0_0_0_0_0_0_0_0 = 3.6255e-10
pi2_0_0_0_0_l_0_0_0_0_0_0_0_0_0_0_0_0_0_0_0_0_0_0 = 3.48299e-10
pi2_0_0_0_0_l_0_0_0_0_0_0_0_0_0_0_0_0_0_0_0_0_0_0_0 = 3.38956e-10
pi2_0_0_0_0_l_0_0_0_0_0_0_0_0_0_0_0_0_0_0_0_0_0_0_0_0 = 3.22771e-10
