DD_0_0 = 4.11883e-11
DD_0_0_l_0 = 4.55798e-11
DD_0_0_l_0_0 = 3.41938e-11
DD_0_0_l_0_0_0 = 3.18387e-11
DD_0_0_l_0_0_0_0 = 2.54799e-11
DD_0_0_l_0_0_0_0_0 = 2.37019e-11
DD_0_0_l_0_0_0_0_0_0 = 1.95251e-11
DD_0_0_l_0_0_0_0_0_0_0 = 1.84375e-11
DD_0_0_l_0_0_0_0_0_0_0_0 = 1.5365e-11
DD_0_0_l_0_0_0_0_0_0_0_0_0 = 1.48468e-11
DD_0_0_l_0_0_0_0_0_0_0_0_0_0 = 1.23139e-11
Dr_0_0 = 4.85192e-11
Dr_0_0_l_0 = 6.73354e-11
Dr_0_0_l_0_0 = 6.50325e-11
Dr_0_0_l_0_0_0 = 6.21783e-11
Dr_0_0_l_0_0_0_0 = 5.88865e-11
Dr_0_0_l_0_0_0_0_0 = 5.48582e-11
Dr_0_0_l_0_0_0_0_0_0 = 5.17222e-11
Dr_0_0_l_0_0_0_0_0_0_0 = 4.82868e-11
Dr_0_0_l_0_0_0_0_0_0_0_0 = 4.52876e-11
Dr_0_0_l_0_0_0_0_0_0_0_0_0 = 4.28777e-11
Dr_0_0_l_0_0_0_0_0_0_0_0_0_0 = 3.95987e-11
Dr_0_0_l_0_0_0_0_0_0_0_0_0_0_0 = 3.6694e-11
Hl_0_0 = 9.63273e-06
Hl_0_0_l_0 = 9.03672e-06
Hl_0_0_l_0_0 = 8.07018e-06
Hl_0_0_l_0_0_0 = 7.57883e-06
Hl_0_0_l_0_0_0_0 = 6.89482e-06
Hl_0_0_l_0_0_0_0_0 = 6.55232e-06
Hl_0_0_l_0_0_0_0_0_0 = 6.01577e-06
Hl_0_0_l_0_0_0_0_0_0_0 = 5.7885e-06
Hl_0_0_l_0_0_0_0_0_0_0_0 = 5.32782e-06
Hl_0_0_l_0_0_0_0_0_0_0_0_0 = 5.20432e-06
Hl_0_0_l_0_0_0_0_0_0_0_0_0_0 = 4.76151e-06
Hr_0_0 = 9.99985e-05
I = 1
pi2_0_0_0_0 = 9.76006e-10
pi2_0_0_0_0_l_0 = 9.11961e-10
pi2_0_0_0_0_l_0_0 = 8.1306e-10
pi2_0_0_0_0_l_0_0_0 = 7.62618e-10
pi2_0_0_0_0_l_0_0_0_0 = 6.93261e-10
pi2_0_0_0_0_l_0_0_0_0_0 = 6.58314e-10
pi2_0_0_0_0_l_0_0_0_0_0_0 = 6.0418e-10
pi2_0_0_0_0_l_0_0_0_0_0_0_0 = 5.80997e-10
pi2_0_0_0_0_l_0_0_0_0_0_0_0_0 = 5.34678e-10
pi2_0_0_0_0_l_0_0_0_0_0_0_0_0_0 = 5.21996e-10
pi2_0_0_0_0_l_0_0_0_0_0_0_0_0_0_0 = 4.77482e-10
