DD_0_0 = 3.2816e-11
DD_0_0_l_0 = 5.02065e-11
DD_0_0_l_0_0 = 3.0449e-11
DD_0_0_l_0_0_0 = 3.4732e-11
DD_0_0_l_0_0_0_0 = 2.33077e-11
DD_0_0_l_0_0_0_0_0 = 2.5565e-11
DD_0_0_l_0_0_0_0_0_0 = 1.80033e-11
DD_0_0_l_0_0_0_0_0_0_0 = 1.9801e-11
DD_0_0_l_0_0_0_0_0_0_0_0 = 1.43401e-11
DD_0_0_l_0_0_0_0_0_0_0_0_0 = 1.56079e-11
DD_0_0_l_0_0_0_0_0_0_0_0_0_0 = 1.19441e-11
DD_0_0_l_0_0_0_0_0_0_0_0_0_0_0 = 1.24211e-11
DD_0_0_l_0_0_0_0_0_0_0_0_0_0_0_0 = 1.02022e-11
DD_0_0_l_0_0_0_0_0_0_0_0_0_0_0_0_0 = 1.0097e-11
DD_0_0_l_0_0_0_0_0_0_0_0_0_0_0_0_0_0 = 8.76795e-12
DD_0_0_l_0_0_0_0_0_0_0_0_0_0_0_0_0_0_0 = 8.42544e-12
DD_0_0_l_0_0_0_0_0_0_0_0_0_0_0_0_0_0_0_0 = 7.55223e-12
DD_0_0_l_0_0_0_0_0_0_0_0_0_0_0_0_0_0_0_0_0 = 7.18806e-12
DD_0_0_l_0_0_0_0_0_0_0_0_0_0_0_0_0_0_0_0_0_0 = 6.52736e-12
DD_0_0_l_0_0_0_0_0_0_0_0_0_0_0_0_0_0_0_0_0_0_0 = 6.25375e-12
DD_0_0_l_0_0_0_0_0_0_0_0_0_0_0_0_0_0_0_0_0_0_0_0 = 5.62418e-12
Dr_0_0 = 1.91968e-11
Dr_0_0_l_0 = 6.05998e-11
Dr_0_0_l_0_0 = 6.11439e-11
Dr_0_0_l_0_0_0 = 5.73734e-11
Dr_0_0_l_0_0_0_0 = 5.81863e-11
Dr_0_0_l_0_0_0_0_0 = 5.16461e-11
Dr_0_0_l_0_0_0_0_0_0 = 5.17548e-11
Dr_0_0_l_0_0_0_0_0_0_0 = 4.57859e-11
Dr_0_0_l_0_0_0_0_0_0_0_0 = 4.58459e-11
Dr_0_0_l_0_0_0_0_0_0_0_0_0 = 4.05733e-11
Dr_0_0_l_0_0_0_0_0_0_0_0_0_0 = 4.06416e-11
Dr_0_0_l_0_0_0_0_0_0_0_0_0_0_0 = 3.62623e-11
Dr_0_0_l_0_0_0_0_0_0_0_0_0_0_0_0 = 3.6107e-11
Dr_0_0_l_0_0_0_0_0_0_0_0_0_0_0_0_0 = 3.26611e-11
Dr_0_0_l_0_0_0_0_0_0_0_0_0_0_0_0_0_0 = 3.22599e-11
Dr_0_0_l_0_0_0_0_0_0_0_0_0_0_0_0_0_0_0 = 2.95686e-11
Dr_0_0_l_0_0_0_0_0_0_0_0_0_0_0_0_0_0_0_0 = 2.9018e-11
Dr_0_0_l_0_0_0_0_0_0_0_0_0_0_0_0_0_0_0_0_0 = 2.69059e-11
Dr_0_0_l_0_0_0_0_0_0_0_0_0_0_0_0_0_0_0_0_0_0 = 2.62178e-11
Dr_0_0_l_0_0_0_0_0_0_0_0_0_0_0_0_0_0_0_0_0_0_0 = 2.47119e-11
Dr_0_0_l_0_0_0_0_0_0_0_0_0_0_0_0_0_0_0_0_0_0_0_0 = 2.35435e-11
Dr_0_0_l_0_0_0_0_0_0_0_0_0_0_0_0_0_0_0_0_0_0_0_0_0 = 2.22823e-11
Hl_0_0 = 9.99877e-06
Hl_0_0_l_0 = 9.00011e-06
Hl_0_0_l_0_0 = 8.19951e-06
Hl_0_0_l_0_0_0 = 7.54003e-06
Hl_0_0_l_0_0_0_0 = 6.98355e-06
Hl_0_0_l_0_0_0_0_0 = 6.50795e-06
Hl_0_0_l_0_0_0_0_0_0 = 6.09469e-06
Hl_0_0_l_0_0_0_0_0_0_0 = 5.73326e-06
Hl_0_0_l_0_0_0_0_0_0_0_0 = 5.4127e-06
Hl_0_0_l_0_0_0_0_0_0_0_0_0 = 5.12792e-06
Hl_0_0_l_0_0_0_0_0_0_0_0_0_0 = 4.87121e-06
Hl_0_0_l_0_0_0_0_0_0_0_0_0_0_0 = 4.64081e-06
Hl_0_0_l_0_0_0_0_0_0_0_0_0_0_0_0 = 4.42998e-06
Hl_0_0_l_0_0_0_0_0_0_0_0_0_0_0_0_0 = 4.23997e-06
Hl_0_0_l_0_0_0_0_0_0_0_0_0_0_0_0_0_0 = 4.0628e-06
Hl_0_0_l_0_0_0_0_0_0_0_0_0_0_0_0_0_0_0 = 3.90454e-06
Hl_0_0_l_0_0_0_0_0_0_0_0_0_0_0_0_0_0_0_0 = 3.75129e-06
Hl_0_0_l_0_0_0_0_0_0_0_0_0_0_0_0_0_0_0_0_0 = 3.62133e-06
Hl_0_0_l_0_0_0_0_0_0_0_0_0_0_0_0_0_0_0_0_0_0 = 3.47995e-06
Hl_0_0_l_0_0_0_0_0_0_0_0_0_0_0_0_0_0_0_0_0_0_0 = 3.38643e-06
Hl_0_0_l_0_0_0_0_0_0_0_0_0_0_0_0_0_0_0_0_0_0_0_0 = 3.22524e-06
Hr_0_0 = 9.99988e-05
I = 1
pi2_0_0_0_0 = 1.02365e-09
pi2_0_0_0_0_l_0 = 9.1216e-10
pi2_0_0_0_0_l_0_0 = 8.29382e-10
pi2_0_0_0_0_l_0_0_0 = 7.60373e-10
pi2_0_0_0_0_l_0_0_0_0 = 7.04016e-10
pi2_0_0_0_0_l_0_0_0_0_0 = 6.55026e-10
pi2_0_0_0_0_l_0_0_0_0_0_0 = 6.13002e-10
pi2_0_0_0_0_l_0_0_0_0_0_0_0 = 5.76468e-10
pi2_0_0_0_0_l_0_0_0_0_0_0_0_0 = 5.43763e-10
pi2_0_0_0_0_l_0_0_0_0_0_0_0_0_0 = 5.14964e-10
pi2_0_0_0_0_l_0_0_0_0_0_0_0_0_0_0 = 4.89222e-10
pi2_0_0_0_0_l_0_0_0_0_0_0_0_0_0_0_0 = 4.65472e-10
pi2_0_0_0_0_l_0_0_0_0_0_0_0_0_0_0_0_0 = 4.44845e-10
pi2_0_0_0_0_l_0_0_0_0_0_0_0_0_0_0_0_0_0 = 4.2492e-10
pi2_0_0_0_0_l_0_0_0_0_0_0_0_0_0_0_0_0_0_0 = 4.0784e-10
pi2_0_0_0_0_l_0_0_0_0_0_0_0_0_0_0_0_0_0_0_0 = 3.91143e-10
pi2_0_0_0_0_l_0_0_0_0_0_0_0_0_0_0_0_0_0_0_0_0 = 3.76401e-10
pi2_0_0_0_0_l_0_0_0_0_0_0_0_0_0_0_0_0_0_0_0_0_0 = 3.62703e-10
pi2_0_0_0_0_l_0_0_0_0_0_0_0_0_0_0_0_0_0_0_0_0_0_0 = 3.4901e-10
pi2_0_0_0_0_l_0_0_0_0_0_0_0_0_0_0_0_0_0_0_0_0_0_0_0 = 3.39165e-10
pi2_0_0_0_0_l_0_0_0_0_0_0_0_0_0_0_0_0_0_0_0_0_0_0_0_0 = 3.23234e-10
