DD_0_0 = 2.47715e-10
DD_0_0_l_0 = 1.53668e-10
DD_0_0_l_0_0 = 1.10632e-10
DD_0_0_l_0_0_0 = 8.35574e-11
DD_0_0_l_0_0_0_0 = 6.57249e-11
DD_0_0_l_0_0_0_0_0 = 5.32638e-11
DD_0_0_l_0_0_0_0_0_0 = 4.38779e-11
DD_0_0_l_0_0_0_0_0_0_0 = 3.71416e-11
DD_0_0_l_0_0_0_0_0_0_0_0 = 3.13125e-11
DD_0_0_l_0_0_0_0_0_0_0_0_0 = 2.77001e-11
DD_0_0_l_0_0_0_0_0_0_0_0_0_0 = 2.28434e-11
Dr_0_0 = 3.26171e-10
Dr_0_0_l_0 = 2.93199e-10
Dr_0_0_l_0_0 = 2.46342e-10
Dr_0_0_l_0_0_0 = 2.13238e-10
Dr_0_0_l_0_0_0_0 = 1.84805e-10
Dr_0_0_l_0_0_0_0_0 = 1.62956e-10
Dr_0_0_l_0_0_0_0_0_0 = 1.44297e-10
Dr_0_0_l_0_0_0_0_0_0_0 = 1.29505e-10
Dr_0_0_l_0_0_0_0_0_0_0_0 = 1.16137e-10
Dr_0_0_l_0_0_0_0_0_0_0_0_0 = 1.06478e-10
Dr_0_0_l_0_0_0_0_0_0_0_0_0_0 = 9.45275e-11
Dr_0_0_l_0_0_0_0_0_0_0_0_0_0_0 = 8.60518e-11
Hl_0_0 = 1.99689e-05
Hl_0_0_l_0 = 1.60062e-05
Hl_0_0_l_0_0 = 1.3587e-05
Hl_0_0_l_0_0_0 = 1.18475e-05
Hl_0_0_l_0_0_0_0 = 1.05152e-05
Hl_0_0_l_0_0_0_0_0 = 9.48399e-06
Hl_0_0_l_0_0_0_0_0_0 = 8.6138e-06
Hl_0_0_l_0_0_0_0_0_0_0 = 7.93951e-06
Hl_0_0_l_0_0_0_0_0_0_0_0 = 7.29193e-06
Hl_0_0_l_0_0_0_0_0_0_0_0_0 = 6.87295e-06
Hl_0_0_l_0_0_0_0_0_0_0_0_0_0 = 6.24942e-06
Hr_0_0 = 9.99974e-05
I = 1
pi2_0_0_0_0 = 2.03607e-09
pi2_0_0_0_0_l_0 = 1.62355e-09
pi2_0_0_0_0_l_0_0 = 1.37367e-09
pi2_0_0_0_0_l_0_0_0 = 1.19524e-09
pi2_0_0_0_0_l_0_0_0_0 = 1.05911e-09
pi2_0_0_0_0_l_0_0_0_0_0 = 9.54047e-10
pi2_0_0_0_0_l_0_0_0_0_0_0 = 8.6574e-10
pi2_0_0_0_0_l_0_0_0_0_0_0_0 = 7.97229e-10
pi2_0_0_0_0_l_0_0_0_0_0_0_0_0 = 7.31947e-10
pi2_0_0_0_0_l_0_0_0_0_0_0_0_0_0 = 6.8921e-10
pi2_0_0_0_0_l_0_0_0_0_0_0_0_0_0_0 = 6.26543e-10
