D^2   = 5.588092869490917e-09
Dz    = 8.436517409609411e-09
pi(A) = 0.00019933600945674926
pi(B) = 0.0020000000000000126
pi2   = 9.990694972859084e-08
