DD_0_0 = 1.00669e-10
DD_0_0_l_0 = 4.5574e-11
DD_0_0_l_0_0 = 4.68124e-11
DD_0_0_l_0_0_0 = 3.12435e-11
DD_0_0_l_0_0_0_0 = 3.12662e-11
DD_0_0_l_0_0_0_0_0 = 2.29279e-11
Dr_0_0 = 2.19881e-10
Dr_0_0_l_0 = 1.33173e-10
Dr_0_0_l_0_0 = 1.15622e-10
Dr_0_0_l_0_0_0 = 9.57916e-11
Dr_0_0_l_0_0_0_0 = 8.64528e-11
Dr_0_0_l_0_0_0_0_0 = 7.52118e-11
Dr_0_0_l_0_0_0_0_0_0 = 6.50774e-11
Hl_0_0 = 1.12258e-05
Hl_0_0_l_0 = 8.87741e-06
Hl_0_0_l_0_0 = 8.63306e-06
Hl_0_0_l_0_0_0 = 7.40996e-06
Hl_0_0_l_0_0_0_0 = 7.28098e-06
Hl_0_0_l_0_0_0_0_0 = 6.35922e-06
Hr_0_0 = 9.99968e-05
I = 1
pi2_0_0_0_0 = 1.10039e-09
pi2_0_0_0_0_l_0 = 8.79387e-10
pi2_0_0_0_0_l_0_0 = 8.56111e-10
pi2_0_0_0_0_l_0_0_0 = 7.37479e-10
pi2_0_0_0_0_l_0_0_0_0 = 7.23957e-10
pi2_0_0_0_0_l_0_0_0_0_0 = 6.33685e-10
