DD_0_0 = 1.83682e-11
DD_0_0_l_0 = 4.01812e-11
DD_0_0_l_0_0 = 2.82301e-11
Dr_0_0 = 1.2878e-11
Dr_0_0_l_0 = 3.15849e-11
Dr_0_0_l_0_0 = 5.01289e-11
Dr_0_0_l_0_0_0 = 4.60521e-11
Hl_0_0 = 8.56304e-06
Hl_0_0_l_0 = 9.14369e-06
Hl_0_0_l_0_0 = 7.69222e-06
Hr_0_0 = 9.99989e-05
I = 1
pi2_0_0_0_0 = 8.63818e-10
pi2_0_0_0_0_l_0 = 9.25314e-10
pi2_0_0_0_0_l_0_0 = 7.75786e-10
