DD_0_0 = 4.00927e-11
DD_0_0_l_0 = 4.16871e-11
DD_0_0_l_0_0 = 3.17418e-11
DD_0_0_l_0_0_0 = 2.93231e-11
DD_0_0_l_0_0_0_0 = 2.36749e-11
DD_0_0_l_0_0_0_0_0 = 2.1972e-11
DD_0_0_l_0_0_0_0_0_0 = 1.82158e-11
DD_0_0_l_0_0_0_0_0_0_0 = 1.71875e-11
DD_0_0_l_0_0_0_0_0_0_0_0 = 1.43952e-11
DD_0_0_l_0_0_0_0_0_0_0_0_0 = 1.3906e-11
DD_0_0_l_0_0_0_0_0_0_0_0_0_0 = 1.15821e-11
Dr_0_0 = 4.82262e-11
Dr_0_0_l_0 = 6.08941e-11
Dr_0_0_l_0_0 = 5.79886e-11
Dr_0_0_l_0_0_0 = 5.51773e-11
Dr_0_0_l_0_0_0_0 = 5.20999e-11
Dr_0_0_l_0_0_0_0_0 = 4.85424e-11
Dr_0_0_l_0_0_0_0_0_0 = 4.57746e-11
Dr_0_0_l_0_0_0_0_0_0_0 = 4.27581e-11
Dr_0_0_l_0_0_0_0_0_0_0_0 = 4.01698e-11
Dr_0_0_l_0_0_0_0_0_0_0_0_0 = 3.8034e-11
Dr_0_0_l_0_0_0_0_0_0_0_0_0_0 = 3.52221e-11
Dr_0_0_l_0_0_0_0_0_0_0_0_0_0_0 = 3.26735e-11
Hl_0_0 = 9.63272e-06
Hl_0_0_l_0 = 9.03672e-06
Hl_0_0_l_0_0 = 8.07017e-06
Hl_0_0_l_0_0_0 = 7.57883e-06
Hl_0_0_l_0_0_0_0 = 6.89482e-06
Hl_0_0_l_0_0_0_0_0 = 6.55232e-06
Hl_0_0_l_0_0_0_0_0_0 = 6.01577e-06
Hl_0_0_l_0_0_0_0_0_0_0 = 5.7885e-06
Hl_0_0_l_0_0_0_0_0_0_0_0 = 5.32782e-06
Hl_0_0_l_0_0_0_0_0_0_0_0_0 = 5.20432e-06
Hl_0_0_l_0_0_0_0_0_0_0_0_0_0 = 4.76151e-06
Hr_0_0 = 9.99985e-05
I = 1
pi2_0_0_0_0 = 9.73239e-10
pi2_0_0_0_0_l_0 = 9.10181e-10
pi2_0_0_0_0_l_0_0 = 8.11824e-10
pi2_0_0_0_0_l_0_0_0 = 7.61676e-10
pi2_0_0_0_0_l_0_0_0_0 = 6.92532e-10
pi2_0_0_0_0_l_0_0_0_0_0 = 6.57733e-10
pi2_0_0_0_0_l_0_0_0_0_0_0 = 6.03701e-10
pi2_0_0_0_0_l_0_0_0_0_0_0_0 = 5.80607e-10
pi2_0_0_0_0_l_0_0_0_0_0_0_0_0 = 5.34344e-10
pi2_0_0_0_0_l_0_0_0_0_0_0_0_0_0 = 5.21719e-10
pi2_0_0_0_0_l_0_0_0_0_0_0_0_0_0_0 = 4.77255e-10
