DD_0_0 = 5.28415e-11
DD_0_0_l_0 = 4.0514e-11
DD_0_0_l_0_0 = 3.47383e-11
DD_0_0_l_0_0_0 = 2.85885e-11
DD_0_0_l_0_0_0_0 = 2.5078e-11
DD_0_0_l_0_0_0_0_0 = 2.15661e-11
DD_0_0_l_0_0_0_0_0_0 = 1.89624e-11
DD_0_0_l_0_0_0_0_0_0_0 = 1.69164e-11
DD_0_0_l_0_0_0_0_0_0_0_0 = 1.49615e-11
DD_0_0_l_0_0_0_0_0_0_0_0_0 = 1.35373e-11
DD_0_0_l_0_0_0_0_0_0_0_0_0_0 = 1.22149e-11
DD_0_0_l_0_0_0_0_0_0_0_0_0_0_0 = 1.10458e-11
DD_0_0_l_0_0_0_0_0_0_0_0_0_0_0_0 = 1.01751e-11
DD_0_0_l_0_0_0_0_0_0_0_0_0_0_0_0_0 = 9.20877e-12
DD_0_0_l_0_0_0_0_0_0_0_0_0_0_0_0_0_0 = 8.58484e-12
DD_0_0_l_0_0_0_0_0_0_0_0_0_0_0_0_0_0_0 = 7.82327e-12
DD_0_0_l_0_0_0_0_0_0_0_0_0_0_0_0_0_0_0_0 = 7.32232e-12
DD_0_0_l_0_0_0_0_0_0_0_0_0_0_0_0_0_0_0_0_0 = 6.7489e-12
DD_0_0_l_0_0_0_0_0_0_0_0_0_0_0_0_0_0_0_0_0_0 = 6.29838e-12
DD_0_0_l_0_0_0_0_0_0_0_0_0_0_0_0_0_0_0_0_0_0_0 = 5.9205e-12
DD_0_0_l_0_0_0_0_0_0_0_0_0_0_0_0_0_0_0_0_0_0_0_0 = 5.3988e-12
Dr_0_0 = 8.31117e-11
Dr_0_0_l_0 = 7.24476e-11
Dr_0_0_l_0_0 = 6.68182e-11
Dr_0_0_l_0_0_0 = 6.127e-11
Dr_0_0_l_0_0_0_0 = 5.64309e-11
Dr_0_0_l_0_0_0_0_0 = 5.23659e-11
Dr_0_0_l_0_0_0_0_0_0 = 4.85055e-11
Dr_0_0_l_0_0_0_0_0_0_0 = 4.52954e-11
Dr_0_0_l_0_0_0_0_0_0_0_0 = 4.22205e-11
Dr_0_0_l_0_0_0_0_0_0_0_0_0 = 3.96533e-11
Dr_0_0_l_0_0_0_0_0_0_0_0_0_0 = 3.71266e-11
Dr_0_0_l_0_0_0_0_0_0_0_0_0_0_0 = 3.50753e-11
Dr_0_0_l_0_0_0_0_0_0_0_0_0_0_0_0 = 3.29471e-11
Dr_0_0_l_0_0_0_0_0_0_0_0_0_0_0_0_0 = 3.12965e-11
Dr_0_0_l_0_0_0_0_0_0_0_0_0_0_0_0_0_0 = 2.94769e-11
Dr_0_0_l_0_0_0_0_0_0_0_0_0_0_0_0_0_0_0 = 2.81343e-11
Dr_0_0_l_0_0_0_0_0_0_0_0_0_0_0_0_0_0_0_0 = 2.65588e-11
Dr_0_0_l_0_0_0_0_0_0_0_0_0_0_0_0_0_0_0_0_0 = 2.54669e-11
Dr_0_0_l_0_0_0_0_0_0_0_0_0_0_0_0_0_0_0_0_0_0 = 2.40553e-11
Dr_0_0_l_0_0_0_0_0_0_0_0_0_0_0_0_0_0_0_0_0_0_0 = 2.32473e-11
Dr_0_0_l_0_0_0_0_0_0_0_0_0_0_0_0_0_0_0_0_0_0_0_0 = 2.17655e-11
Dr_0_0_l_0_0_0_0_0_0_0_0_0_0_0_0_0_0_0_0_0_0_0_0_0 = 2.08329e-11
Hl_0_0 = 9.99878e-06
Hl_0_0_l_0 = 9.00012e-06
Hl_0_0_l_0_0 = 8.19951e-06
Hl_0_0_l_0_0_0 = 7.54003e-06
Hl_0_0_l_0_0_0_0 = 6.98355e-06
Hl_0_0_l_0_0_0_0_0 = 6.50795e-06
Hl_0_0_l_0_0_0_0_0_0 = 6.09469e-06
Hl_0_0_l_0_0_0_0_0_0_0 = 5.73326e-06
Hl_0_0_l_0_0_0_0_0_0_0_0 = 5.4127e-06
Hl_0_0_l_0_0_0_0_0_0_0_0_0 = 5.12792e-06
Hl_0_0_l_0_0_0_0_0_0_0_0_0_0 = 4.87122e-06
Hl_0_0_l_0_0_0_0_0_0_0_0_0_0_0 = 4.64081e-06
Hl_0_0_l_0_0_0_0_0_0_0_0_0_0_0_0 = 4.42998e-06
Hl_0_0_l_0_0_0_0_0_0_0_0_0_0_0_0_0 = 4.23997e-06
Hl_0_0_l_0_0_0_0_0_0_0_0_0_0_0_0_0_0 = 4.0628e-06
Hl_0_0_l_0_0_0_0_0_0_0_0_0_0_0_0_0_0_0 = 3.90454e-06
Hl_0_0_l_0_0_0_0_0_0_0_0_0_0_0_0_0_0_0_0 = 3.75129e-06
Hl_0_0_l_0_0_0_0_0_0_0_0_0_0_0_0_0_0_0_0_0 = 3.62133e-06
Hl_0_0_l_0_0_0_0_0_0_0_0_0_0_0_0_0_0_0_0_0_0 = 3.47995e-06
Hl_0_0_l_0_0_0_0_0_0_0_0_0_0_0_0_0_0_0_0_0_0_0 = 3.38643e-06
Hl_0_0_l_0_0_0_0_0_0_0_0_0_0_0_0_0_0_0_0_0_0_0_0 = 3.22524e-06
Hr_0_0 = 9.99982e-05
I = 1
pi2_0_0_0_0 = 1.00198e-09
pi2_0_0_0_0_l_0 = 9.02731e-10
pi2_0_0_0_0_l_0_0 = 8.21965e-10
pi2_0_0_0_0_l_0_0_0 = 7.55925e-10
pi2_0_0_0_0_l_0_0_0_0 = 6.99813e-10
pi2_0_0_0_0_l_0_0_0_0_0 = 6.52145e-10
pi2_0_0_0_0_l_0_0_0_0_0_0 = 6.10533e-10
pi2_0_0_0_0_l_0_0_0_0_0_0_0 = 5.74319e-10
pi2_0_0_0_0_l_0_0_0_0_0_0_0_0 = 5.42028e-10
pi2_0_0_0_0_l_0_0_0_0_0_0_0_0_0 = 5.13566e-10
pi2_0_0_0_0_l_0_0_0_0_0_0_0_0_0_0 = 4.87665e-10
pi2_0_0_0_0_l_0_0_0_0_0_0_0_0_0_0_0 = 4.64679e-10
pi2_0_0_0_0_l_0_0_0_0_0_0_0_0_0_0_0_0 = 4.43418e-10
pi2_0_0_0_0_l_0_0_0_0_0_0_0_0_0_0_0_0_0 = 4.24445e-10
pi2_0_0_0_0_l_0_0_0_0_0_0_0_0_0_0_0_0_0_0 = 4.06621e-10
pi2_0_0_0_0_l_0_0_0_0_0_0_0_0_0_0_0_0_0_0_0 = 3.90789e-10
pi2_0_0_0_0_l_0_0_0_0_0_0_0_0_0_0_0_0_0_0_0_0 = 3.75409e-10
pi2_0_0_0_0_l_0_0_0_0_0_0_0_0_0_0_0_0_0_0_0_0_0 = 3.62388e-10
pi2_0_0_0_0_l_0_0_0_0_0_0_0_0_0_0_0_0_0_0_0_0_0_0 = 3.48226e-10
pi2_0_0_0_0_l_0_0_0_0_0_0_0_0_0_0_0_0_0_0_0_0_0_0_0 = 3.38836e-10
pi2_0_0_0_0_l_0_0_0_0_0_0_0_0_0_0_0_0_0_0_0_0_0_0_0_0 = 3.22697e-10
