DD_0_0 = 5.44206e-11
DD_0_0_l_0 = 5.22497e-11
DD_0_0_l_0_0 = 3.41236e-11
Dr_0_0 = 2.88505e-11
Dr_0_0_l_0 = 3.38205e-11
Dr_0_0_l_0_0 = 4.06544e-11
Dr_0_0_l_0_0_0 = 3.35352e-11
Hl_0_0 = 1.73386e-05
Hl_0_0_l_0 = 1.65322e-05
Hl_0_0_l_0_0 = 1.24998e-05
Hr_0_0 = 9.99989e-05
I = 1
pi2_0_0_0_0 = 1.74016e-09
pi2_0_0_0_0_l_0 = 1.66037e-09
pi2_0_0_0_0_l_0_0 = 1.25439e-09
