DD_0_0 = 3.18558e-11
DD_0_0_l_0 = 2.06385e-11
DD_0_0_l_0_0 = 2.05297e-11
DD_0_0_l_0_0_0 = 1.556e-11
DD_0_0_l_0_0_0_0 = 1.5436e-11
DD_0_0_l_0_0_0_0_0 = 1.22034e-11
Dr_0_0 = 3.09527e-11
Dr_0_0_l_0 = 2.34693e-11
Dr_0_0_l_0_0 = 2.28571e-11
Dr_0_0_l_0_0_0 = 2.14922e-11
Dr_0_0_l_0_0_0_0 = 1.9916e-11
Dr_0_0_l_0_0_0_0_0 = 1.95613e-11
Dr_0_0_l_0_0_0_0_0_0 = 1.77803e-11
Hl_0_0 = 1.12258e-05
Hl_0_0_l_0 = 8.87741e-06
Hl_0_0_l_0_0 = 8.63306e-06
Hl_0_0_l_0_0_0 = 7.40996e-06
Hl_0_0_l_0_0_0_0 = 7.28098e-06
Hl_0_0_l_0_0_0_0_0 = 6.35922e-06
Hr_0_0 = 9.99987e-05
I = 1
pi2_0_0_0_0 = 1.12184e-09
pi2_0_0_0_0_l_0 = 8.88186e-10
pi2_0_0_0_0_l_0_0 = 8.6385e-10
pi2_0_0_0_0_l_0_0_0 = 7.41586e-10
pi2_0_0_0_0_l_0_0_0_0 = 7.28634e-10
pi2_0_0_0_0_l_0_0_0_0_0 = 6.36474e-10
