DD_0_0 = 2.38106e-11
DD_0_0_l_0 = 2.19943e-11
DD_0_0_l_0_0 = 1.80622e-11
DD_0_0_l_0_0_0 = 1.64817e-11
DD_0_0_l_0_0_0_0 = 1.39757e-11
DD_0_0_l_0_0_0_0_0 = 1.29526e-11
DD_0_0_l_0_0_0_0_0_0 = 1.11478e-11
DD_0_0_l_0_0_0_0_0_0_0 = 1.05254e-11
DD_0_0_l_0_0_0_0_0_0_0_0 = 9.09317e-12
DD_0_0_l_0_0_0_0_0_0_0_0_0 = 8.78791e-12
DD_0_0_l_0_0_0_0_0_0_0_0_0_0 = 7.523e-12
Dr_0_0 = 1.99891e-11
Dr_0_0_l_0 = 2.16326e-11
Dr_0_0_l_0_0 = 2.07019e-11
Dr_0_0_l_0_0_0 = 2.00401e-11
Dr_0_0_l_0_0_0_0 = 1.92333e-11
Dr_0_0_l_0_0_0_0_0 = 1.82948e-11
Dr_0_0_l_0_0_0_0_0_0 = 1.75994e-11
Dr_0_0_l_0_0_0_0_0_0_0 = 1.66772e-11
Dr_0_0_l_0_0_0_0_0_0_0_0 = 1.60492e-11
Dr_0_0_l_0_0_0_0_0_0_0_0_0 = 1.52731e-11
Dr_0_0_l_0_0_0_0_0_0_0_0_0_0 = 1.45873e-11
Dr_0_0_l_0_0_0_0_0_0_0_0_0_0_0 = 1.37014e-11
Hl_0_0 = 9.63274e-06
Hl_0_0_l_0 = 9.03672e-06
Hl_0_0_l_0_0 = 8.07018e-06
Hl_0_0_l_0_0_0 = 7.57883e-06
Hl_0_0_l_0_0_0_0 = 6.89482e-06
Hl_0_0_l_0_0_0_0_0 = 6.55232e-06
Hl_0_0_l_0_0_0_0_0_0 = 6.01577e-06
Hl_0_0_l_0_0_0_0_0_0_0 = 5.7885e-06
Hl_0_0_l_0_0_0_0_0_0_0_0 = 5.32782e-06
Hl_0_0_l_0_0_0_0_0_0_0_0_0 = 5.20432e-06
Hl_0_0_l_0_0_0_0_0_0_0_0_0_0 = 4.76151e-06
Hr_0_0 = 9.99988e-05
I = 1
pi2_0_0_0_0 = 9.6576e-10
pi2_0_0_0_0_l_0 = 9.05492e-10
pi2_0_0_0_0_l_0_0 = 8.08483e-10
pi2_0_0_0_0_l_0_0_0 = 7.5913e-10
pi2_0_0_0_0_l_0_0_0_0 = 6.90526e-10
pi2_0_0_0_0_l_0_0_0_0_0 = 6.56147e-10
pi2_0_0_0_0_l_0_0_0_0_0_0 = 6.02367e-10
pi2_0_0_0_0_l_0_0_0_0_0_0_0 = 5.79548e-10
pi2_0_0_0_0_l_0_0_0_0_0_0_0_0 = 5.33401e-10
pi2_0_0_0_0_l_0_0_0_0_0_0_0_0_0 = 5.20976e-10
pi2_0_0_0_0_l_0_0_0_0_0_0_0_0_0_0 = 4.76629e-10
