DD_0_0 = 2.55555e-11
DD_0_0_l_0 = 2.18129e-11
DD_0_0_l_0_0 = 1.84733e-11
DD_0_0_l_0_0_0 = 1.64523e-11
DD_0_0_l_0_0_0_0 = 1.41166e-11
DD_0_0_l_0_0_0_0_0 = 1.29662e-11
DD_0_0_l_0_0_0_0_0_0 = 1.1238e-11
DD_0_0_l_0_0_0_0_0_0_0 = 1.04826e-11
DD_0_0_l_0_0_0_0_0_0_0_0 = 9.23764e-12
DD_0_0_l_0_0_0_0_0_0_0_0_0 = 8.64608e-12
DD_0_0_l_0_0_0_0_0_0_0_0_0_0 = 7.75944e-12
DD_0_0_l_0_0_0_0_0_0_0_0_0_0_0 = 7.26582e-12
DD_0_0_l_0_0_0_0_0_0_0_0_0_0_0_0 = 6.617e-12
DD_0_0_l_0_0_0_0_0_0_0_0_0_0_0_0_0 = 6.20529e-12
DD_0_0_l_0_0_0_0_0_0_0_0_0_0_0_0_0_0 = 5.71177e-12
DD_0_0_l_0_0_0_0_0_0_0_0_0_0_0_0_0_0_0 = 5.37103e-12
DD_0_0_l_0_0_0_0_0_0_0_0_0_0_0_0_0_0_0_0 = 4.97998e-12
DD_0_0_l_0_0_0_0_0_0_0_0_0_0_0_0_0_0_0_0_0 = 4.70509e-12
DD_0_0_l_0_0_0_0_0_0_0_0_0_0_0_0_0_0_0_0_0_0 = 4.37182e-12
DD_0_0_l_0_0_0_0_0_0_0_0_0_0_0_0_0_0_0_0_0_0_0 = 4.17968e-12
DD_0_0_l_0_0_0_0_0_0_0_0_0_0_0_0_0_0_0_0_0_0_0_0 = 3.82792e-12
Dr_0_0 = 2.22459e-11
Dr_0_0_l_0 = 2.21857e-11
Dr_0_0_l_0_0 = 2.11273e-11
Dr_0_0_l_0_0_0 = 2.03805e-11
Dr_0_0_l_0_0_0_0 = 1.94366e-11
Dr_0_0_l_0_0_0_0_0 = 1.84936e-11
Dr_0_0_l_0_0_0_0_0_0 = 1.77503e-11
Dr_0_0_l_0_0_0_0_0_0_0 = 1.67953e-11
Dr_0_0_l_0_0_0_0_0_0_0_0 = 1.61857e-11
Dr_0_0_l_0_0_0_0_0_0_0_0_0 = 1.53069e-11
Dr_0_0_l_0_0_0_0_0_0_0_0_0_0 = 1.47958e-11
Dr_0_0_l_0_0_0_0_0_0_0_0_0_0_0 = 1.40004e-11
Dr_0_0_l_0_0_0_0_0_0_0_0_0_0_0_0 = 1.35717e-11
Dr_0_0_l_0_0_0_0_0_0_0_0_0_0_0_0_0 = 1.28616e-11
Dr_0_0_l_0_0_0_0_0_0_0_0_0_0_0_0_0_0 = 1.24875e-11
Dr_0_0_l_0_0_0_0_0_0_0_0_0_0_0_0_0_0_0 = 1.18694e-11
Dr_0_0_l_0_0_0_0_0_0_0_0_0_0_0_0_0_0_0_0 = 1.15251e-11
Dr_0_0_l_0_0_0_0_0_0_0_0_0_0_0_0_0_0_0_0_0 = 1.10019e-11
Dr_0_0_l_0_0_0_0_0_0_0_0_0_0_0_0_0_0_0_0_0_0 = 1.0662e-11
Dr_0_0_l_0_0_0_0_0_0_0_0_0_0_0_0_0_0_0_0_0_0_0 = 1.02605e-11
Dr_0_0_l_0_0_0_0_0_0_0_0_0_0_0_0_0_0_0_0_0_0_0_0 = 9.82939e-12
Dr_0_0_l_0_0_0_0_0_0_0_0_0_0_0_0_0_0_0_0_0_0_0_0_0 = 9.43394e-12
Hl_0_0 = 9.99874e-06
Hl_0_0_l_0 = 9.00012e-06
Hl_0_0_l_0_0 = 8.1995e-06
Hl_0_0_l_0_0_0 = 7.54003e-06
Hl_0_0_l_0_0_0_0 = 6.98354e-06
Hl_0_0_l_0_0_0_0_0 = 6.50795e-06
Hl_0_0_l_0_0_0_0_0_0 = 6.09468e-06
Hl_0_0_l_0_0_0_0_0_0_0 = 5.73326e-06
Hl_0_0_l_0_0_0_0_0_0_0_0 = 5.4127e-06
Hl_0_0_l_0_0_0_0_0_0_0_0_0 = 5.12792e-06
Hl_0_0_l_0_0_0_0_0_0_0_0_0_0 = 4.87121e-06
Hl_0_0_l_0_0_0_0_0_0_0_0_0_0_0 = 4.64081e-06
Hl_0_0_l_0_0_0_0_0_0_0_0_0_0_0_0 = 4.42998e-06
Hl_0_0_l_0_0_0_0_0_0_0_0_0_0_0_0_0 = 4.23997e-06
Hl_0_0_l_0_0_0_0_0_0_0_0_0_0_0_0_0_0 = 4.0628e-06
Hl_0_0_l_0_0_0_0_0_0_0_0_0_0_0_0_0_0_0 = 3.90454e-06
Hl_0_0_l_0_0_0_0_0_0_0_0_0_0_0_0_0_0_0_0 = 3.75129e-06
Hl_0_0_l_0_0_0_0_0_0_0_0_0_0_0_0_0_0_0_0_0 = 3.62133e-06
Hl_0_0_l_0_0_0_0_0_0_0_0_0_0_0_0_0_0_0_0_0_0 = 3.47995e-06
Hl_0_0_l_0_0_0_0_0_0_0_0_0_0_0_0_0_0_0_0_0_0_0 = 3.38643e-06
Hl_0_0_l_0_0_0_0_0_0_0_0_0_0_0_0_0_0_0_0_0_0_0_0 = 3.22524e-06
Hr_0_0 = 9.99988e-05
I = 1
pi2_0_0_0_0 = 1.00171e-09
pi2_0_0_0_0_l_0 = 9.0156e-10
pi2_0_0_0_0_l_0_0 = 8.21202e-10
pi2_0_0_0_0_l_0_0_0 = 7.55136e-10
pi2_0_0_0_0_l_0_0_0_0 = 6.9927e-10
pi2_0_0_0_0_l_0_0_0_0_0 = 6.5165e-10
pi2_0_0_0_0_l_0_0_0_0_0_0 = 6.10165e-10
pi2_0_0_0_0_l_0_0_0_0_0_0_0 = 5.74e-10
pi2_0_0_0_0_l_0_0_0_0_0_0_0_0 = 5.41797e-10
pi2_0_0_0_0_l_0_0_0_0_0_0_0_0_0 = 5.13345e-10
pi2_0_0_0_0_l_0_0_0_0_0_0_0_0_0_0 = 4.87536e-10
pi2_0_0_0_0_l_0_0_0_0_0_0_0_0_0_0_0 = 4.64523e-10
pi2_0_0_0_0_l_0_0_0_0_0_0_0_0_0_0_0_0 = 4.43351e-10
pi2_0_0_0_0_l_0_0_0_0_0_0_0_0_0_0_0_0_0 = 4.24341e-10
pi2_0_0_0_0_l_0_0_0_0_0_0_0_0_0_0_0_0_0_0 = 4.0659e-10
pi2_0_0_0_0_l_0_0_0_0_0_0_0_0_0_0_0_0_0_0_0 = 3.90726e-10
pi2_0_0_0_0_l_0_0_0_0_0_0_0_0_0_0_0_0_0_0_0_0 = 3.75399e-10
pi2_0_0_0_0_l_0_0_0_0_0_0_0_0_0_0_0_0_0_0_0_0_0 = 3.62356e-10
pi2_0_0_0_0_l_0_0_0_0_0_0_0_0_0_0_0_0_0_0_0_0_0_0 = 3.48226e-10
pi2_0_0_0_0_l_0_0_0_0_0_0_0_0_0_0_0_0_0_0_0_0_0_0_0 = 3.38832e-10
pi2_0_0_0_0_l_0_0_0_0_0_0_0_0_0_0_0_0_0_0_0_0_0_0_0_0 = 3.2271e-10
