DD_0_0 = 1.8386e-11
DD_0_0_l_0 = 2.27216e-11
DD_0_0_l_0_0 = 1.67183e-11
Dr_0_0 = 1.43612e-11
Dr_0_0_l_0 = 1.81008e-11
Dr_0_0_l_0_0 = 2.18814e-11
Dr_0_0_l_0_0_0 = 1.95195e-11
Hl_0_0 = 8.56304e-06
Hl_0_0_l_0 = 9.14369e-06
Hl_0_0_l_0_0 = 7.69222e-06
Hr_0_0 = 9.99989e-05
I = 1
pi2_0_0_0_0 = 8.59072e-10
pi2_0_0_0_0_l_0 = 9.17482e-10
pi2_0_0_0_0_l_0_0 = 7.71243e-10
