DD_0_0 = 4.35208e-12
DD_0_0_l_0 = 4.04693e-12
DD_0_0_l_0_0 = 3.55588e-12
DD_0_0_l_0_0_0 = 3.30692e-12
DD_0_0_l_0_0_0_0 = 2.96265e-12
DD_0_0_l_0_0_0_0_0 = 2.79011e-12
DD_0_0_l_0_0_0_0_0_0 = 2.52287e-12
DD_0_0_l_0_0_0_0_0_0_0 = 2.40872e-12
DD_0_0_l_0_0_0_0_0_0_0_0 = 2.18191e-12
DD_0_0_l_0_0_0_0_0_0_0_0_0 = 2.11947e-12
DD_0_0_l_0_0_0_0_0_0_0_0_0_0 = 1.90375e-12
Dr_0_0 = 7.62091e-13
Dr_0_0_l_0 = 8.46892e-13
Dr_0_0_l_0_0 = 8.74959e-13
Dr_0_0_l_0_0_0 = 9.04993e-13
Dr_0_0_l_0_0_0_0 = 9.18889e-13
Dr_0_0_l_0_0_0_0_0 = 9.28256e-13
Dr_0_0_l_0_0_0_0_0_0 = 9.35315e-13
Dr_0_0_l_0_0_0_0_0_0_0 = 9.32164e-13
Dr_0_0_l_0_0_0_0_0_0_0_0 = 9.38443e-13
Dr_0_0_l_0_0_0_0_0_0_0_0_0 = 9.21103e-13
Dr_0_0_l_0_0_0_0_0_0_0_0_0_0 = 9.44108e-13
Dr_0_0_l_0_0_0_0_0_0_0_0_0_0_0 = 9.1523e-13
Hl_0_0 = 9.63272e-06
Hl_0_0_l_0 = 9.03672e-06
Hl_0_0_l_0_0 = 8.07018e-06
Hl_0_0_l_0_0_0 = 7.57883e-06
Hl_0_0_l_0_0_0_0 = 6.89482e-06
Hl_0_0_l_0_0_0_0_0 = 6.55232e-06
Hl_0_0_l_0_0_0_0_0_0 = 6.01577e-06
Hl_0_0_l_0_0_0_0_0_0_0 = 5.7885e-06
Hl_0_0_l_0_0_0_0_0_0_0_0 = 5.32782e-06
Hl_0_0_l_0_0_0_0_0_0_0_0_0 = 5.20432e-06
Hl_0_0_l_0_0_0_0_0_0_0_0_0_0 = 4.76151e-06
Hr_0_0 = 9.9999e-05
I = 1
pi2_0_0_0_0 = 9.63354e-10
pi2_0_0_0_0_l_0 = 9.03746e-10
pi2_0_0_0_0_l_0_0 = 8.07081e-10
pi2_0_0_0_0_l_0_0_0 = 7.57943e-10
pi2_0_0_0_0_l_0_0_0_0 = 6.89534e-10
pi2_0_0_0_0_l_0_0_0_0_0 = 6.55281e-10
pi2_0_0_0_0_l_0_0_0_0_0_0 = 6.01621e-10
pi2_0_0_0_0_l_0_0_0_0_0_0_0 = 5.78893e-10
pi2_0_0_0_0_l_0_0_0_0_0_0_0_0 = 5.32819e-10
pi2_0_0_0_0_l_0_0_0_0_0_0_0_0_0 = 5.20469e-10
pi2_0_0_0_0_l_0_0_0_0_0_0_0_0_0_0 = 4.76184e-10
