DD_0_0 = 4.53446e-12
DD_0_0_l_0 = 4.02596e-12
DD_0_0_l_0_0 = 3.61973e-12
DD_0_0_l_0_0_0 = 3.28622e-12
DD_0_0_l_0_0_0_0 = 3.00604e-12
DD_0_0_l_0_0_0_0_0 = 2.76743e-12
DD_0_0_l_0_0_0_0_0_0 = 2.56104e-12
DD_0_0_l_0_0_0_0_0_0_0 = 2.3814e-12
DD_0_0_l_0_0_0_0_0_0_0_0 = 2.22255e-12
DD_0_0_l_0_0_0_0_0_0_0_0_0 = 2.08226e-12
DD_0_0_l_0_0_0_0_0_0_0_0_0_0 = 1.95631e-12
DD_0_0_l_0_0_0_0_0_0_0_0_0_0_0 = 1.84379e-12
DD_0_0_l_0_0_0_0_0_0_0_0_0_0_0_0 = 1.74137e-12
DD_0_0_l_0_0_0_0_0_0_0_0_0_0_0_0_0 = 1.6494e-12
DD_0_0_l_0_0_0_0_0_0_0_0_0_0_0_0_0_0 = 1.56417e-12
DD_0_0_l_0_0_0_0_0_0_0_0_0_0_0_0_0_0_0 = 1.48827e-12
DD_0_0_l_0_0_0_0_0_0_0_0_0_0_0_0_0_0_0_0 = 1.41528e-12
DD_0_0_l_0_0_0_0_0_0_0_0_0_0_0_0_0_0_0_0_0 = 1.3535e-12
DD_0_0_l_0_0_0_0_0_0_0_0_0_0_0_0_0_0_0_0_0_0 = 1.28692e-12
DD_0_0_l_0_0_0_0_0_0_0_0_0_0_0_0_0_0_0_0_0_0_0 = 1.24268e-12
DD_0_0_l_0_0_0_0_0_0_0_0_0_0_0_0_0_0_0_0_0_0_0_0 = 1.16767e-12
Dr_0_0 = 7.97152e-13
Dr_0_0_l_0 = 8.50104e-13
Dr_0_0_l_0_0 = 8.8501e-13
Dr_0_0_l_0_0_0 = 9.08771e-13
Dr_0_0_l_0_0_0_0 = 9.23386e-13
Dr_0_0_l_0_0_0_0_0 = 9.32215e-13
Dr_0_0_l_0_0_0_0_0_0 = 9.37022e-13
Dr_0_0_l_0_0_0_0_0_0_0 = 9.37645e-13
Dr_0_0_l_0_0_0_0_0_0_0_0 = 9.36102e-13
Dr_0_0_l_0_0_0_0_0_0_0_0_0 = 9.32231e-13
Dr_0_0_l_0_0_0_0_0_0_0_0_0_0 = 9.26925e-13
Dr_0_0_l_0_0_0_0_0_0_0_0_0_0_0 = 9.20446e-13
Dr_0_0_l_0_0_0_0_0_0_0_0_0_0_0_0 = 9.12947e-13
Dr_0_0_l_0_0_0_0_0_0_0_0_0_0_0_0_0 = 9.04805e-13
Dr_0_0_l_0_0_0_0_0_0_0_0_0_0_0_0_0_0 = 8.95983e-13
Dr_0_0_l_0_0_0_0_0_0_0_0_0_0_0_0_0_0_0 = 8.86742e-13
Dr_0_0_l_0_0_0_0_0_0_0_0_0_0_0_0_0_0_0_0 = 8.77528e-13
Dr_0_0_l_0_0_0_0_0_0_0_0_0_0_0_0_0_0_0_0_0 = 8.67172e-13
Dr_0_0_l_0_0_0_0_0_0_0_0_0_0_0_0_0_0_0_0_0_0 = 8.58388e-13
Dr_0_0_l_0_0_0_0_0_0_0_0_0_0_0_0_0_0_0_0_0_0_0 = 8.4665e-13
Dr_0_0_l_0_0_0_0_0_0_0_0_0_0_0_0_0_0_0_0_0_0_0_0 = 8.39356e-13
Dr_0_0_l_0_0_0_0_0_0_0_0_0_0_0_0_0_0_0_0_0_0_0_0_0 = 8.23768e-13
Hl_0_0 = 9.99877e-06
Hl_0_0_l_0 = 9.00011e-06
Hl_0_0_l_0_0 = 8.19951e-06
Hl_0_0_l_0_0_0 = 7.54003e-06
Hl_0_0_l_0_0_0_0 = 6.98355e-06
Hl_0_0_l_0_0_0_0_0 = 6.50795e-06
Hl_0_0_l_0_0_0_0_0_0 = 6.09469e-06
Hl_0_0_l_0_0_0_0_0_0_0 = 5.73326e-06
Hl_0_0_l_0_0_0_0_0_0_0_0 = 5.4127e-06
Hl_0_0_l_0_0_0_0_0_0_0_0_0 = 5.12792e-06
Hl_0_0_l_0_0_0_0_0_0_0_0_0_0 = 4.87122e-06
Hl_0_0_l_0_0_0_0_0_0_0_0_0_0_0 = 4.64081e-06
Hl_0_0_l_0_0_0_0_0_0_0_0_0_0_0_0 = 4.42998e-06
Hl_0_0_l_0_0_0_0_0_0_0_0_0_0_0_0_0 = 4.23997e-06
Hl_0_0_l_0_0_0_0_0_0_0_0_0_0_0_0_0_0 = 4.0628e-06
Hl_0_0_l_0_0_0_0_0_0_0_0_0_0_0_0_0_0_0 = 3.90454e-06
Hl_0_0_l_0_0_0_0_0_0_0_0_0_0_0_0_0_0_0_0 = 3.75129e-06
Hl_0_0_l_0_0_0_0_0_0_0_0_0_0_0_0_0_0_0_0_0 = 3.62133e-06
Hl_0_0_l_0_0_0_0_0_0_0_0_0_0_0_0_0_0_0_0_0_0 = 3.47995e-06
Hl_0_0_l_0_0_0_0_0_0_0_0_0_0_0_0_0_0_0_0_0_0_0 = 3.38643e-06
Hl_0_0_l_0_0_0_0_0_0_0_0_0_0_0_0_0_0_0_0_0_0_0_0 = 3.22524e-06
Hr_0_0 = 9.9999e-05
I = 1
pi2_0_0_0_0 = 9.99953e-10
pi2_0_0_0_0_l_0 = 9.00081e-10
pi2_0_0_0_0_l_0_0 = 8.20014e-10
pi2_0_0_0_0_l_0_0_0 = 7.5406e-10
pi2_0_0_0_0_l_0_0_0_0 = 6.98407e-10
pi2_0_0_0_0_l_0_0_0_0_0 = 6.50843e-10
pi2_0_0_0_0_l_0_0_0_0_0_0 = 6.09513e-10
pi2_0_0_0_0_l_0_0_0_0_0_0_0 = 5.73366e-10
pi2_0_0_0_0_l_0_0_0_0_0_0_0_0 = 5.41307e-10
pi2_0_0_0_0_l_0_0_0_0_0_0_0_0_0 = 5.12826e-10
pi2_0_0_0_0_l_0_0_0_0_0_0_0_0_0_0 = 4.87154e-10
pi2_0_0_0_0_l_0_0_0_0_0_0_0_0_0_0_0 = 4.64111e-10
pi2_0_0_0_0_l_0_0_0_0_0_0_0_0_0_0_0_0 = 4.43026e-10
pi2_0_0_0_0_l_0_0_0_0_0_0_0_0_0_0_0_0_0 = 4.24023e-10
pi2_0_0_0_0_l_0_0_0_0_0_0_0_0_0_0_0_0_0_0 = 4.06304e-10
pi2_0_0_0_0_l_0_0_0_0_0_0_0_0_0_0_0_0_0_0_0 = 3.90477e-10
pi2_0_0_0_0_l_0_0_0_0_0_0_0_0_0_0_0_0_0_0_0_0 = 3.75151e-10
pi2_0_0_0_0_l_0_0_0_0_0_0_0_0_0_0_0_0_0_0_0_0_0 = 3.62153e-10
pi2_0_0_0_0_l_0_0_0_0_0_0_0_0_0_0_0_0_0_0_0_0_0_0 = 3.48014e-10
pi2_0_0_0_0_l_0_0_0_0_0_0_0_0_0_0_0_0_0_0_0_0_0_0_0 = 3.38661e-10
pi2_0_0_0_0_l_0_0_0_0_0_0_0_0_0_0_0_0_0_0_0_0_0_0_0_0 = 3.22541e-10
