DD_0_0 = 9.48733e-12
DD_0_0_l_0 = 7.45687e-12
DD_0_0_l_0_0 = 6.30035e-12
DD_0_0_l_0_0_0 = 5.33268e-12
DD_0_0_l_0_0_0_0 = 4.75397e-12
DD_0_0_l_0_0_0_0_0 = 4.17055e-12
DD_0_0_l_0_0_0_0_0_0 = 3.78255e-12
DD_0_0_l_0_0_0_0_0_0_0 = 3.41325e-12
DD_0_0_l_0_0_0_0_0_0_0_0 = 3.1278e-12
DD_0_0_l_0_0_0_0_0_0_0_0_0 = 2.87082e-12
DD_0_0_l_0_0_0_0_0_0_0_0_0_0 = 2.65604e-12
DD_0_0_l_0_0_0_0_0_0_0_0_0_0_0 = 2.46474e-12
DD_0_0_l_0_0_0_0_0_0_0_0_0_0_0_0 = 2.29868e-12
DD_0_0_l_0_0_0_0_0_0_0_0_0_0_0_0_0 = 2.15007e-12
DD_0_0_l_0_0_0_0_0_0_0_0_0_0_0_0_0_0 = 2.01845e-12
DD_0_0_l_0_0_0_0_0_0_0_0_0_0_0_0_0_0_0 = 1.89965e-12
DD_0_0_l_0_0_0_0_0_0_0_0_0_0_0_0_0_0_0_0 = 1.79288e-12
DD_0_0_l_0_0_0_0_0_0_0_0_0_0_0_0_0_0_0_0_0 = 1.69609e-12
DD_0_0_l_0_0_0_0_0_0_0_0_0_0_0_0_0_0_0_0_0_0 = 1.60691e-12
DD_0_0_l_0_0_0_0_0_0_0_0_0_0_0_0_0_0_0_0_0_0_0 = 1.53022e-12
DD_0_0_l_0_0_0_0_0_0_0_0_0_0_0_0_0_0_0_0_0_0_0_0 = 1.44023e-12
Dr_0_0 = 8.7117e-13
Dr_0_0_l_0 = 1.01319e-12
Dr_0_0_l_0_0 = 1.0831e-12
Dr_0_0_l_0_0_0 = 1.12667e-12
Dr_0_0_l_0_0_0_0 = 1.13935e-12
Dr_0_0_l_0_0_0_0_0 = 1.14308e-12
Dr_0_0_l_0_0_0_0_0_0 = 1.15733e-12
Dr_0_0_l_0_0_0_0_0_0_0 = 1.14499e-12
Dr_0_0_l_0_0_0_0_0_0_0_0 = 1.13459e-12
Dr_0_0_l_0_0_0_0_0_0_0_0_0 = 1.13452e-12
Dr_0_0_l_0_0_0_0_0_0_0_0_0_0 = 1.11052e-12
Dr_0_0_l_0_0_0_0_0_0_0_0_0_0_0 = 1.10783e-12
Dr_0_0_l_0_0_0_0_0_0_0_0_0_0_0_0 = 1.08623e-12
Dr_0_0_l_0_0_0_0_0_0_0_0_0_0_0_0_0 = 1.07695e-12
Dr_0_0_l_0_0_0_0_0_0_0_0_0_0_0_0_0_0 = 1.05858e-12
Dr_0_0_l_0_0_0_0_0_0_0_0_0_0_0_0_0_0_0 = 1.04592e-12
Dr_0_0_l_0_0_0_0_0_0_0_0_0_0_0_0_0_0_0_0 = 1.02917e-12
Dr_0_0_l_0_0_0_0_0_0_0_0_0_0_0_0_0_0_0_0_0 = 1.01524e-12
Dr_0_0_l_0_0_0_0_0_0_0_0_0_0_0_0_0_0_0_0_0_0 = 9.99503e-13
Dr_0_0_l_0_0_0_0_0_0_0_0_0_0_0_0_0_0_0_0_0_0_0 = 9.8499e-13
Dr_0_0_l_0_0_0_0_0_0_0_0_0_0_0_0_0_0_0_0_0_0_0_0 = 9.70738e-13
Dr_0_0_l_0_0_0_0_0_0_0_0_0_0_0_0_0_0_0_0_0_0_0_0_0 = 9.52637e-13
Hl_0_0 = 1.99909e-05
Hl_0_0_l_0 = 1.60018e-05
Hl_0_0_l_0_0 = 1.35961e-05
Hl_0_0_l_0_0_0 = 1.1842e-05
Hl_0_0_l_0_0_0_0 = 1.0524e-05
Hl_0_0_l_0_0_0_0_0 = 9.4752e-06
Hl_0_0_l_0_0_0_0_0_0 = 8.62749e-06
Hl_0_0_l_0_0_0_0_0_0_0 = 7.92034e-06
Hl_0_0_l_0_0_0_0_0_0_0_0 = 7.32507e-06
Hl_0_0_l_0_0_0_0_0_0_0_0_0 = 6.81329e-06
Hl_0_0_l_0_0_0_0_0_0_0_0_0_0 = 6.37081e-06
Hl_0_0_l_0_0_0_0_0_0_0_0_0_0_0 = 5.98222e-06
Hl_0_0_l_0_0_0_0_0_0_0_0_0_0_0_0 = 5.63976e-06
Hl_0_0_l_0_0_0_0_0_0_0_0_0_0_0_0_0 = 5.33421e-06
Hl_0_0_l_0_0_0_0_0_0_0_0_0_0_0_0_0_0 = 5.06098e-06
Hl_0_0_l_0_0_0_0_0_0_0_0_0_0_0_0_0_0_0 = 4.81425e-06
Hl_0_0_l_0_0_0_0_0_0_0_0_0_0_0_0_0_0_0_0 = 4.59085e-06
Hl_0_0_l_0_0_0_0_0_0_0_0_0_0_0_0_0_0_0_0_0 = 4.38789e-06
Hl_0_0_l_0_0_0_0_0_0_0_0_0_0_0_0_0_0_0_0_0_0 = 4.19969e-06
Hl_0_0_l_0_0_0_0_0_0_0_0_0_0_0_0_0_0_0_0_0_0_0 = 4.03756e-06
Hl_0_0_l_0_0_0_0_0_0_0_0_0_0_0_0_0_0_0_0_0_0_0_0 = 3.84542e-06
Hr_0_0 = 9.9999e-05
I = 1
pi2_0_0_0_0 = 1.99924e-09
pi2_0_0_0_0_l_0 = 1.60033e-09
pi2_0_0_0_0_l_0_0 = 1.35972e-09
pi2_0_0_0_0_l_0_0_0 = 1.18431e-09
pi2_0_0_0_0_l_0_0_0_0 = 1.05249e-09
pi2_0_0_0_0_l_0_0_0_0_0 = 9.47606e-10
pi2_0_0_0_0_l_0_0_0_0_0_0 = 8.6282e-10
pi2_0_0_0_0_l_0_0_0_0_0_0_0 = 7.921e-10
pi2_0_0_0_0_l_0_0_0_0_0_0_0_0 = 7.32566e-10
pi2_0_0_0_0_l_0_0_0_0_0_0_0_0_0 = 6.81383e-10
pi2_0_0_0_0_l_0_0_0_0_0_0_0_0_0_0 = 6.3713e-10
pi2_0_0_0_0_l_0_0_0_0_0_0_0_0_0_0_0 = 5.98268e-10
pi2_0_0_0_0_l_0_0_0_0_0_0_0_0_0_0_0_0 = 5.64017e-10
pi2_0_0_0_0_l_0_0_0_0_0_0_0_0_0_0_0_0_0 = 5.3346e-10
pi2_0_0_0_0_l_0_0_0_0_0_0_0_0_0_0_0_0_0_0 = 5.06133e-10
pi2_0_0_0_0_l_0_0_0_0_0_0_0_0_0_0_0_0_0_0_0 = 4.81458e-10
pi2_0_0_0_0_l_0_0_0_0_0_0_0_0_0_0_0_0_0_0_0_0 = 4.59115e-10
pi2_0_0_0_0_l_0_0_0_0_0_0_0_0_0_0_0_0_0_0_0_0_0 = 4.38818e-10
pi2_0_0_0_0_l_0_0_0_0_0_0_0_0_0_0_0_0_0_0_0_0_0_0 = 4.19995e-10
pi2_0_0_0_0_l_0_0_0_0_0_0_0_0_0_0_0_0_0_0_0_0_0_0_0 = 4.03781e-10
pi2_0_0_0_0_l_0_0_0_0_0_0_0_0_0_0_0_0_0_0_0_0_0_0_0_0 = 3.84566e-10
