DD_0_0 = 5.14574e-12
DD_0_0_l_0 = 3.95574e-12
DD_0_0_l_0_0 = 3.83363e-12
DD_0_0_l_0_0_0 = 3.21694e-12
DD_0_0_l_0_0_0_0 = 3.15163e-12
DD_0_0_l_0_0_0_0_0 = 2.69121e-12
Dr_0_0 = 9.14711e-13
Dr_0_0_l_0 = 8.60698e-13
Dr_0_0_l_0_0 = 9.18891e-13
Dr_0_0_l_0_0_0 = 9.23402e-13
Dr_0_0_l_0_0_0_0 = 9.25482e-13
Dr_0_0_l_0_0_0_0_0 = 1.00162e-12
Dr_0_0_l_0_0_0_0_0_0 = 9.53929e-13
Hl_0_0 = 1.12258e-05
Hl_0_0_l_0 = 8.87741e-06
Hl_0_0_l_0_0 = 8.63306e-06
Hl_0_0_l_0_0_0 = 7.40996e-06
Hl_0_0_l_0_0_0_0 = 7.28098e-06
Hl_0_0_l_0_0_0_0_0 = 6.35922e-06
Hr_0_0 = 9.9999e-05
I = 1
pi2_0_0_0_0 = 1.12263e-09
pi2_0_0_0_0_l_0 = 8.87796e-10
pi2_0_0_0_0_l_0_0 = 8.63363e-10
pi2_0_0_0_0_l_0_0_0 = 7.41043e-10
pi2_0_0_0_0_l_0_0_0_0 = 7.28153e-10
pi2_0_0_0_0_l_0_0_0_0_0 = 6.35968e-10
