D^2   = -1.063728541525493e-09
Dz    = -2.6941697592923348e-09
pi(A) = 0.00019933600945674926
pi(B) = 0.0020000000000000135
pi2   = 1.2814588147669448e-07
