DD_0_0 = 9.90048e-12
DD_0_0_l_0 = 7.38853e-12
DD_0_0_l_0_0 = 6.43039e-12
DD_0_0_l_0_0_0 = 5.27574e-12
DD_0_0_l_0_0_0_0 = 4.87961e-12
DD_0_0_l_0_0_0_0_0 = 4.03005e-12
Dr_0_0 = 9.10624e-13
Dr_0_0_l_0 = 1.02311e-12
Dr_0_0_l_0_0 = 1.09204e-12
Dr_0_0_l_0_0_0 = 1.13232e-12
Dr_0_0_l_0_0_0_0 = 1.13291e-12
Dr_0_0_l_0_0_0_0_0 = 1.22163e-12
Dr_0_0_l_0_0_0_0_0_0 = 1.14746e-12
Hl_0_0 = 2.08224e-05
Hl_0_0_l_0 = 1.58355e-05
Hl_0_0_l_0_0 = 1.39397e-05
Hl_0_0_l_0_0_0 = 1.16358e-05
Hl_0_0_l_0_0_0_0 = 1.08553e-05
Hl_0_0_l_0_0_0_0_0 = 9.1439e-06
Hr_0_0 = 9.9999e-05
I = 1
pi2_0_0_0_0 = 2.08241e-09
pi2_0_0_0_0_l_0 = 1.58368e-09
pi2_0_0_0_0_l_0_0 = 1.3941e-09
pi2_0_0_0_0_l_0_0_0 = 1.16367e-09
pi2_0_0_0_0_l_0_0_0_0 = 1.08563e-09
pi2_0_0_0_0_l_0_0_0_0_0 = 9.1447e-10
