DD_0_0 = -1.0833e-12
DD_0_0_l_0 = 4.60045e-13
DD_0_0_l_0_0 = 1.65412e-13
DD_0_0_l_0_0_0 = 4.57695e-13
DD_0_0_l_0_0_0_0 = 3.29508e-13
DD_0_0_l_0_0_0_0_0 = 4.45949e-13
DD_0_0_l_0_0_0_0_0_0 = 3.73162e-13
DD_0_0_l_0_0_0_0_0_0_0 = 4.32347e-13
DD_0_0_l_0_0_0_0_0_0_0_0 = 3.84722e-13
DD_0_0_l_0_0_0_0_0_0_0_0_0 = 4.18238e-13
DD_0_0_l_0_0_0_0_0_0_0_0_0_0 = 3.84037e-13
DD_0_0_l_0_0_0_0_0_0_0_0_0_0_0 = 4.04174e-13
DD_0_0_l_0_0_0_0_0_0_0_0_0_0_0_0 = 3.78343e-13
DD_0_0_l_0_0_0_0_0_0_0_0_0_0_0_0_0 = 3.90591e-13
DD_0_0_l_0_0_0_0_0_0_0_0_0_0_0_0_0_0 = 3.70301e-13
DD_0_0_l_0_0_0_0_0_0_0_0_0_0_0_0_0_0_0 = 3.77475e-13
DD_0_0_l_0_0_0_0_0_0_0_0_0_0_0_0_0_0_0_0 = 3.61141e-13
DD_0_0_l_0_0_0_0_0_0_0_0_0_0_0_0_0_0_0_0_0 = 3.64924e-13
DD_0_0_l_0_0_0_0_0_0_0_0_0_0_0_0_0_0_0_0_0_0 = 3.51371e-13
DD_0_0_l_0_0_0_0_0_0_0_0_0_0_0_0_0_0_0_0_0_0_0 = 3.53048e-13
DD_0_0_l_0_0_0_0_0_0_0_0_0_0_0_0_0_0_0_0_0_0_0_0 = 3.41383e-13
Dr_0_0 = -6.83331e-12
Dr_0_0_l_0 = -1.96163e-12
Dr_0_0_l_0_0 = -1.62803e-12
Dr_0_0_l_0_0_0 = -7.661e-13
Dr_0_0_l_0_0_0_0 = -5.89647e-13
Dr_0_0_l_0_0_0_0_0 = -2.65852e-13
Dr_0_0_l_0_0_0_0_0_0 = -1.52025e-13
Dr_0_0_l_0_0_0_0_0_0_0 = 3.19848e-15
Dr_0_0_l_0_0_0_0_0_0_0_0 = 8.43851e-14
Dr_0_0_l_0_0_0_0_0_0_0_0_0 = 1.67681e-13
Dr_0_0_l_0_0_0_0_0_0_0_0_0_0 = 2.29069e-13
Dr_0_0_l_0_0_0_0_0_0_0_0_0_0_0 = 2.7596e-13
Dr_0_0_l_0_0_0_0_0_0_0_0_0_0_0_0 = 3.2431e-13
Dr_0_0_l_0_0_0_0_0_0_0_0_0_0_0_0_0 = 3.50843e-13
Dr_0_0_l_0_0_0_0_0_0_0_0_0_0_0_0_0_0 = 3.90047e-13
Dr_0_0_l_0_0_0_0_0_0_0_0_0_0_0_0_0_0_0 = 4.04301e-13
Dr_0_0_l_0_0_0_0_0_0_0_0_0_0_0_0_0_0_0_0 = 4.36754e-13
Dr_0_0_l_0_0_0_0_0_0_0_0_0_0_0_0_0_0_0_0_0 = 4.43267e-13
Dr_0_0_l_0_0_0_0_0_0_0_0_0_0_0_0_0_0_0_0_0_0 = 4.70532e-13
Dr_0_0_l_0_0_0_0_0_0_0_0_0_0_0_0_0_0_0_0_0_0_0 = 4.71985e-13
Dr_0_0_l_0_0_0_0_0_0_0_0_0_0_0_0_0_0_0_0_0_0_0_0 = 4.95208e-13
Dr_0_0_l_0_0_0_0_0_0_0_0_0_0_0_0_0_0_0_0_0_0_0_0_0 = 5.09649e-13
Hl_0_0 = 8.84927e-07
Hl_0_0_l_0 = 9.91151e-07
Hl_0_0_l_0_0 = 9.41819e-07
Hl_0_0_l_0_0_0 = 9.71744e-07
Hl_0_0_l_0_0_0_0 = 9.38113e-07
Hl_0_0_l_0_0_0_0_0 = 9.5309e-07
Hl_0_0_l_0_0_0_0_0_0 = 9.26369e-07
Hl_0_0_l_0_0_0_0_0_0_0 = 9.35146e-07
Hl_0_0_l_0_0_0_0_0_0_0_0 = 9.12392e-07
Hl_0_0_l_0_0_0_0_0_0_0_0_0 = 9.17871e-07
Hl_0_0_l_0_0_0_0_0_0_0_0_0_0 = 8.97735e-07
Hl_0_0_l_0_0_0_0_0_0_0_0_0_0_0 = 9.01229e-07
Hl_0_0_l_0_0_0_0_0_0_0_0_0_0_0_0 = 8.82977e-07
Hl_0_0_l_0_0_0_0_0_0_0_0_0_0_0_0_0 = 8.85186e-07
Hl_0_0_l_0_0_0_0_0_0_0_0_0_0_0_0_0_0 = 8.68371e-07
Hl_0_0_l_0_0_0_0_0_0_0_0_0_0_0_0_0_0_0 = 8.69709e-07
Hl_0_0_l_0_0_0_0_0_0_0_0_0_0_0_0_0_0_0_0 = 8.54037e-07
Hl_0_0_l_0_0_0_0_0_0_0_0_0_0_0_0_0_0_0_0_0 = 8.54769e-07
Hl_0_0_l_0_0_0_0_0_0_0_0_0_0_0_0_0_0_0_0_0_0 = 8.40035e-07
Hl_0_0_l_0_0_0_0_0_0_0_0_0_0_0_0_0_0_0_0_0_0_0 = 8.40338e-07
Hl_0_0_l_0_0_0_0_0_0_0_0_0_0_0_0_0_0_0_0_0_0_0_0 = 8.26392e-07
Hr_0_0 = 9.99997e-05
I = 1
pi2_0_0_0_0 = 9.06826e-11
pi2_0_0_0_0_l_0 = 1.00352e-10
pi2_0_0_0_0_l_0_0 = 9.50837e-11
pi2_0_0_0_0_l_0_0_0 = 9.79032e-11
pi2_0_0_0_0_l_0_0_0_0 = 9.43885e-11
pi2_0_0_0_0_l_0_0_0_0_0 = 9.58206e-11
pi2_0_0_0_0_l_0_0_0_0_0_0 = 9.30595e-11
pi2_0_0_0_0_l_0_0_0_0_0_0_0 = 9.39057e-11
pi2_0_0_0_0_l_0_0_0_0_0_0_0_0 = 9.15704e-11
pi2_0_0_0_0_l_0_0_0_0_0_0_0_0_0 = 9.21017e-11
pi2_0_0_0_0_l_0_0_0_0_0_0_0_0_0_0 = 9.00444e-11
pi2_0_0_0_0_l_0_0_0_0_0_0_0_0_0_0_0 = 9.03846e-11
pi2_0_0_0_0_l_0_0_0_0_0_0_0_0_0_0_0_0 = 8.85257e-11
pi2_0_0_0_0_l_0_0_0_0_0_0_0_0_0_0_0_0_0 = 8.87416e-11
pi2_0_0_0_0_l_0_0_0_0_0_0_0_0_0_0_0_0_0_0 = 8.70332e-11
pi2_0_0_0_0_l_0_0_0_0_0_0_0_0_0_0_0_0_0_0_0 = 8.71645e-11
pi2_0_0_0_0_l_0_0_0_0_0_0_0_0_0_0_0_0_0_0_0_0 = 8.5575e-11
pi2_0_0_0_0_l_0_0_0_0_0_0_0_0_0_0_0_0_0_0_0_0_0 = 8.56473e-11
pi2_0_0_0_0_l_0_0_0_0_0_0_0_0_0_0_0_0_0_0_0_0_0_0 = 8.41551e-11
pi2_0_0_0_0_l_0_0_0_0_0_0_0_0_0_0_0_0_0_0_0_0_0_0_0 = 8.41856e-11
pi2_0_0_0_0_l_0_0_0_0_0_0_0_0_0_0_0_0_0_0_0_0_0_0_0_0 = 8.27751e-11
