DD_0_0 = -1.61903e-13
DD_0_0_l_0 = 4.64277e-13
DD_0_0_l_0_0 = 3.52716e-13
DD_0_0_l_0_0_0 = 4.59716e-13
DD_0_0_l_0_0_0_0 = 4.10891e-13
DD_0_0_l_0_0_0_0_0 = 4.47369e-13
DD_0_0_l_0_0_0_0_0_0 = 4.19029e-13
DD_0_0_l_0_0_0_0_0_0_0 = 4.33251e-13
DD_0_0_l_0_0_0_0_0_0_0_0 = 4.14154e-13
DD_0_0_l_0_0_0_0_0_0_0_0_0 = 4.18866e-13
DD_0_0_l_0_0_0_0_0_0_0_0_0_0 = 4.04779e-13
Dr_0_0 = -1.96162e-12
Dr_0_0_l_0 = -2.64883e-13
Dr_0_0_l_0_0 = -3.03058e-14
Dr_0_0_l_0_0_0 = 2.30217e-13
Dr_0_0_l_0_0_0_0 = 3.52253e-13
Dr_0_0_l_0_0_0_0_0 = 4.31315e-13
Dr_0_0_l_0_0_0_0_0_0 = 5.08903e-13
Dr_0_0_l_0_0_0_0_0_0_0 = 5.34846e-13
Dr_0_0_l_0_0_0_0_0_0_0_0 = 5.89358e-13
Dr_0_0_l_0_0_0_0_0_0_0_0_0 = 5.94315e-13
Dr_0_0_l_0_0_0_0_0_0_0_0_0_0 = 6.34988e-13
Dr_0_0_l_0_0_0_0_0_0_0_0_0_0_0 = 6.58437e-13
Hl_0_0 = 9.19175e-07
Hl_0_0_l_0 = 9.90808e-07
Hl_0_0_l_0_0 = 9.53241e-07
Hl_0_0_l_0_0_0 = 9.71401e-07
Hl_0_0_l_0_0_0_0 = 9.44976e-07
Hl_0_0_l_0_0_0_0_0 = 9.52747e-07
Hl_0_0_l_0_0_0_0_0_0 = 9.31283e-07
Hl_0_0_l_0_0_0_0_0_0_0 = 9.34802e-07
Hl_0_0_l_0_0_0_0_0_0_0_0 = 9.16224e-07
Hl_0_0_l_0_0_0_0_0_0_0_0_0 = 9.17526e-07
Hl_0_0_l_0_0_0_0_0_0_0_0_0_0 = 9.00883e-07
Hr_0_0 = 9.99992e-05
I = 1
pi2_0_0_0_0 = 9.26337e-11
pi2_0_0_0_0_l_0 = 9.95448e-11
pi2_0_0_0_0_l_0_0 = 9.5638e-11
pi2_0_0_0_0_l_0_0_0 = 9.74153e-11
pi2_0_0_0_0_l_0_0_0_0 = 9.47025e-11
pi2_0_0_0_0_l_0_0_0_0_0 = 9.54687e-11
pi2_0_0_0_0_l_0_0_0_0_0_0 = 9.32797e-11
pi2_0_0_0_0_l_0_0_0_0_0_0_0 = 9.3629e-11
pi2_0_0_0_0_l_0_0_0_0_0_0_0_0 = 9.17418e-11
pi2_0_0_0_0_l_0_0_0_0_0_0_0_0_0 = 9.18727e-11
pi2_0_0_0_0_l_0_0_0_0_0_0_0_0_0_0 = 9.01876e-11
