DD_0_0 = 4.2167e-13
DD_0_0_l_0 = 4.83889e-13
DD_0_0_l_0_0 = 4.70619e-13
Dr_0_0 = 7.58785e-13
Dr_0_0_l_0 = 8.20527e-13
Dr_0_0_l_0_0 = 8.81994e-13
Dr_0_0_l_0_0_0 = 8.95119e-13
Hl_0_0 = 9.72035e-07
Hl_0_0_l_0 = 9.9028e-07
Hl_0_0_l_0_0 = 9.70872e-07
Hr_0_0 = 9.99989e-05
I = 1
pi2_0_0_0_0 = 9.72188e-11
pi2_0_0_0_0_l_0 = 9.90646e-11
pi2_0_0_0_0_l_0_0 = 9.71087e-11
