DD_0_0 = 8.81895e-13
DD_0_0_l_0 = 5.21176e-13
DD_0_0_l_0_0 = 5.62907e-13
DD_0_0_l_0_0_0 = 4.91142e-13
DD_0_0_l_0_0_0_0 = 5.01029e-13
DD_0_0_l_0_0_0_0_0 = 4.68658e-13
Dr_0_0 = 2.84988e-12
Dr_0_0_l_0 = 1.67826e-12
Dr_0_0_l_0_0 = 1.61239e-12
Dr_0_0_l_0_0_0 = 1.37256e-12
Dr_0_0_l_0_0_0_0 = 1.34157e-12
Dr_0_0_l_0_0_0_0_0 = 1.23142e-12
Dr_0_0_l_0_0_0_0_0_0 = 1.15003e-12
Hl_0_0 = 1.05903e-06
Hl_0_0_l_0 = 9.8941e-07
Hl_0_0_l_0_0 = 9.99887e-07
Hl_0_0_l_0_0_0 = 9.70002e-07
Hl_0_0_l_0_0_0_0 = 9.73003e-07
Hl_0_0_l_0_0_0_0_0 = 9.51346e-07
Hr_0_0 = 9.99987e-05
I = 1
pi2_0_0_0_0 = 1.05193e-10
pi2_0_0_0_0_l_0 = 9.86603e-11
pi2_0_0_0_0_l_0_0 = 9.97136e-11
pi2_0_0_0_0_l_0_0_0 = 9.68363e-11
pi2_0_0_0_0_l_0_0_0_0 = 9.71277e-11
pi2_0_0_0_0_l_0_0_0_0_0 = 9.50154e-11
