DD_0_0 = 4.12134e-11
DD_0_0_l_0 = 4.60329e-11
DD_0_0_l_0_0 = 3.44729e-11
DD_0_0_l_0_0_0 = 3.21359e-11
DD_0_0_l_0_0_0_0 = 2.56911e-11
DD_0_0_l_0_0_0_0_0 = 2.39071e-11
DD_0_0_l_0_0_0_0_0_0 = 1.96795e-11
DD_0_0_l_0_0_0_0_0_0_0 = 1.85858e-11
DD_0_0_l_0_0_0_0_0_0_0_0 = 1.54797e-11
DD_0_0_l_0_0_0_0_0_0_0_0_0 = 1.49583e-11
DD_0_0_l_0_0_0_0_0_0_0_0_0_0 = 1.24005e-11
Dr_0_0 = 4.8229e-11
Dr_0_0_l_0 = 6.79535e-11
Dr_0_0_l_0_0 = 6.5785e-11
Dr_0_0_l_0_0_0 = 6.29539e-11
Dr_0_0_l_0_0_0_0 = 5.96578e-11
Dr_0_0_l_0_0_0_0_0 = 5.55823e-11
Dr_0_0_l_0_0_0_0_0_0 = 5.2412e-11
Dr_0_0_l_0_0_0_0_0_0_0 = 4.89303e-11
Dr_0_0_l_0_0_0_0_0_0_0_0 = 4.58868e-11
Dr_0_0_l_0_0_0_0_0_0_0_0_0 = 4.34459e-11
Dr_0_0_l_0_0_0_0_0_0_0_0_0_0 = 4.01141e-11
Dr_0_0_l_0_0_0_0_0_0_0_0_0_0_0 = 3.71682e-11
Hl_0_0 = 9.63272e-06
Hl_0_0_l_0 = 9.03672e-06
Hl_0_0_l_0_0 = 8.07018e-06
Hl_0_0_l_0_0_0 = 7.57883e-06
Hl_0_0_l_0_0_0_0 = 6.89482e-06
Hl_0_0_l_0_0_0_0_0 = 6.55232e-06
Hl_0_0_l_0_0_0_0_0_0 = 6.01577e-06
Hl_0_0_l_0_0_0_0_0_0_0 = 5.7885e-06
Hl_0_0_l_0_0_0_0_0_0_0_0 = 5.32782e-06
Hl_0_0_l_0_0_0_0_0_0_0_0_0 = 5.20432e-06
Hl_0_0_l_0_0_0_0_0_0_0_0_0_0 = 4.76151e-06
Hr_0_0 = 9.99985e-05
I = 1
pi2_0_0_0_0 = 9.76385e-10
pi2_0_0_0_0_l_0 = 9.12208e-10
pi2_0_0_0_0_l_0_0 = 8.13231e-10
pi2_0_0_0_0_l_0_0_0 = 7.62749e-10
pi2_0_0_0_0_l_0_0_0_0 = 6.93362e-10
pi2_0_0_0_0_l_0_0_0_0_0 = 6.58396e-10
pi2_0_0_0_0_l_0_0_0_0_0_0 = 6.04246e-10
pi2_0_0_0_0_l_0_0_0_0_0_0_0 = 5.81052e-10
pi2_0_0_0_0_l_0_0_0_0_0_0_0_0 = 5.34725e-10
pi2_0_0_0_0_l_0_0_0_0_0_0_0_0_0 = 5.22036e-10
pi2_0_0_0_0_l_0_0_0_0_0_0_0_0_0_0 = 4.77514e-10
