D^2   = 4.65796042574303e-11
Dz    = 1.2233770167185243e-10
pi(A) = 1.9816154004710163e-05
pi(B) = 0.0020000000000000126
pi2   = 9.856978655214776e-09
