DD_0_0 = 8.81715e-13
DD_0_0_l_0 = 5.21068e-13
DD_0_0_l_0_0 = 5.62837e-13
DD_0_0_l_0_0_0 = 4.91074e-13
DD_0_0_l_0_0_0_0 = 5.0096e-13
DD_0_0_l_0_0_0_0_0 = 4.68614e-13
Dr_0_0 = 2.84876e-12
Dr_0_0_l_0 = 1.67764e-12
Dr_0_0_l_0_0 = 1.61186e-12
Dr_0_0_l_0_0_0 = 1.37214e-12
Dr_0_0_l_0_0_0_0 = 1.34117e-12
Dr_0_0_l_0_0_0_0_0 = 1.23108e-12
Dr_0_0_l_0_0_0_0_0_0 = 1.14972e-12
Hl_0_0 = 1.05903e-06
Hl_0_0_l_0 = 9.8941e-07
Hl_0_0_l_0_0 = 9.99887e-07
Hl_0_0_l_0_0_0 = 9.70002e-07
Hl_0_0_l_0_0_0_0 = 9.73003e-07
Hl_0_0_l_0_0_0_0_0 = 9.51346e-07
Hr_0_0 = 9.99987e-05
I = 1
pi2_0_0_0_0 = 1.05193e-10
pi2_0_0_0_0_l_0 = 9.86604e-11
pi2_0_0_0_0_l_0_0 = 9.97137e-11
pi2_0_0_0_0_l_0_0_0 = 9.68363e-11
pi2_0_0_0_0_l_0_0_0_0 = 9.71278e-11
pi2_0_0_0_0_l_0_0_0_0_0 = 9.50154e-11
