DD_0_0 = 4.21646e-13
DD_0_0_l_0 = 4.83823e-13
DD_0_0_l_0_0 = 4.70561e-13
Dr_0_0 = 7.58507e-13
Dr_0_0_l_0 = 8.20394e-13
Dr_0_0_l_0_0 = 8.81816e-13
Dr_0_0_l_0_0_0 = 8.94931e-13
Hl_0_0 = 9.72036e-07
Hl_0_0_l_0 = 9.9028e-07
Hl_0_0_l_0_0 = 9.70872e-07
Hr_0_0 = 9.99989e-05
I = 1
pi2_0_0_0_0 = 9.72189e-11
pi2_0_0_0_0_l_0 = 9.90646e-11
pi2_0_0_0_0_l_0_0 = 9.71086e-11
