DD_0_0 = -1.61695e-13
DD_0_0_l_0 = 4.64304e-13
DD_0_0_l_0_0 = 3.52724e-13
DD_0_0_l_0_0_0 = 4.59721e-13
DD_0_0_l_0_0_0_0 = 4.10885e-13
DD_0_0_l_0_0_0_0_0 = 4.47348e-13
DD_0_0_l_0_0_0_0_0_0 = 4.19011e-13
DD_0_0_l_0_0_0_0_0_0_0 = 4.33218e-13
DD_0_0_l_0_0_0_0_0_0_0_0 = 4.14121e-13
DD_0_0_l_0_0_0_0_0_0_0_0_0 = 4.18835e-13
DD_0_0_l_0_0_0_0_0_0_0_0_0_0 = 4.04741e-13
Dr_0_0 = -1.96099e-12
Dr_0_0_l_0 = -2.64445e-13
Dr_0_0_l_0_0 = -3.00871e-14
Dr_0_0_l_0_0_0 = 2.30407e-13
Dr_0_0_l_0_0_0_0 = 3.52361e-13
Dr_0_0_l_0_0_0_0_0 = 4.31401e-13
Dr_0_0_l_0_0_0_0_0_0 = 5.0896e-13
Dr_0_0_l_0_0_0_0_0_0_0 = 5.34873e-13
Dr_0_0_l_0_0_0_0_0_0_0_0 = 5.89365e-13
Dr_0_0_l_0_0_0_0_0_0_0_0_0 = 5.94314e-13
Dr_0_0_l_0_0_0_0_0_0_0_0_0_0 = 6.3497e-13
Dr_0_0_l_0_0_0_0_0_0_0_0_0_0_0 = 6.58404e-13
Hl_0_0 = 9.19175e-07
Hl_0_0_l_0 = 9.90808e-07
Hl_0_0_l_0_0 = 9.53242e-07
Hl_0_0_l_0_0_0 = 9.71401e-07
Hl_0_0_l_0_0_0_0 = 9.44976e-07
Hl_0_0_l_0_0_0_0_0 = 9.52747e-07
Hl_0_0_l_0_0_0_0_0_0 = 9.31283e-07
Hl_0_0_l_0_0_0_0_0_0_0 = 9.34802e-07
Hl_0_0_l_0_0_0_0_0_0_0_0 = 9.16224e-07
Hl_0_0_l_0_0_0_0_0_0_0_0_0 = 9.17526e-07
Hl_0_0_l_0_0_0_0_0_0_0_0_0_0 = 9.00883e-07
Hr_0_0 = 9.99992e-05
I = 1
pi2_0_0_0_0 = 9.26338e-11
pi2_0_0_0_0_l_0 = 9.95448e-11
pi2_0_0_0_0_l_0_0 = 9.5638e-11
pi2_0_0_0_0_l_0_0_0 = 9.74152e-11
pi2_0_0_0_0_l_0_0_0_0 = 9.47024e-11
pi2_0_0_0_0_l_0_0_0_0_0 = 9.54686e-11
pi2_0_0_0_0_l_0_0_0_0_0_0 = 9.32796e-11
pi2_0_0_0_0_l_0_0_0_0_0_0_0 = 9.3629e-11
pi2_0_0_0_0_l_0_0_0_0_0_0_0_0 = 9.17418e-11
pi2_0_0_0_0_l_0_0_0_0_0_0_0_0_0 = 9.18727e-11
pi2_0_0_0_0_l_0_0_0_0_0_0_0_0_0_0 = 9.01875e-11
