DD_0_0 = 4.12131e-11
DD_0_0_l_0 = 4.59917e-11
DD_0_0_l_0_0 = 3.44476e-11
DD_0_0_l_0_0_0 = 3.21089e-11
DD_0_0_l_0_0_0_0 = 2.5672e-11
DD_0_0_l_0_0_0_0_0 = 2.38884e-11
DD_0_0_l_0_0_0_0_0_0 = 1.96654e-11
DD_0_0_l_0_0_0_0_0_0_0 = 1.85723e-11
DD_0_0_l_0_0_0_0_0_0_0_0 = 1.54692e-11
DD_0_0_l_0_0_0_0_0_0_0_0_0 = 1.49481e-11
DD_0_0_l_0_0_0_0_0_0_0_0_0_0 = 1.23926e-11
Dr_0_0 = 4.82599e-11
Dr_0_0_l_0 = 6.78995e-11
Dr_0_0_l_0_0 = 6.57177e-11
Dr_0_0_l_0_0_0 = 6.2884e-11
Dr_0_0_l_0_0_0_0 = 5.95884e-11
Dr_0_0_l_0_0_0_0_0 = 5.55168e-11
Dr_0_0_l_0_0_0_0_0_0 = 5.23495e-11
Dr_0_0_l_0_0_0_0_0_0_0 = 4.88719e-11
Dr_0_0_l_0_0_0_0_0_0_0_0 = 4.58324e-11
Dr_0_0_l_0_0_0_0_0_0_0_0_0 = 4.33943e-11
Dr_0_0_l_0_0_0_0_0_0_0_0_0_0 = 4.00672e-11
Dr_0_0_l_0_0_0_0_0_0_0_0_0_0_0 = 3.71251e-11
Hl_0_0 = 9.63273e-06
Hl_0_0_l_0 = 9.03672e-06
Hl_0_0_l_0_0 = 8.07018e-06
Hl_0_0_l_0_0_0 = 7.57883e-06
Hl_0_0_l_0_0_0_0 = 6.89482e-06
Hl_0_0_l_0_0_0_0_0 = 6.55232e-06
Hl_0_0_l_0_0_0_0_0_0 = 6.01577e-06
Hl_0_0_l_0_0_0_0_0_0_0 = 5.7885e-06
Hl_0_0_l_0_0_0_0_0_0_0_0 = 5.32782e-06
Hl_0_0_l_0_0_0_0_0_0_0_0_0 = 5.20432e-06
Hl_0_0_l_0_0_0_0_0_0_0_0_0_0 = 4.76151e-06
Hr_0_0 = 9.99985e-05
I = 1
pi2_0_0_0_0 = 9.7635e-10
pi2_0_0_0_0_l_0 = 9.12184e-10
pi2_0_0_0_0_l_0_0 = 8.13215e-10
pi2_0_0_0_0_l_0_0_0 = 7.62737e-10
pi2_0_0_0_0_l_0_0_0_0 = 6.93353e-10
pi2_0_0_0_0_l_0_0_0_0_0 = 6.58388e-10
pi2_0_0_0_0_l_0_0_0_0_0_0 = 6.0424e-10
pi2_0_0_0_0_l_0_0_0_0_0_0_0 = 5.81047e-10
pi2_0_0_0_0_l_0_0_0_0_0_0_0_0 = 5.3472e-10
pi2_0_0_0_0_l_0_0_0_0_0_0_0_0_0 = 5.22032e-10
pi2_0_0_0_0_l_0_0_0_0_0_0_0_0_0_0 = 4.77511e-10
