DD_0_0 = -1.05241e-12
DD_0_0_l_0 = 4.59632e-13
DD_0_0_l_0_0 = 1.72112e-13
DD_0_0_l_0_0_0 = 4.57256e-13
DD_0_0_l_0_0_0_0 = 3.32182e-13
DD_0_0_l_0_0_0_0_0 = 4.45779e-13
DD_0_0_l_0_0_0_0_0_0 = 3.74637e-13
DD_0_0_l_0_0_0_0_0_0_0 = 4.32305e-13
DD_0_0_l_0_0_0_0_0_0_0_0 = 3.8548e-13
DD_0_0_l_0_0_0_0_0_0_0_0_0 = 4.18148e-13
DD_0_0_l_0_0_0_0_0_0_0_0_0_0 = 3.84698e-13
DD_0_0_l_0_0_0_0_0_0_0_0_0_0_0 = 4.04361e-13
DD_0_0_l_0_0_0_0_0_0_0_0_0_0_0_0 = 3.78804e-13
DD_0_0_l_0_0_0_0_0_0_0_0_0_0_0_0_0 = 3.90696e-13
DD_0_0_l_0_0_0_0_0_0_0_0_0_0_0_0_0_0 = 3.70719e-13
DD_0_0_l_0_0_0_0_0_0_0_0_0_0_0_0_0_0_0 = 3.77463e-13
DD_0_0_l_0_0_0_0_0_0_0_0_0_0_0_0_0_0_0_0 = 3.61434e-13
DD_0_0_l_0_0_0_0_0_0_0_0_0_0_0_0_0_0_0_0_0 = 3.64944e-13
DD_0_0_l_0_0_0_0_0_0_0_0_0_0_0_0_0_0_0_0_0_0 = 3.5154e-13
DD_0_0_l_0_0_0_0_0_0_0_0_0_0_0_0_0_0_0_0_0_0_0 = 3.53064e-13
DD_0_0_l_0_0_0_0_0_0_0_0_0_0_0_0_0_0_0_0_0_0_0_0 = 3.4154e-13
Dr_0_0 = -6.67883e-12
Dr_0_0_l_0 = -1.90395e-12
Dr_0_0_l_0_0 = -1.57788e-12
Dr_0_0_l_0_0_0 = -7.31999e-13
Dr_0_0_l_0_0_0_0 = -5.6034e-13
Dr_0_0_l_0_0_0_0_0 = -2.42084e-13
Dr_0_0_l_0_0_0_0_0_0 = -1.3159e-13
Dr_0_0_l_0_0_0_0_0_0_0 = 2.12963e-14
Dr_0_0_l_0_0_0_0_0_0_0_0 = 9.99598e-14
Dr_0_0_l_0_0_0_0_0_0_0_0_0 = 1.82096e-13
Dr_0_0_l_0_0_0_0_0_0_0_0_0_0 = 2.41482e-13
Dr_0_0_l_0_0_0_0_0_0_0_0_0_0_0 = 2.8795e-13
Dr_0_0_l_0_0_0_0_0_0_0_0_0_0_0_0 = 3.34715e-13
Dr_0_0_l_0_0_0_0_0_0_0_0_0_0_0_0_0 = 3.61004e-13
Dr_0_0_l_0_0_0_0_0_0_0_0_0_0_0_0_0_0 = 3.98909e-13
Dr_0_0_l_0_0_0_0_0_0_0_0_0_0_0_0_0_0_0 = 4.13102e-13
Dr_0_0_l_0_0_0_0_0_0_0_0_0_0_0_0_0_0_0_0 = 4.4441e-13
Dr_0_0_l_0_0_0_0_0_0_0_0_0_0_0_0_0_0_0_0_0 = 4.50971e-13
Dr_0_0_l_0_0_0_0_0_0_0_0_0_0_0_0_0_0_0_0_0_0 = 4.77278e-13
Dr_0_0_l_0_0_0_0_0_0_0_0_0_0_0_0_0_0_0_0_0_0_0 = 4.78773e-13
Dr_0_0_l_0_0_0_0_0_0_0_0_0_0_0_0_0_0_0_0_0_0_0_0 = 5.01246e-13
Dr_0_0_l_0_0_0_0_0_0_0_0_0_0_0_0_0_0_0_0_0_0_0_0_0 = 5.15183e-13
Hl_0_0 = 8.84927e-07
Hl_0_0_l_0 = 9.91151e-07
Hl_0_0_l_0_0 = 9.41819e-07
Hl_0_0_l_0_0_0 = 9.71744e-07
Hl_0_0_l_0_0_0_0 = 9.38113e-07
Hl_0_0_l_0_0_0_0_0 = 9.5309e-07
Hl_0_0_l_0_0_0_0_0_0 = 9.26369e-07
Hl_0_0_l_0_0_0_0_0_0_0 = 9.35146e-07
Hl_0_0_l_0_0_0_0_0_0_0_0 = 9.12391e-07
Hl_0_0_l_0_0_0_0_0_0_0_0_0 = 9.17871e-07
Hl_0_0_l_0_0_0_0_0_0_0_0_0_0 = 8.97735e-07
Hl_0_0_l_0_0_0_0_0_0_0_0_0_0_0 = 9.01229e-07
Hl_0_0_l_0_0_0_0_0_0_0_0_0_0_0_0 = 8.82977e-07
Hl_0_0_l_0_0_0_0_0_0_0_0_0_0_0_0_0 = 8.85186e-07
Hl_0_0_l_0_0_0_0_0_0_0_0_0_0_0_0_0_0 = 8.68371e-07
Hl_0_0_l_0_0_0_0_0_0_0_0_0_0_0_0_0_0_0 = 8.69709e-07
Hl_0_0_l_0_0_0_0_0_0_0_0_0_0_0_0_0_0_0_0 = 8.54037e-07
Hl_0_0_l_0_0_0_0_0_0_0_0_0_0_0_0_0_0_0_0_0 = 8.54769e-07
Hl_0_0_l_0_0_0_0_0_0_0_0_0_0_0_0_0_0_0_0_0_0 = 8.40035e-07
Hl_0_0_l_0_0_0_0_0_0_0_0_0_0_0_0_0_0_0_0_0_0_0 = 8.40338e-07
Hl_0_0_l_0_0_0_0_0_0_0_0_0_0_0_0_0_0_0_0_0_0_0_0 = 8.26392e-07
Hr_0_0 = 9.99997e-05
I = 1
pi2_0_0_0_0 = 9.06556e-11
pi2_0_0_0_0_l_0 = 1.00327e-10
pi2_0_0_0_0_l_0_0 = 9.50715e-11
pi2_0_0_0_0_l_0_0_0 = 9.78886e-11
pi2_0_0_0_0_l_0_0_0_0 = 9.43805e-11
pi2_0_0_0_0_l_0_0_0_0_0 = 9.58103e-11
pi2_0_0_0_0_l_0_0_0_0_0_0 = 9.30534e-11
pi2_0_0_0_0_l_0_0_0_0_0_0_0 = 9.38978e-11
pi2_0_0_0_0_l_0_0_0_0_0_0_0_0 = 9.15656e-11
pi2_0_0_0_0_l_0_0_0_0_0_0_0_0_0 = 9.20954e-11
pi2_0_0_0_0_l_0_0_0_0_0_0_0_0_0_0 = 9.00405e-11
pi2_0_0_0_0_l_0_0_0_0_0_0_0_0_0_0_0 = 9.03795e-11
pi2_0_0_0_0_l_0_0_0_0_0_0_0_0_0_0_0_0 = 8.85224e-11
pi2_0_0_0_0_l_0_0_0_0_0_0_0_0_0_0_0_0_0 = 8.87373e-11
pi2_0_0_0_0_l_0_0_0_0_0_0_0_0_0_0_0_0_0_0 = 8.70303e-11
pi2_0_0_0_0_l_0_0_0_0_0_0_0_0_0_0_0_0_0_0_0 = 8.71607e-11
pi2_0_0_0_0_l_0_0_0_0_0_0_0_0_0_0_0_0_0_0_0_0 = 8.55725e-11
pi2_0_0_0_0_l_0_0_0_0_0_0_0_0_0_0_0_0_0_0_0_0_0 = 8.56441e-11
pi2_0_0_0_0_l_0_0_0_0_0_0_0_0_0_0_0_0_0_0_0_0_0_0 = 8.41528e-11
pi2_0_0_0_0_l_0_0_0_0_0_0_0_0_0_0_0_0_0_0_0_0_0_0_0 = 8.41828e-11
pi2_0_0_0_0_l_0_0_0_0_0_0_0_0_0_0_0_0_0_0_0_0_0_0_0_0 = 8.2773e-11
