DD_0_0 = 8.79528e-13
DD_0_0_l_0 = 5.203e-13
DD_0_0_l_0_0 = 5.62041e-13
DD_0_0_l_0_0_0 = 4.90517e-13
DD_0_0_l_0_0_0_0 = 5.00399e-13
DD_0_0_l_0_0_0_0_0 = 4.68124e-13
Dr_0_0 = 2.83626e-12
Dr_0_0_l_0 = 1.67113e-12
Dr_0_0_l_0_0 = 1.60574e-12
Dr_0_0_l_0_0_0 = 1.36751e-12
Dr_0_0_l_0_0_0_0 = 1.33665e-12
Dr_0_0_l_0_0_0_0_0 = 1.2273e-12
Dr_0_0_l_0_0_0_0_0_0 = 1.14643e-12
Hl_0_0 = 1.05903e-06
Hl_0_0_l_0 = 9.8941e-07
Hl_0_0_l_0_0 = 9.99887e-07
Hl_0_0_l_0_0_0 = 9.70002e-07
Hl_0_0_l_0_0_0_0 = 9.73003e-07
Hl_0_0_l_0_0_0_0_0 = 9.51346e-07
Hr_0_0 = 9.99987e-05
I = 1
pi2_0_0_0_0 = 1.05197e-10
pi2_0_0_0_0_l_0 = 9.8662e-11
pi2_0_0_0_0_l_0_0 = 9.97153e-11
pi2_0_0_0_0_l_0_0_0 = 9.68372e-11
pi2_0_0_0_0_l_0_0_0_0 = 9.71288e-11
pi2_0_0_0_0_l_0_0_0_0_0 = 9.50161e-11
