DD_0_0 = -1.00909e-12
DD_0_0_l_0 = 4.60091e-13
DD_0_0_l_0_0 = 1.79988e-13
DD_0_0_l_0_0_0 = 4.57084e-13
DD_0_0_l_0_0_0_0 = 3.35417e-13
DD_0_0_l_0_0_0_0_0 = 4.45495e-13
DD_0_0_l_0_0_0_0_0_0 = 3.76419e-13
DD_0_0_l_0_0_0_0_0_0_0 = 4.31974e-13
DD_0_0_l_0_0_0_0_0_0_0_0 = 3.86597e-13
DD_0_0_l_0_0_0_0_0_0_0_0_0 = 4.17673e-13
DD_0_0_l_0_0_0_0_0_0_0_0_0_0 = 3.85384e-13
DD_0_0_l_0_0_0_0_0_0_0_0_0_0_0 = 4.03965e-13
DD_0_0_l_0_0_0_0_0_0_0_0_0_0_0_0 = 3.79079e-13
DD_0_0_l_0_0_0_0_0_0_0_0_0_0_0_0_0 = 3.90421e-13
DD_0_0_l_0_0_0_0_0_0_0_0_0_0_0_0_0_0 = 3.7068e-13
DD_0_0_l_0_0_0_0_0_0_0_0_0_0_0_0_0_0_0 = 3.77301e-13
DD_0_0_l_0_0_0_0_0_0_0_0_0_0_0_0_0_0_0_0 = 3.61255e-13
DD_0_0_l_0_0_0_0_0_0_0_0_0_0_0_0_0_0_0_0_0 = 3.64791e-13
DD_0_0_l_0_0_0_0_0_0_0_0_0_0_0_0_0_0_0_0_0_0 = 3.51393e-13
DD_0_0_l_0_0_0_0_0_0_0_0_0_0_0_0_0_0_0_0_0_0_0 = 3.52874e-13
DD_0_0_l_0_0_0_0_0_0_0_0_0_0_0_0_0_0_0_0_0_0_0_0 = 3.41406e-13
Dr_0_0 = -6.45569e-12
Dr_0_0_l_0 = -1.81799e-12
Dr_0_0_l_0_0 = -1.50358e-12
Dr_0_0_l_0_0_0 = -6.81941e-13
Dr_0_0_l_0_0_0_0 = -5.16528e-13
Dr_0_0_l_0_0_0_0_0 = -2.07236e-13
Dr_0_0_l_0_0_0_0_0_0 = -1.01035e-13
Dr_0_0_l_0_0_0_0_0_0_0 = 4.76542e-14
Dr_0_0_l_0_0_0_0_0_0_0_0 = 1.23131e-13
Dr_0_0_l_0_0_0_0_0_0_0_0_0 = 2.03082e-13
Dr_0_0_l_0_0_0_0_0_0_0_0_0_0 = 2.59888e-13
Dr_0_0_l_0_0_0_0_0_0_0_0_0_0_0 = 3.05229e-13
Dr_0_0_l_0_0_0_0_0_0_0_0_0_0_0_0 = 3.49863e-13
Dr_0_0_l_0_0_0_0_0_0_0_0_0_0_0_0_0 = 3.75544e-13
Dr_0_0_l_0_0_0_0_0_0_0_0_0_0_0_0_0_0 = 4.11686e-13
Dr_0_0_l_0_0_0_0_0_0_0_0_0_0_0_0_0_0_0 = 4.25526e-13
Dr_0_0_l_0_0_0_0_0_0_0_0_0_0_0_0_0_0_0_0 = 4.55401e-13
Dr_0_0_l_0_0_0_0_0_0_0_0_0_0_0_0_0_0_0_0_0 = 4.61733e-13
Dr_0_0_l_0_0_0_0_0_0_0_0_0_0_0_0_0_0_0_0_0_0 = 4.86857e-13
Dr_0_0_l_0_0_0_0_0_0_0_0_0_0_0_0_0_0_0_0_0_0_0 = 4.88239e-13
Dr_0_0_l_0_0_0_0_0_0_0_0_0_0_0_0_0_0_0_0_0_0_0_0 = 5.09652e-13
Dr_0_0_l_0_0_0_0_0_0_0_0_0_0_0_0_0_0_0_0_0_0_0_0_0 = 5.22833e-13
Hl_0_0 = 8.84924e-07
Hl_0_0_l_0 = 9.91151e-07
Hl_0_0_l_0_0 = 9.41818e-07
Hl_0_0_l_0_0_0 = 9.71744e-07
Hl_0_0_l_0_0_0_0 = 9.38112e-07
Hl_0_0_l_0_0_0_0_0 = 9.5309e-07
Hl_0_0_l_0_0_0_0_0_0 = 9.26369e-07
Hl_0_0_l_0_0_0_0_0_0_0 = 9.35146e-07
Hl_0_0_l_0_0_0_0_0_0_0_0 = 9.12391e-07
Hl_0_0_l_0_0_0_0_0_0_0_0_0 = 9.17871e-07
Hl_0_0_l_0_0_0_0_0_0_0_0_0_0 = 8.97735e-07
Hl_0_0_l_0_0_0_0_0_0_0_0_0_0_0 = 9.01229e-07
Hl_0_0_l_0_0_0_0_0_0_0_0_0_0_0_0 = 8.82977e-07
Hl_0_0_l_0_0_0_0_0_0_0_0_0_0_0_0_0 = 8.85186e-07
Hl_0_0_l_0_0_0_0_0_0_0_0_0_0_0_0_0_0 = 8.68371e-07
Hl_0_0_l_0_0_0_0_0_0_0_0_0_0_0_0_0_0_0 = 8.69709e-07
Hl_0_0_l_0_0_0_0_0_0_0_0_0_0_0_0_0_0_0_0 = 8.54037e-07
Hl_0_0_l_0_0_0_0_0_0_0_0_0_0_0_0_0_0_0_0_0 = 8.54769e-07
Hl_0_0_l_0_0_0_0_0_0_0_0_0_0_0_0_0_0_0_0_0_0 = 8.40035e-07
Hl_0_0_l_0_0_0_0_0_0_0_0_0_0_0_0_0_0_0_0_0_0_0 = 8.40338e-07
Hl_0_0_l_0_0_0_0_0_0_0_0_0_0_0_0_0_0_0_0_0_0_0_0 = 8.26392e-07
Hr_0_0 = 9.99996e-05
I = 1
pi2_0_0_0_0 = 9.05999e-11
pi2_0_0_0_0_l_0 = 1.00291e-10
pi2_0_0_0_0_l_0_0 = 9.50478e-11
pi2_0_0_0_0_l_0_0_0 = 9.7868e-11
pi2_0_0_0_0_l_0_0_0_0 = 9.43653e-11
pi2_0_0_0_0_l_0_0_0_0_0 = 9.57957e-11
pi2_0_0_0_0_l_0_0_0_0_0_0 = 9.30422e-11
pi2_0_0_0_0_l_0_0_0_0_0_0_0 = 9.38866e-11
pi2_0_0_0_0_l_0_0_0_0_0_0_0_0 = 9.15568e-11
pi2_0_0_0_0_l_0_0_0_0_0_0_0_0_0 = 9.20864e-11
pi2_0_0_0_0_l_0_0_0_0_0_0_0_0_0_0 = 9.00332e-11
pi2_0_0_0_0_l_0_0_0_0_0_0_0_0_0_0_0 = 9.03721e-11
pi2_0_0_0_0_l_0_0_0_0_0_0_0_0_0_0_0_0 = 8.85162e-11
pi2_0_0_0_0_l_0_0_0_0_0_0_0_0_0_0_0_0_0 = 8.8731e-11
pi2_0_0_0_0_l_0_0_0_0_0_0_0_0_0_0_0_0_0_0 = 8.70249e-11
pi2_0_0_0_0_l_0_0_0_0_0_0_0_0_0_0_0_0_0_0_0 = 8.71553e-11
pi2_0_0_0_0_l_0_0_0_0_0_0_0_0_0_0_0_0_0_0_0_0 = 8.55677e-11
pi2_0_0_0_0_l_0_0_0_0_0_0_0_0_0_0_0_0_0_0_0_0_0 = 8.56393e-11
pi2_0_0_0_0_l_0_0_0_0_0_0_0_0_0_0_0_0_0_0_0_0_0_0 = 8.41485e-11
pi2_0_0_0_0_l_0_0_0_0_0_0_0_0_0_0_0_0_0_0_0_0_0_0_0 = 8.41786e-11
pi2_0_0_0_0_l_0_0_0_0_0_0_0_0_0_0_0_0_0_0_0_0_0_0_0_0 = 8.27691e-11
