DD_0_0 = -1.59203e-13
DD_0_0_l_0 = 4.64449e-13
DD_0_0_l_0_0 = 3.52908e-13
DD_0_0_l_0_0_0 = 4.59562e-13
DD_0_0_l_0_0_0_0 = 4.10721e-13
DD_0_0_l_0_0_0_0_0 = 4.47102e-13
DD_0_0_l_0_0_0_0_0_0 = 4.18747e-13
DD_0_0_l_0_0_0_0_0_0_0 = 4.32933e-13
DD_0_0_l_0_0_0_0_0_0_0_0 = 4.13837e-13
DD_0_0_l_0_0_0_0_0_0_0_0_0 = 4.18535e-13
DD_0_0_l_0_0_0_0_0_0_0_0_0_0 = 4.04448e-13
Dr_0_0 = -1.94895e-12
Dr_0_0_l_0 = -2.57996e-13
Dr_0_0_l_0_0 = -2.5881e-14
Dr_0_0_l_0_0_0 = 2.33753e-13
Dr_0_0_l_0_0_0_0 = 3.54604e-13
Dr_0_0_l_0_0_0_0_0 = 4.33382e-13
Dr_0_0_l_0_0_0_0_0_0 = 5.10274e-13
Dr_0_0_l_0_0_0_0_0_0_0 = 5.36088e-13
Dr_0_0_l_0_0_0_0_0_0_0_0 = 5.90135e-13
Dr_0_0_l_0_0_0_0_0_0_0_0_0 = 5.95045e-13
Dr_0_0_l_0_0_0_0_0_0_0_0_0_0 = 6.35379e-13
Dr_0_0_l_0_0_0_0_0_0_0_0_0_0_0 = 6.58592e-13
Hl_0_0 = 9.19176e-07
Hl_0_0_l_0 = 9.90808e-07
Hl_0_0_l_0_0 = 9.53242e-07
Hl_0_0_l_0_0_0 = 9.71401e-07
Hl_0_0_l_0_0_0_0 = 9.44976e-07
Hl_0_0_l_0_0_0_0_0 = 9.52747e-07
Hl_0_0_l_0_0_0_0_0_0 = 9.31283e-07
Hl_0_0_l_0_0_0_0_0_0_0 = 9.34802e-07
Hl_0_0_l_0_0_0_0_0_0_0_0 = 9.16224e-07
Hl_0_0_l_0_0_0_0_0_0_0_0_0 = 9.17526e-07
Hl_0_0_l_0_0_0_0_0_0_0_0_0_0 = 9.00883e-07
Hr_0_0 = 9.99992e-05
I = 1
pi2_0_0_0_0 = 9.26314e-11
pi2_0_0_0_0_l_0 = 9.95429e-11
pi2_0_0_0_0_l_0_0 = 9.56368e-11
pi2_0_0_0_0_l_0_0_0 = 9.7414e-11
pi2_0_0_0_0_l_0_0_0_0 = 9.47016e-11
pi2_0_0_0_0_l_0_0_0_0_0 = 9.54678e-11
pi2_0_0_0_0_l_0_0_0_0_0_0 = 9.3279e-11
pi2_0_0_0_0_l_0_0_0_0_0_0_0 = 9.36283e-11
pi2_0_0_0_0_l_0_0_0_0_0_0_0_0 = 9.17413e-11
pi2_0_0_0_0_l_0_0_0_0_0_0_0_0_0 = 9.18722e-11
pi2_0_0_0_0_l_0_0_0_0_0_0_0_0_0_0 = 9.01871e-11
