DD_0_0 = 4.21308e-13
DD_0_0_l_0 = 4.83462e-13
DD_0_0_l_0_0 = 4.70152e-13
Dr_0_0 = 7.57456e-13
Dr_0_0_l_0 = 8.19115e-13
Dr_0_0_l_0_0 = 8.80489e-13
Dr_0_0_l_0_0_0 = 8.93516e-13
Hl_0_0 = 9.72036e-07
Hl_0_0_l_0 = 9.90279e-07
Hl_0_0_l_0_0 = 9.70872e-07
Hr_0_0 = 9.99989e-05
I = 1
pi2_0_0_0_0 = 9.72188e-11
pi2_0_0_0_0_l_0 = 9.90645e-11
pi2_0_0_0_0_l_0_0 = 9.71086e-11
