DD_0_0 = -9.50437e-13
DD_0_0_l_0 = 4.68108e-13
DD_0_0_l_0_0 = 1.88548e-13
DD_0_0_l_0_0_0 = 4.58964e-13
DD_0_0_l_0_0_0_0 = 3.36804e-13
DD_0_0_l_0_0_0_0_0 = 4.44919e-13
DD_0_0_l_0_0_0_0_0_0 = 3.75708e-13
DD_0_0_l_0_0_0_0_0_0_0 = 4.30419e-13
DD_0_0_l_0_0_0_0_0_0_0_0 = 3.84756e-13
DD_0_0_l_0_0_0_0_0_0_0_0_0 = 4.15605e-13
DD_0_0_l_0_0_0_0_0_0_0_0_0_0 = 3.83149e-13
DD_0_0_l_0_0_0_0_0_0_0_0_0_0_0 = 4.01606e-13
DD_0_0_l_0_0_0_0_0_0_0_0_0_0_0_0 = 3.76839e-13
DD_0_0_l_0_0_0_0_0_0_0_0_0_0_0_0_0 = 3.87943e-13
DD_0_0_l_0_0_0_0_0_0_0_0_0_0_0_0_0_0 = 3.68428e-13
DD_0_0_l_0_0_0_0_0_0_0_0_0_0_0_0_0_0_0 = 3.74884e-13
DD_0_0_l_0_0_0_0_0_0_0_0_0_0_0_0_0_0_0_0 = 3.58888e-13
DD_0_0_l_0_0_0_0_0_0_0_0_0_0_0_0_0_0_0_0_0 = 3.62505e-13
DD_0_0_l_0_0_0_0_0_0_0_0_0_0_0_0_0_0_0_0_0_0 = 3.48944e-13
DD_0_0_l_0_0_0_0_0_0_0_0_0_0_0_0_0_0_0_0_0_0_0 = 3.50609e-13
DD_0_0_l_0_0_0_0_0_0_0_0_0_0_0_0_0_0_0_0_0_0_0_0 = 3.39064e-13
Dr_0_0 = -6.14742e-12
Dr_0_0_l_0 = -1.65495e-12
Dr_0_0_l_0_0 = -1.38404e-12
Dr_0_0_l_0_0_0 = -5.88706e-13
Dr_0_0_l_0_0_0_0 = -4.43436e-13
Dr_0_0_l_0_0_0_0_0 = -1.44498e-13
Dr_0_0_l_0_0_0_0_0_0 = -5.02097e-14
Dr_0_0_l_0_0_0_0_0_0_0 = 9.3399e-14
Dr_0_0_l_0_0_0_0_0_0_0_0 = 1.60819e-13
Dr_0_0_l_0_0_0_0_0_0_0_0_0 = 2.37836e-13
Dr_0_0_l_0_0_0_0_0_0_0_0_0_0 = 2.88855e-13
Dr_0_0_l_0_0_0_0_0_0_0_0_0_0_0 = 3.32409e-13
Dr_0_0_l_0_0_0_0_0_0_0_0_0_0_0_0 = 3.72638e-13
Dr_0_0_l_0_0_0_0_0_0_0_0_0_0_0_0_0 = 3.97272e-13
Dr_0_0_l_0_0_0_0_0_0_0_0_0_0_0_0_0_0 = 4.29857e-13
Dr_0_0_l_0_0_0_0_0_0_0_0_0_0_0_0_0_0_0 = 4.43134e-13
Dr_0_0_l_0_0_0_0_0_0_0_0_0_0_0_0_0_0_0_0 = 4.70053e-13
Dr_0_0_l_0_0_0_0_0_0_0_0_0_0_0_0_0_0_0_0_0 = 4.76096e-13
Dr_0_0_l_0_0_0_0_0_0_0_0_0_0_0_0_0_0_0_0_0_0 = 4.98779e-13
Dr_0_0_l_0_0_0_0_0_0_0_0_0_0_0_0_0_0_0_0_0_0_0 = 4.99966e-13
Dr_0_0_l_0_0_0_0_0_0_0_0_0_0_0_0_0_0_0_0_0_0_0_0 = 5.19395e-13
Dr_0_0_l_0_0_0_0_0_0_0_0_0_0_0_0_0_0_0_0_0_0_0_0_0 = 5.30997e-13
Hl_0_0 = 8.84927e-07
Hl_0_0_l_0 = 9.91151e-07
Hl_0_0_l_0_0 = 9.41819e-07
Hl_0_0_l_0_0_0 = 9.71744e-07
Hl_0_0_l_0_0_0_0 = 9.38113e-07
Hl_0_0_l_0_0_0_0_0 = 9.5309e-07
Hl_0_0_l_0_0_0_0_0_0 = 9.26369e-07
Hl_0_0_l_0_0_0_0_0_0_0 = 9.35146e-07
Hl_0_0_l_0_0_0_0_0_0_0_0 = 9.12391e-07
Hl_0_0_l_0_0_0_0_0_0_0_0_0 = 9.17871e-07
Hl_0_0_l_0_0_0_0_0_0_0_0_0_0 = 8.97735e-07
Hl_0_0_l_0_0_0_0_0_0_0_0_0_0_0 = 9.01229e-07
Hl_0_0_l_0_0_0_0_0_0_0_0_0_0_0_0 = 8.82977e-07
Hl_0_0_l_0_0_0_0_0_0_0_0_0_0_0_0_0 = 8.85186e-07
Hl_0_0_l_0_0_0_0_0_0_0_0_0_0_0_0_0_0 = 8.68371e-07
Hl_0_0_l_0_0_0_0_0_0_0_0_0_0_0_0_0_0_0 = 8.69709e-07
Hl_0_0_l_0_0_0_0_0_0_0_0_0_0_0_0_0_0_0_0 = 8.54037e-07
Hl_0_0_l_0_0_0_0_0_0_0_0_0_0_0_0_0_0_0_0_0 = 8.54769e-07
Hl_0_0_l_0_0_0_0_0_0_0_0_0_0_0_0_0_0_0_0_0_0 = 8.40035e-07
Hl_0_0_l_0_0_0_0_0_0_0_0_0_0_0_0_0_0_0_0_0_0_0 = 8.40338e-07
Hl_0_0_l_0_0_0_0_0_0_0_0_0_0_0_0_0_0_0_0_0_0_0_0 = 8.26392e-07
Hr_0_0 = 9.99996e-05
I = 1
pi2_0_0_0_0 = 9.05336e-11
pi2_0_0_0_0_l_0 = 1.00247e-10
pi2_0_0_0_0_l_0_0 = 9.50152e-11
pi2_0_0_0_0_l_0_0_0 = 9.78408e-11
pi2_0_0_0_0_l_0_0_0_0 = 9.43435e-11
pi2_0_0_0_0_l_0_0_0_0_0 = 9.57763e-11
pi2_0_0_0_0_l_0_0_0_0_0_0 = 9.30259e-11
pi2_0_0_0_0_l_0_0_0_0_0_0_0 = 9.38716e-11
pi2_0_0_0_0_l_0_0_0_0_0_0_0_0 = 9.15438e-11
pi2_0_0_0_0_l_0_0_0_0_0_0_0_0_0 = 9.20742e-11
pi2_0_0_0_0_l_0_0_0_0_0_0_0_0_0_0 = 9.00224e-11
pi2_0_0_0_0_l_0_0_0_0_0_0_0_0_0_0_0 = 9.03618e-11
pi2_0_0_0_0_l_0_0_0_0_0_0_0_0_0_0_0_0 = 8.85071e-11
pi2_0_0_0_0_l_0_0_0_0_0_0_0_0_0_0_0_0_0 = 8.87222e-11
pi2_0_0_0_0_l_0_0_0_0_0_0_0_0_0_0_0_0_0_0 = 8.7017e-11
pi2_0_0_0_0_l_0_0_0_0_0_0_0_0_0_0_0_0_0_0_0 = 8.71477e-11
pi2_0_0_0_0_l_0_0_0_0_0_0_0_0_0_0_0_0_0_0_0_0 = 8.55608e-11
pi2_0_0_0_0_l_0_0_0_0_0_0_0_0_0_0_0_0_0_0_0_0_0 = 8.56326e-11
pi2_0_0_0_0_l_0_0_0_0_0_0_0_0_0_0_0_0_0_0_0_0_0_0 = 8.41424e-11
pi2_0_0_0_0_l_0_0_0_0_0_0_0_0_0_0_0_0_0_0_0_0_0_0_0 = 8.41725e-11
pi2_0_0_0_0_l_0_0_0_0_0_0_0_0_0_0_0_0_0_0_0_0_0_0_0_0 = 8.27637e-11
