DD_0_0 = 4.18602e-13
DD_0_0_l_0 = 4.79718e-13
DD_0_0_l_0_0 = 4.66226e-13
Dr_0_0 = 7.4638e-13
Dr_0_0_l_0 = 8.0736e-13
Dr_0_0_l_0_0 = 8.67242e-13
Dr_0_0_l_0_0_0 = 8.79602e-13
Hl_0_0 = 9.72036e-07
Hl_0_0_l_0 = 9.9028e-07
Hl_0_0_l_0_0 = 9.70872e-07
Hr_0_0 = 9.99989e-05
I = 1
pi2_0_0_0_0 = 9.7219e-11
pi2_0_0_0_0_l_0 = 9.90639e-11
pi2_0_0_0_0_l_0_0 = 9.71082e-11
