DD_0_0 = 8.25755e-11
DD_0_0_l_0 = 3.97642e-11
DD_0_0_l_0_0 = 4.10533e-11
DD_0_0_l_0_0_0 = 2.79972e-11
DD_0_0_l_0_0_0_0 = 2.80729e-11
DD_0_0_l_0_0_0_0_0 = 2.08713e-11
Dr_0_0 = 1.61645e-10
Dr_0_0_l_0 = 1.00491e-10
Dr_0_0_l_0_0 = 8.87207e-11
Dr_0_0_l_0_0_0 = 7.53588e-11
Dr_0_0_l_0_0_0_0 = 6.82052e-11
Dr_0_0_l_0_0_0_0_0 = 6.07044e-11
Dr_0_0_l_0_0_0_0_0_0 = 5.29928e-11
Hl_0_0 = 1.12258e-05
Hl_0_0_l_0 = 8.87741e-06
Hl_0_0_l_0_0 = 8.63306e-06
Hl_0_0_l_0_0_0 = 7.40996e-06
Hl_0_0_l_0_0_0_0 = 7.28098e-06
Hl_0_0_l_0_0_0_0_0 = 6.35922e-06
Hr_0_0 = 9.99974e-05
I = 1
pi2_0_0_0_0 = 1.1076e-09
pi2_0_0_0_0_l_0 = 8.82516e-10
pi2_0_0_0_0_l_0_0 = 8.58976e-10
pi2_0_0_0_0_l_0_0_0 = 7.39077e-10
pi2_0_0_0_0_l_0_0_0_0 = 7.25733e-10
pi2_0_0_0_0_l_0_0_0_0_0 = 6.34803e-10
