DD_0_0 = -1.36517e-13
DD_0_0_l_0 = 4.65503e-13
DD_0_0_l_0_0 = 3.54142e-13
DD_0_0_l_0_0_0 = 4.57868e-13
DD_0_0_l_0_0_0_0 = 4.09021e-13
DD_0_0_l_0_0_0_0_0 = 4.44572e-13
DD_0_0_l_0_0_0_0_0_0 = 4.16194e-13
DD_0_0_l_0_0_0_0_0_0_0 = 4.30095e-13
DD_0_0_l_0_0_0_0_0_0_0_0 = 4.1098e-13
DD_0_0_l_0_0_0_0_0_0_0_0_0 = 4.15596e-13
DD_0_0_l_0_0_0_0_0_0_0_0_0_0 = 4.01501e-13
Dr_0_0 = -1.83969e-12
Dr_0_0_l_0 = -1.9942e-13
Dr_0_0_l_0_0 = 1.18099e-14
Dr_0_0_l_0_0_0 = 2.63309e-13
Dr_0_0_l_0_0_0_0 = 3.7425e-13
Dr_0_0_l_0_0_0_0_0 = 4.50387e-13
Dr_0_0_l_0_0_0_0_0_0 = 5.2132e-13
Dr_0_0_l_0_0_0_0_0_0_0 = 5.46149e-13
Dr_0_0_l_0_0_0_0_0_0_0_0 = 5.96153e-13
Dr_0_0_l_0_0_0_0_0_0_0_0_0 = 6.00746e-13
Dr_0_0_l_0_0_0_0_0_0_0_0_0_0 = 6.38134e-13
Dr_0_0_l_0_0_0_0_0_0_0_0_0_0_0 = 6.59294e-13
Hl_0_0 = 9.19176e-07
Hl_0_0_l_0 = 9.90808e-07
Hl_0_0_l_0_0 = 9.53242e-07
Hl_0_0_l_0_0_0 = 9.71401e-07
Hl_0_0_l_0_0_0_0 = 9.44976e-07
Hl_0_0_l_0_0_0_0_0 = 9.52747e-07
Hl_0_0_l_0_0_0_0_0_0 = 9.31283e-07
Hl_0_0_l_0_0_0_0_0_0_0 = 9.34802e-07
Hl_0_0_l_0_0_0_0_0_0_0_0 = 9.16224e-07
Hl_0_0_l_0_0_0_0_0_0_0_0_0 = 9.17526e-07
Hl_0_0_l_0_0_0_0_0_0_0_0_0_0 = 9.00883e-07
Hr_0_0 = 9.99992e-05
I = 1
pi2_0_0_0_0 = 9.2612e-11
pi2_0_0_0_0_l_0 = 9.95261e-11
pi2_0_0_0_0_l_0_0 = 9.5626e-11
pi2_0_0_0_0_l_0_0_0 = 9.74037e-11
pi2_0_0_0_0_l_0_0_0_0 = 9.46941e-11
pi2_0_0_0_0_l_0_0_0_0_0 = 9.54603e-11
pi2_0_0_0_0_l_0_0_0_0_0_0 = 9.32733e-11
pi2_0_0_0_0_l_0_0_0_0_0_0_0 = 9.36225e-11
pi2_0_0_0_0_l_0_0_0_0_0_0_0_0 = 9.17367e-11
pi2_0_0_0_0_l_0_0_0_0_0_0_0_0_0 = 9.18674e-11
pi2_0_0_0_0_l_0_0_0_0_0_0_0_0_0_0 = 9.01832e-11
