DD_0_0 = 4.00911e-11
DD_0_0_l_0 = 4.16867e-11
DD_0_0_l_0_0 = 3.17416e-11
DD_0_0_l_0_0_0 = 2.93229e-11
DD_0_0_l_0_0_0_0 = 2.36748e-11
DD_0_0_l_0_0_0_0_0 = 2.19721e-11
DD_0_0_l_0_0_0_0_0_0 = 1.82158e-11
DD_0_0_l_0_0_0_0_0_0_0 = 1.71875e-11
DD_0_0_l_0_0_0_0_0_0_0_0 = 1.43952e-11
DD_0_0_l_0_0_0_0_0_0_0_0_0 = 1.39059e-11
DD_0_0_l_0_0_0_0_0_0_0_0_0_0 = 1.15821e-11
Dr_0_0 = 4.8222e-11
Dr_0_0_l_0 = 6.08922e-11
Dr_0_0_l_0_0 = 5.79874e-11
Dr_0_0_l_0_0_0 = 5.51763e-11
Dr_0_0_l_0_0_0_0 = 5.20992e-11
Dr_0_0_l_0_0_0_0_0 = 4.85418e-11
Dr_0_0_l_0_0_0_0_0_0 = 4.57742e-11
Dr_0_0_l_0_0_0_0_0_0_0 = 4.27578e-11
Dr_0_0_l_0_0_0_0_0_0_0_0 = 4.01695e-11
Dr_0_0_l_0_0_0_0_0_0_0_0_0 = 3.80338e-11
Dr_0_0_l_0_0_0_0_0_0_0_0_0_0 = 3.52219e-11
Dr_0_0_l_0_0_0_0_0_0_0_0_0_0_0 = 3.26733e-11
Hl_0_0 = 9.63271e-06
Hl_0_0_l_0 = 9.03672e-06
Hl_0_0_l_0_0 = 8.07017e-06
Hl_0_0_l_0_0_0 = 7.57883e-06
Hl_0_0_l_0_0_0_0 = 6.89482e-06
Hl_0_0_l_0_0_0_0_0 = 6.55232e-06
Hl_0_0_l_0_0_0_0_0_0 = 6.01577e-06
Hl_0_0_l_0_0_0_0_0_0_0 = 5.7885e-06
Hl_0_0_l_0_0_0_0_0_0_0_0 = 5.32782e-06
Hl_0_0_l_0_0_0_0_0_0_0_0_0 = 5.20432e-06
Hl_0_0_l_0_0_0_0_0_0_0_0_0_0 = 4.76151e-06
Hr_0_0 = 9.99985e-05
I = 1
pi2_0_0_0_0 = 9.73239e-10
pi2_0_0_0_0_l_0 = 9.10182e-10
pi2_0_0_0_0_l_0_0 = 8.11824e-10
pi2_0_0_0_0_l_0_0_0 = 7.61677e-10
pi2_0_0_0_0_l_0_0_0_0 = 6.92532e-10
pi2_0_0_0_0_l_0_0_0_0_0 = 6.57733e-10
pi2_0_0_0_0_l_0_0_0_0_0_0 = 6.03702e-10
pi2_0_0_0_0_l_0_0_0_0_0_0_0 = 5.80607e-10
pi2_0_0_0_0_l_0_0_0_0_0_0_0_0 = 5.34344e-10
pi2_0_0_0_0_l_0_0_0_0_0_0_0_0_0 = 5.21719e-10
pi2_0_0_0_0_l_0_0_0_0_0_0_0_0_0_0 = 4.77255e-10
