DD_0_0 = 8.57814e-13
DD_0_0_l_0 = 5.12796e-13
DD_0_0_l_0_0 = 5.54039e-13
DD_0_0_l_0_0_0 = 4.84839e-13
DD_0_0_l_0_0_0_0 = 4.94603e-13
DD_0_0_l_0_0_0_0_0 = 4.63231e-13
Dr_0_0 = 2.71169e-12
Dr_0_0_l_0 = 1.60722e-12
Dr_0_0_l_0_0 = 1.54615e-12
Dr_0_0_l_0_0_0 = 1.3221e-12
Dr_0_0_l_0_0_0_0 = 1.29264e-12
Dr_0_0_l_0_0_0_0_0 = 1.19031e-12
Dr_0_0_l_0_0_0_0_0_0 = 1.11421e-12
Hl_0_0 = 1.05903e-06
Hl_0_0_l_0 = 9.8941e-07
Hl_0_0_l_0_0 = 9.99887e-07
Hl_0_0_l_0_0_0 = 9.70002e-07
Hl_0_0_l_0_0_0_0 = 9.73003e-07
Hl_0_0_l_0_0_0_0_0 = 9.51346e-07
Hr_0_0 = 9.99987e-05
I = 1
pi2_0_0_0_0 = 1.05234e-10
pi2_0_0_0_0_l_0 = 9.86767e-11
pi2_0_0_0_0_l_0_0 = 9.97302e-11
pi2_0_0_0_0_l_0_0_0 = 9.68461e-11
pi2_0_0_0_0_l_0_0_0_0 = 9.71383e-11
pi2_0_0_0_0_l_0_0_0_0_0 = 9.50227e-11
