DD_0_0 = -2.88847e-13
DD_0_0_l_0 = 4.80126e-13
DD_0_0_l_0_0 = 2.88224e-13
DD_0_0_l_0_0_0 = 4.44735e-13
DD_0_0_l_0_0_0_0 = 3.58668e-13
DD_0_0_l_0_0_0_0_0 = 4.22619e-13
DD_0_0_l_0_0_0_0_0_0 = 3.72558e-13
DD_0_0_l_0_0_0_0_0_0_0 = 4.05049e-13
DD_0_0_l_0_0_0_0_0_0_0_0 = 3.71205e-13
DD_0_0_l_0_0_0_0_0_0_0_0_0 = 3.8934e-13
DD_0_0_l_0_0_0_0_0_0_0_0_0_0 = 3.64719e-13
DD_0_0_l_0_0_0_0_0_0_0_0_0_0_0 = 3.75182e-13
DD_0_0_l_0_0_0_0_0_0_0_0_0_0_0_0 = 3.55922e-13
DD_0_0_l_0_0_0_0_0_0_0_0_0_0_0_0_0 = 3.6216e-13
DD_0_0_l_0_0_0_0_0_0_0_0_0_0_0_0_0_0 = 3.46342e-13
DD_0_0_l_0_0_0_0_0_0_0_0_0_0_0_0_0_0_0 = 3.49709e-13
DD_0_0_l_0_0_0_0_0_0_0_0_0_0_0_0_0_0_0_0 = 3.36495e-13
DD_0_0_l_0_0_0_0_0_0_0_0_0_0_0_0_0_0_0_0_0 = 3.38002e-13
DD_0_0_l_0_0_0_0_0_0_0_0_0_0_0_0_0_0_0_0_0_0 = 3.26417e-13
DD_0_0_l_0_0_0_0_0_0_0_0_0_0_0_0_0_0_0_0_0_0_0 = 3.27096e-13
DD_0_0_l_0_0_0_0_0_0_0_0_0_0_0_0_0_0_0_0_0_0_0_0 = 3.16472e-13
Dr_0_0 = -2.66197e-12
Dr_0_0_l_0 = -2.31648e-13
Dr_0_0_l_0_0 = -2.31614e-13
Dr_0_0_l_0_0_0 = 1.99167e-13
Dr_0_0_l_0_0_0_0 = 2.10214e-13
Dr_0_0_l_0_0_0_0_0 = 3.71982e-13
Dr_0_0_l_0_0_0_0_0_0 = 3.82681e-13
Dr_0_0_l_0_0_0_0_0_0_0 = 4.60223e-13
Dr_0_0_l_0_0_0_0_0_0_0_0 = 4.69109e-13
Dr_0_0_l_0_0_0_0_0_0_0_0_0 = 5.10457e-13
Dr_0_0_l_0_0_0_0_0_0_0_0_0_0 = 5.17552e-13
Dr_0_0_l_0_0_0_0_0_0_0_0_0_0_0 = 5.40772e-13
Dr_0_0_l_0_0_0_0_0_0_0_0_0_0_0_0 = 5.46313e-13
Dr_0_0_l_0_0_0_0_0_0_0_0_0_0_0_0_0 = 5.59274e-13
Dr_0_0_l_0_0_0_0_0_0_0_0_0_0_0_0_0_0 = 5.63695e-13
Dr_0_0_l_0_0_0_0_0_0_0_0_0_0_0_0_0_0_0 = 5.70366e-13
Dr_0_0_l_0_0_0_0_0_0_0_0_0_0_0_0_0_0_0_0 = 5.73822e-13
Dr_0_0_l_0_0_0_0_0_0_0_0_0_0_0_0_0_0_0_0_0 = 5.76557e-13
Dr_0_0_l_0_0_0_0_0_0_0_0_0_0_0_0_0_0_0_0_0_0 = 5.79176e-13
Dr_0_0_l_0_0_0_0_0_0_0_0_0_0_0_0_0_0_0_0_0_0_0 = 5.79257e-13
Dr_0_0_l_0_0_0_0_0_0_0_0_0_0_0_0_0_0_0_0_0_0_0_0 = 5.81349e-13
Dr_0_0_l_0_0_0_0_0_0_0_0_0_0_0_0_0_0_0_0_0_0_0_0_0 = 5.80843e-13
Hl_0_0 = 8.84926e-07
Hl_0_0_l_0 = 9.91151e-07
Hl_0_0_l_0_0 = 9.41819e-07
Hl_0_0_l_0_0_0 = 9.71744e-07
Hl_0_0_l_0_0_0_0 = 9.38113e-07
Hl_0_0_l_0_0_0_0_0 = 9.5309e-07
Hl_0_0_l_0_0_0_0_0_0 = 9.26369e-07
Hl_0_0_l_0_0_0_0_0_0_0 = 9.35146e-07
Hl_0_0_l_0_0_0_0_0_0_0_0 = 9.12392e-07
Hl_0_0_l_0_0_0_0_0_0_0_0_0 = 9.17871e-07
Hl_0_0_l_0_0_0_0_0_0_0_0_0_0 = 8.97735e-07
Hl_0_0_l_0_0_0_0_0_0_0_0_0_0_0 = 9.01229e-07
Hl_0_0_l_0_0_0_0_0_0_0_0_0_0_0_0 = 8.82977e-07
Hl_0_0_l_0_0_0_0_0_0_0_0_0_0_0_0_0 = 8.85186e-07
Hl_0_0_l_0_0_0_0_0_0_0_0_0_0_0_0_0_0 = 8.68371e-07
Hl_0_0_l_0_0_0_0_0_0_0_0_0_0_0_0_0_0_0 = 8.69709e-07
Hl_0_0_l_0_0_0_0_0_0_0_0_0_0_0_0_0_0_0_0 = 8.54037e-07
Hl_0_0_l_0_0_0_0_0_0_0_0_0_0_0_0_0_0_0_0_0 = 8.54769e-07
Hl_0_0_l_0_0_0_0_0_0_0_0_0_0_0_0_0_0_0_0_0_0 = 8.40035e-07
Hl_0_0_l_0_0_0_0_0_0_0_0_0_0_0_0_0_0_0_0_0_0_0 = 8.40338e-07
Hl_0_0_l_0_0_0_0_0_0_0_0_0_0_0_0_0_0_0_0_0_0_0_0 = 8.26392e-07
Hr_0_0 = 9.99993e-05
I = 1
pi2_0_0_0_0 = 8.96271e-11
pi2_0_0_0_0_l_0 = 9.96961e-11
pi2_0_0_0_0_l_0_0 = 9.46216e-11
pi2_0_0_0_0_l_0_0_0 = 9.75125e-11
pi2_0_0_0_0_l_0_0_0_0 = 9.40872e-11
pi2_0_0_0_0_l_0_0_0_0_0 = 9.55448e-11
pi2_0_0_0_0_l_0_0_0_0_0_0 = 9.2837e-11
pi2_0_0_0_0_l_0_0_0_0_0_0_0 = 9.36941e-11
pi2_0_0_0_0_l_0_0_0_0_0_0_0_0 = 9.1395e-11
pi2_0_0_0_0_l_0_0_0_0_0_0_0_0_0 = 9.1931e-11
pi2_0_0_0_0_l_0_0_0_0_0_0_0_0_0_0 = 8.99004e-11
pi2_0_0_0_0_l_0_0_0_0_0_0_0_0_0_0_0 = 9.02425e-11
pi2_0_0_0_0_l_0_0_0_0_0_0_0_0_0_0_0_0 = 8.84042e-11
pi2_0_0_0_0_l_0_0_0_0_0_0_0_0_0_0_0_0_0 = 8.86204e-11
pi2_0_0_0_0_l_0_0_0_0_0_0_0_0_0_0_0_0_0_0 = 8.69284e-11
pi2_0_0_0_0_l_0_0_0_0_0_0_0_0_0_0_0_0_0_0_0 = 8.70592e-11
pi2_0_0_0_0_l_0_0_0_0_0_0_0_0_0_0_0_0_0_0_0_0 = 8.54833e-11
pi2_0_0_0_0_l_0_0_0_0_0_0_0_0_0_0_0_0_0_0_0_0_0 = 8.55547e-11
pi2_0_0_0_0_l_0_0_0_0_0_0_0_0_0_0_0_0_0_0_0_0_0_0 = 8.40737e-11
pi2_0_0_0_0_l_0_0_0_0_0_0_0_0_0_0_0_0_0_0_0_0_0_0_0 = 8.41032e-11
pi2_0_0_0_0_l_0_0_0_0_0_0_0_0_0_0_0_0_0_0_0_0_0_0_0_0 = 8.27018e-11
