DD_0_0 = 3.18557e-11
DD_0_0_l_0 = 2.06383e-11
DD_0_0_l_0_0 = 2.05297e-11
DD_0_0_l_0_0_0 = 1.55601e-11
DD_0_0_l_0_0_0_0 = 1.54359e-11
DD_0_0_l_0_0_0_0_0 = 1.22034e-11
Dr_0_0 = 3.09519e-11
Dr_0_0_l_0 = 2.34688e-11
Dr_0_0_l_0_0 = 2.28567e-11
Dr_0_0_l_0_0_0 = 2.1492e-11
Dr_0_0_l_0_0_0_0 = 1.9916e-11
Dr_0_0_l_0_0_0_0_0 = 1.95611e-11
Dr_0_0_l_0_0_0_0_0_0 = 1.77803e-11
Hl_0_0 = 1.12258e-05
Hl_0_0_l_0 = 8.87741e-06
Hl_0_0_l_0_0 = 8.63306e-06
Hl_0_0_l_0_0_0 = 7.40996e-06
Hl_0_0_l_0_0_0_0 = 7.28098e-06
Hl_0_0_l_0_0_0_0_0 = 6.35922e-06
Hr_0_0 = 9.99987e-05
I = 1
pi2_0_0_0_0 = 1.12184e-09
pi2_0_0_0_0_l_0 = 8.88186e-10
pi2_0_0_0_0_l_0_0 = 8.63849e-10
pi2_0_0_0_0_l_0_0_0 = 7.41586e-10
pi2_0_0_0_0_l_0_0_0_0 = 7.28634e-10
pi2_0_0_0_0_l_0_0_0_0_0 = 6.36474e-10
