DD_0_0 = 2.48567e-11
DD_0_0_l_0 = 2.18042e-11
DD_0_0_l_0_0 = 1.83306e-11
DD_0_0_l_0_0_0 = 1.64828e-11
DD_0_0_l_0_0_0_0 = 1.401e-11
DD_0_0_l_0_0_0_0_0 = 1.30289e-11
DD_0_0_l_0_0_0_0_0_0 = 1.11239e-11
DD_0_0_l_0_0_0_0_0_0_0 = 1.05814e-11
DD_0_0_l_0_0_0_0_0_0_0_0 = 9.10552e-12
DD_0_0_l_0_0_0_0_0_0_0_0_0 = 8.76129e-12
DD_0_0_l_0_0_0_0_0_0_0_0_0_0 = 7.63446e-12
DD_0_0_l_0_0_0_0_0_0_0_0_0_0_0 = 7.36507e-12
DD_0_0_l_0_0_0_0_0_0_0_0_0_0_0_0 = 6.52219e-12
DD_0_0_l_0_0_0_0_0_0_0_0_0_0_0_0_0 = 6.27435e-12
DD_0_0_l_0_0_0_0_0_0_0_0_0_0_0_0_0_0 = 5.64924e-12
DD_0_0_l_0_0_0_0_0_0_0_0_0_0_0_0_0_0_0 = 5.41371e-12
DD_0_0_l_0_0_0_0_0_0_0_0_0_0_0_0_0_0_0_0 = 4.9413e-12
DD_0_0_l_0_0_0_0_0_0_0_0_0_0_0_0_0_0_0_0_0 = 4.72981e-12
DD_0_0_l_0_0_0_0_0_0_0_0_0_0_0_0_0_0_0_0_0_0 = 4.34907e-12
DD_0_0_l_0_0_0_0_0_0_0_0_0_0_0_0_0_0_0_0_0_0_0 = 4.19148e-12
DD_0_0_l_0_0_0_0_0_0_0_0_0_0_0_0_0_0_0_0_0_0_0_0 = 3.81974e-12
Dr_0_0 = 2.16872e-11
Dr_0_0_l_0 = 2.1671e-11
Dr_0_0_l_0_0 = 2.11022e-11
Dr_0_0_l_0_0_0 = 2.0059e-11
Dr_0_0_l_0_0_0_0 = 1.95414e-11
Dr_0_0_l_0_0_0_0_0 = 1.81784e-11
Dr_0_0_l_0_0_0_0_0_0 = 1.79478e-11
Dr_0_0_l_0_0_0_0_0_0_0 = 1.64496e-11
Dr_0_0_l_0_0_0_0_0_0_0_0 = 1.64499e-11
Dr_0_0_l_0_0_0_0_0_0_0_0_0 = 1.495e-11
Dr_0_0_l_0_0_0_0_0_0_0_0_0_0 = 1.50698e-11
Dr_0_0_l_0_0_0_0_0_0_0_0_0_0_0 = 1.36795e-11
Dr_0_0_l_0_0_0_0_0_0_0_0_0_0_0_0 = 1.38083e-11
Dr_0_0_l_0_0_0_0_0_0_0_0_0_0_0_0_0 = 1.26013e-11
Dr_0_0_l_0_0_0_0_0_0_0_0_0_0_0_0_0_0 = 1.26725e-11
Dr_0_0_l_0_0_0_0_0_0_0_0_0_0_0_0_0_0_0 = 1.16686e-11
Dr_0_0_l_0_0_0_0_0_0_0_0_0_0_0_0_0_0_0_0 = 1.16626e-11
Dr_0_0_l_0_0_0_0_0_0_0_0_0_0_0_0_0_0_0_0_0 = 1.08523e-11
Dr_0_0_l_0_0_0_0_0_0_0_0_0_0_0_0_0_0_0_0_0_0 = 1.07556e-11
Dr_0_0_l_0_0_0_0_0_0_0_0_0_0_0_0_0_0_0_0_0_0_0 = 1.01648e-11
Dr_0_0_l_0_0_0_0_0_0_0_0_0_0_0_0_0_0_0_0_0_0_0_0 = 9.85629e-12
Dr_0_0_l_0_0_0_0_0_0_0_0_0_0_0_0_0_0_0_0_0_0_0_0_0 = 9.38621e-12
Hl_0_0 = 9.99877e-06
Hl_0_0_l_0 = 9.00012e-06
Hl_0_0_l_0_0 = 8.19951e-06
Hl_0_0_l_0_0_0 = 7.54003e-06
Hl_0_0_l_0_0_0_0 = 6.98355e-06
Hl_0_0_l_0_0_0_0_0 = 6.50795e-06
Hl_0_0_l_0_0_0_0_0_0 = 6.09469e-06
Hl_0_0_l_0_0_0_0_0_0_0 = 5.73326e-06
Hl_0_0_l_0_0_0_0_0_0_0_0 = 5.4127e-06
Hl_0_0_l_0_0_0_0_0_0_0_0_0 = 5.12792e-06
Hl_0_0_l_0_0_0_0_0_0_0_0_0_0 = 4.87121e-06
Hl_0_0_l_0_0_0_0_0_0_0_0_0_0_0 = 4.64081e-06
Hl_0_0_l_0_0_0_0_0_0_0_0_0_0_0_0 = 4.42998e-06
Hl_0_0_l_0_0_0_0_0_0_0_0_0_0_0_0_0 = 4.23997e-06
Hl_0_0_l_0_0_0_0_0_0_0_0_0_0_0_0_0_0 = 4.0628e-06
Hl_0_0_l_0_0_0_0_0_0_0_0_0_0_0_0_0_0_0 = 3.90454e-06
Hl_0_0_l_0_0_0_0_0_0_0_0_0_0_0_0_0_0_0_0 = 3.75129e-06
Hl_0_0_l_0_0_0_0_0_0_0_0_0_0_0_0_0_0_0_0_0 = 3.62133e-06
Hl_0_0_l_0_0_0_0_0_0_0_0_0_0_0_0_0_0_0_0_0_0 = 3.47995e-06
Hl_0_0_l_0_0_0_0_0_0_0_0_0_0_0_0_0_0_0_0_0_0_0 = 3.38643e-06
Hl_0_0_l_0_0_0_0_0_0_0_0_0_0_0_0_0_0_0_0_0_0_0_0 = 3.22524e-06
Hr_0_0 = 9.99988e-05
I = 1
pi2_0_0_0_0 = 9.84295e-10
pi2_0_0_0_0_l_0 = 9.04598e-10
pi2_0_0_0_0_l_0_0 = 8.15337e-10
pi2_0_0_0_0_l_0_0_0 = 7.5694e-10
pi2_0_0_0_0_l_0_0_0_0 = 6.96346e-10
pi2_0_0_0_0_l_0_0_0_0_0 = 6.52338e-10
pi2_0_0_0_0_l_0_0_0_0_0_0 = 6.08793e-10
pi2_0_0_0_0_l_0_0_0_0_0_0_0 = 5.74094e-10
pi2_0_0_0_0_l_0_0_0_0_0_0_0_0 = 5.41065e-10
pi2_0_0_0_0_l_0_0_0_0_0_0_0_0_0 = 5.1335e-10
pi2_0_0_0_0_l_0_0_0_0_0_0_0_0_0_0 = 4.86958e-10
pi2_0_0_0_0_l_0_0_0_0_0_0_0_0_0_0_0 = 4.64619e-10
pi2_0_0_0_0_l_0_0_0_0_0_0_0_0_0_0_0_0 = 4.42809e-10
pi2_0_0_0_0_l_0_0_0_0_0_0_0_0_0_0_0_0_0 = 4.24493e-10
pi2_0_0_0_0_l_0_0_0_0_0_0_0_0_0_0_0_0_0_0 = 4.06114e-10
pi2_0_0_0_0_l_0_0_0_0_0_0_0_0_0_0_0_0_0_0_0 = 3.90866e-10
pi2_0_0_0_0_l_0_0_0_0_0_0_0_0_0_0_0_0_0_0_0_0 = 3.75015e-10
pi2_0_0_0_0_l_0_0_0_0_0_0_0_0_0_0_0_0_0_0_0_0_0 = 3.62452e-10
pi2_0_0_0_0_l_0_0_0_0_0_0_0_0_0_0_0_0_0_0_0_0_0_0 = 3.47942e-10
pi2_0_0_0_0_l_0_0_0_0_0_0_0_0_0_0_0_0_0_0_0_0_0_0_0 = 3.38858e-10
pi2_0_0_0_0_l_0_0_0_0_0_0_0_0_0_0_0_0_0_0_0_0_0_0_0_0 = 3.2256e-10
