DD_0_0 = 1.83854e-11
DD_0_0_l_0 = 2.2722e-11
DD_0_0_l_0_0 = 1.67182e-11
Dr_0_0 = 1.43605e-11
Dr_0_0_l_0 = 1.81002e-11
Dr_0_0_l_0_0 = 2.18815e-11
Dr_0_0_l_0_0_0 = 1.95195e-11
Hl_0_0 = 8.56303e-06
Hl_0_0_l_0 = 9.14369e-06
Hl_0_0_l_0_0 = 7.69222e-06
Hr_0_0 = 9.99989e-05
I = 1
pi2_0_0_0_0 = 8.59072e-10
pi2_0_0_0_0_l_0 = 9.17482e-10
pi2_0_0_0_0_l_0_0 = 7.71244e-10
