DD_0_0 = 3.93007e-13
DD_0_0_l_0 = 4.44528e-13
DD_0_0_l_0_0 = 4.29939e-13
Dr_0_0 = 6.48062e-13
Dr_0_0_l_0 = 7.01806e-13
Dr_0_0_l_0_0 = 7.48986e-13
Dr_0_0_l_0_0_0 = 7.55835e-13
Hl_0_0 = 9.72036e-07
Hl_0_0_l_0 = 9.9028e-07
Hl_0_0_l_0_0 = 9.70872e-07
Hr_0_0 = 9.99989e-05
I = 1
pi2_0_0_0_0 = 9.72193e-11
pi2_0_0_0_0_l_0 = 9.90578e-11
pi2_0_0_0_0_l_0_0 = 9.71046e-11
