DD_0_0 = 3.5178e-14
DD_0_0_l_0 = 4.59213e-13
DD_0_0_l_0_0 = 3.56147e-13
DD_0_0_l_0_0_0 = 4.35236e-13
DD_0_0_l_0_0_0_0 = 3.88866e-13
DD_0_0_l_0_0_0_0_0 = 4.17246e-13
DD_0_0_l_0_0_0_0_0_0 = 3.89936e-13
DD_0_0_l_0_0_0_0_0_0_0 = 4.01387e-13
DD_0_0_l_0_0_0_0_0_0_0_0 = 3.82864e-13
DD_0_0_l_0_0_0_0_0_0_0_0_0 = 3.86772e-13
DD_0_0_l_0_0_0_0_0_0_0_0_0_0 = 3.73097e-13
Dr_0_0 = -9.88238e-13
Dr_0_0_l_0 = 1.98923e-13
Dr_0_0_l_0_0 = 2.63882e-13
Dr_0_0_l_0_0_0 = 4.4525e-13
Dr_0_0_l_0_0_0_0 = 4.86777e-13
Dr_0_0_l_0_0_0_0_0 = 5.40699e-13
Dr_0_0_l_0_0_0_0_0_0 = 5.70043e-13
Dr_0_0_l_0_0_0_0_0_0_0 = 5.86715e-13
Dr_0_0_l_0_0_0_0_0_0_0_0 = 6.08625e-13
Dr_0_0_l_0_0_0_0_0_0_0_0_0 = 6.10693e-13
Dr_0_0_l_0_0_0_0_0_0_0_0_0_0 = 6.27628e-13
Dr_0_0_l_0_0_0_0_0_0_0_0_0_0_0 = 6.34843e-13
Hl_0_0 = 9.19173e-07
Hl_0_0_l_0 = 9.90808e-07
Hl_0_0_l_0_0 = 9.53241e-07
Hl_0_0_l_0_0_0 = 9.71401e-07
Hl_0_0_l_0_0_0_0 = 9.44976e-07
Hl_0_0_l_0_0_0_0_0 = 9.52747e-07
Hl_0_0_l_0_0_0_0_0_0 = 9.31283e-07
Hl_0_0_l_0_0_0_0_0_0_0 = 9.34802e-07
Hl_0_0_l_0_0_0_0_0_0_0_0 = 9.16224e-07
Hl_0_0_l_0_0_0_0_0_0_0_0_0 = 9.17526e-07
Hl_0_0_l_0_0_0_0_0_0_0_0_0_0 = 9.00883e-07
Hr_0_0 = 9.99991e-05
I = 1
pi2_0_0_0_0 = 9.24318e-11
pi2_0_0_0_0_l_0 = 9.93836e-11
pi2_0_0_0_0_l_0_0 = 9.55332e-11
pi2_0_0_0_0_l_0_0_0 = 9.73171e-11
pi2_0_0_0_0_l_0_0_0_0 = 9.46309e-11
pi2_0_0_0_0_l_0_0_0_0_0 = 9.53984e-11
pi2_0_0_0_0_l_0_0_0_0_0_0 = 9.32257e-11
pi2_0_0_0_0_l_0_0_0_0_0_0_0 = 9.35747e-11
pi2_0_0_0_0_l_0_0_0_0_0_0_0_0 = 9.16988e-11
pi2_0_0_0_0_l_0_0_0_0_0_0_0_0_0 = 9.18286e-11
pi2_0_0_0_0_l_0_0_0_0_0_0_0_0_0_0 = 9.01512e-11
