DD_0_0 = 6.95711e-13
DD_0_0_l_0 = 4.53296e-13
DD_0_0_l_0_0 = 4.89897e-13
DD_0_0_l_0_0_0 = 4.37371e-13
DD_0_0_l_0_0_0_0 = 4.46112e-13
DD_0_0_l_0_0_0_0_0 = 4.2126e-13
Dr_0_0 = 1.8413e-12
Dr_0_0_l_0 = 1.152e-12
Dr_0_0_l_0_0 = 1.12149e-12
Dr_0_0_l_0_0_0 = 9.92243e-13
Dr_0_0_l_0_0_0_0 = 9.72754e-13
Dr_0_0_l_0_0_0_0_0 = 9.17063e-13
Dr_0_0_l_0_0_0_0_0_0 = 8.72837e-13
Hl_0_0 = 1.05903e-06
Hl_0_0_l_0 = 9.8941e-07
Hl_0_0_l_0_0 = 9.99887e-07
Hl_0_0_l_0_0_0 = 9.70002e-07
Hl_0_0_l_0_0_0_0 = 9.73003e-07
Hl_0_0_l_0_0_0_0_0 = 9.51346e-07
Hr_0_0 = 9.99988e-05
I = 1
pi2_0_0_0_0 = 1.0549e-10
pi2_0_0_0_0_l_0 = 9.87786e-11
pi2_0_0_0_0_l_0_0 = 9.98323e-11
pi2_0_0_0_0_l_0_0_0 = 9.69069e-11
pi2_0_0_0_0_l_0_0_0_0 = 9.72032e-11
pi2_0_0_0_0_l_0_0_0_0_0 = 9.50679e-11
