DD_0_0 = 5.48723e-09
DD_0_0_l_0 = 5.9031e-10
DD_0_0_l_0_0 = 9.23547e-10
DD_0_0_l_0_0_0 = 2.37519e-10
DD_0_0_l_0_0_0_0 = 3.51381e-10
DD_0_0_l_0_0_0_0_0 = 1.25886e-10
DD_0_0_l_0_0_0_0_0_0 = 1.78609e-10
DD_0_0_l_0_0_0_0_0_0_0 = 7.71986e-11
DD_0_0_l_0_0_0_0_0_0_0_0 = 1.06005e-10
DD_0_0_l_0_0_0_0_0_0_0_0_0 = 5.18584e-11
DD_0_0_l_0_0_0_0_0_0_0_0_0_0 = 6.9348e-11
DD_0_0_l_0_0_0_0_0_0_0_0_0_0_0 = 3.70846e-11
DD_0_0_l_0_0_0_0_0_0_0_0_0_0_0_0 = 4.85131e-11
DD_0_0_l_0_0_0_0_0_0_0_0_0_0_0_0_0 = 2.77573e-11
DD_0_0_l_0_0_0_0_0_0_0_0_0_0_0_0_0_0 = 3.56423e-11
DD_0_0_l_0_0_0_0_0_0_0_0_0_0_0_0_0_0_0 = 2.15108e-11
DD_0_0_l_0_0_0_0_0_0_0_0_0_0_0_0_0_0_0_0 = 2.71837e-11
DD_0_0_l_0_0_0_0_0_0_0_0_0_0_0_0_0_0_0_0_0 = 1.71324e-11
DD_0_0_l_0_0_0_0_0_0_0_0_0_0_0_0_0_0_0_0_0_0 = 2.13521e-11
DD_0_0_l_0_0_0_0_0_0_0_0_0_0_0_0_0_0_0_0_0_0_0 = 1.39506e-11
DD_0_0_l_0_0_0_0_0_0_0_0_0_0_0_0_0_0_0_0_0_0_0_0 = 1.71753e-11
Dr_0_0 = 5.87807e-16
Dr_0_0_l_0 = 4.38102e-09
Dr_0_0_l_0_0 = 5.89572e-10
Dr_0_0_l_0_0_0 = 2.01712e-09
Dr_0_0_l_0_0_0_0 = 4.31379e-10
Dr_0_0_l_0_0_0_0_0 = 1.18204e-09
Dr_0_0_l_0_0_0_0_0_0 = 3.16293e-10
Dr_0_0_l_0_0_0_0_0_0_0 = 7.84635e-10
Dr_0_0_l_0_0_0_0_0_0_0_0 = 2.40939e-10
Dr_0_0_l_0_0_0_0_0_0_0_0_0 = 5.62411e-10
Dr_0_0_l_0_0_0_0_0_0_0_0_0_0 = 1.89922e-10
Dr_0_0_l_0_0_0_0_0_0_0_0_0_0_0 = 4.24746e-10
Dr_0_0_l_0_0_0_0_0_0_0_0_0_0_0_0 = 1.53907e-10
Dr_0_0_l_0_0_0_0_0_0_0_0_0_0_0_0_0 = 3.33173e-10
Dr_0_0_l_0_0_0_0_0_0_0_0_0_0_0_0_0_0 = 1.2753e-10
Dr_0_0_l_0_0_0_0_0_0_0_0_0_0_0_0_0_0_0 = 2.68978e-10
Dr_0_0_l_0_0_0_0_0_0_0_0_0_0_0_0_0_0_0_0 = 1.07608e-10
Dr_0_0_l_0_0_0_0_0_0_0_0_0_0_0_0_0_0_0_0_0 = 2.22123e-10
Dr_0_0_l_0_0_0_0_0_0_0_0_0_0_0_0_0_0_0_0_0_0 = 9.21699e-11
Dr_0_0_l_0_0_0_0_0_0_0_0_0_0_0_0_0_0_0_0_0_0_0 = 1.86811e-10
Dr_0_0_l_0_0_0_0_0_0_0_0_0_0_0_0_0_0_0_0_0_0_0_0 = 7.99466e-11
Dr_0_0_l_0_0_0_0_0_0_0_0_0_0_0_0_0_0_0_0_0_0_0_0_0 = 1.59496e-10
Hl_0_0 = 9.9999e-05
Hl_0_0_l_0 = 3.33323e-05
Hl_0_0_l_0_0 = 3.33323e-05
Hl_0_0_l_0_0_0 = 1.9999e-05
Hl_0_0_l_0_0_0_0 = 1.9999e-05
Hl_0_0_l_0_0_0_0_0 = 1.42847e-05
Hl_0_0_l_0_0_0_0_0_0 = 1.42847e-05
Hl_0_0_l_0_0_0_0_0_0_0 = 1.11101e-05
Hl_0_0_l_0_0_0_0_0_0_0_0 = 1.11101e-05
Hl_0_0_l_0_0_0_0_0_0_0_0_0 = 9.08991e-06
Hl_0_0_l_0_0_0_0_0_0_0_0_0_0 = 9.08991e-06
Hl_0_0_l_0_0_0_0_0_0_0_0_0_0_0 = 7.69131e-06
Hl_0_0_l_0_0_0_0_0_0_0_0_0_0_0_0 = 7.69131e-06
Hl_0_0_l_0_0_0_0_0_0_0_0_0_0_0_0_0 = 6.66567e-06
Hl_0_0_l_0_0_0_0_0_0_0_0_0_0_0_0_0_0 = 6.66567e-06
Hl_0_0_l_0_0_0_0_0_0_0_0_0_0_0_0_0_0_0 = 5.88135e-06
Hl_0_0_l_0_0_0_0_0_0_0_0_0_0_0_0_0_0_0_0 = 5.88135e-06
Hl_0_0_l_0_0_0_0_0_0_0_0_0_0_0_0_0_0_0_0_0 = 5.26216e-06
Hl_0_0_l_0_0_0_0_0_0_0_0_0_0_0_0_0_0_0_0_0_0 = 5.26216e-06
Hl_0_0_l_0_0_0_0_0_0_0_0_0_0_0_0_0_0_0_0_0_0_0 = 4.7609e-06
Hl_0_0_l_0_0_0_0_0_0_0_0_0_0_0_0_0_0_0_0_0_0_0_0 = 4.7609e-06
Hr_0_0 = 9.9999e-05
I = 1
pi2_0_0_0_0 = 1.21902e-08
pi2_0_0_0_0_l_0 = 3.55424e-09
pi2_0_0_0_0_l_0_0 = 3.59655e-09
pi2_0_0_0_0_l_0_0_0 = 2.07779e-09
pi2_0_0_0_0_l_0_0_0_0 = 2.06812e-09
pi2_0_0_0_0_l_0_0_0_0_0 = 1.46516e-09
pi2_0_0_0_0_l_0_0_0_0_0_0 = 1.44969e-09
pi2_0_0_0_0_l_0_0_0_0_0_0_0 = 1.13121e-09
pi2_0_0_0_0_l_0_0_0_0_0_0_0_0 = 1.11682e-09
pi2_0_0_0_0_l_0_0_0_0_0_0_0_0_0 = 9.21263e-10
pi2_0_0_0_0_l_0_0_0_0_0_0_0_0_0_0 = 9.08956e-10
pi2_0_0_0_0_l_0_0_0_0_0_0_0_0_0_0_0 = 7.77111e-10
pi2_0_0_0_0_l_0_0_0_0_0_0_0_0_0_0_0_0 = 7.66751e-10
pi2_0_0_0_0_l_0_0_0_0_0_0_0_0_0_0_0_0_0 = 6.72022e-10
pi2_0_0_0_0_l_0_0_0_0_0_0_0_0_0_0_0_0_0_0 = 6.63284e-10
pi2_0_0_0_0_l_0_0_0_0_0_0_0_0_0_0_0_0_0_0_0 = 5.92009e-10
pi2_0_0_0_0_l_0_0_0_0_0_0_0_0_0_0_0_0_0_0_0_0 = 5.84584e-10
pi2_0_0_0_0_l_0_0_0_0_0_0_0_0_0_0_0_0_0_0_0_0_0 = 5.2905e-10
pi2_0_0_0_0_l_0_0_0_0_0_0_0_0_0_0_0_0_0_0_0_0_0_0 = 5.22683e-10
pi2_0_0_0_0_l_0_0_0_0_0_0_0_0_0_0_0_0_0_0_0_0_0_0_0 = 4.78215e-10
pi2_0_0_0_0_l_0_0_0_0_0_0_0_0_0_0_0_0_0_0_0_0_0_0_0_0 = 4.72706e-10
