DD_0_0 = 5.48723e-09
DD_0_0_l_0 = 5.90309e-10
DD_0_0_l_0_0 = 9.23547e-10
DD_0_0_l_0_0_0 = 2.37523e-10
DD_0_0_l_0_0_0_0 = 3.51381e-10
DD_0_0_l_0_0_0_0_0 = 1.25898e-10
DD_0_0_l_0_0_0_0_0_0 = 1.78609e-10
DD_0_0_l_0_0_0_0_0_0_0 = 7.72064e-11
DD_0_0_l_0_0_0_0_0_0_0_0 = 1.06004e-10
DD_0_0_l_0_0_0_0_0_0_0_0_0 = 5.18635e-11
DD_0_0_l_0_0_0_0_0_0_0_0_0_0 = 6.9348e-11
DD_0_0_l_0_0_0_0_0_0_0_0_0_0_0 = 3.70873e-11
DD_0_0_l_0_0_0_0_0_0_0_0_0_0_0_0 = 4.85131e-11
DD_0_0_l_0_0_0_0_0_0_0_0_0_0_0_0_0 = 2.77586e-11
DD_0_0_l_0_0_0_0_0_0_0_0_0_0_0_0_0_0 = 3.56423e-11
DD_0_0_l_0_0_0_0_0_0_0_0_0_0_0_0_0_0_0 = 2.15118e-11
DD_0_0_l_0_0_0_0_0_0_0_0_0_0_0_0_0_0_0_0 = 2.71837e-11
DD_0_0_l_0_0_0_0_0_0_0_0_0_0_0_0_0_0_0_0_0 = 1.71333e-11
DD_0_0_l_0_0_0_0_0_0_0_0_0_0_0_0_0_0_0_0_0_0 = 2.13521e-11
DD_0_0_l_0_0_0_0_0_0_0_0_0_0_0_0_0_0_0_0_0_0_0 = 1.39511e-11
DD_0_0_l_0_0_0_0_0_0_0_0_0_0_0_0_0_0_0_0_0_0_0_0 = 1.71753e-11
Dr_0_0 = 1.27201e-14
Dr_0_0_l_0 = 4.38102e-09
Dr_0_0_l_0_0 = 5.89574e-10
Dr_0_0_l_0_0_0 = 2.01712e-09
Dr_0_0_l_0_0_0_0 = 4.31381e-10
Dr_0_0_l_0_0_0_0_0 = 1.18204e-09
Dr_0_0_l_0_0_0_0_0_0 = 3.16302e-10
Dr_0_0_l_0_0_0_0_0_0_0 = 7.84635e-10
Dr_0_0_l_0_0_0_0_0_0_0_0 = 2.4095e-10
Dr_0_0_l_0_0_0_0_0_0_0_0_0 = 5.62411e-10
Dr_0_0_l_0_0_0_0_0_0_0_0_0_0 = 1.89933e-10
Dr_0_0_l_0_0_0_0_0_0_0_0_0_0_0 = 4.24746e-10
Dr_0_0_l_0_0_0_0_0_0_0_0_0_0_0_0 = 1.53916e-10
Dr_0_0_l_0_0_0_0_0_0_0_0_0_0_0_0_0 = 3.33173e-10
Dr_0_0_l_0_0_0_0_0_0_0_0_0_0_0_0_0_0 = 1.27538e-10
Dr_0_0_l_0_0_0_0_0_0_0_0_0_0_0_0_0_0_0 = 2.68978e-10
Dr_0_0_l_0_0_0_0_0_0_0_0_0_0_0_0_0_0_0_0 = 1.07614e-10
Dr_0_0_l_0_0_0_0_0_0_0_0_0_0_0_0_0_0_0_0_0 = 2.22123e-10
Dr_0_0_l_0_0_0_0_0_0_0_0_0_0_0_0_0_0_0_0_0_0 = 9.21752e-11
Dr_0_0_l_0_0_0_0_0_0_0_0_0_0_0_0_0_0_0_0_0_0_0 = 1.86811e-10
Dr_0_0_l_0_0_0_0_0_0_0_0_0_0_0_0_0_0_0_0_0_0_0_0 = 7.99509e-11
Dr_0_0_l_0_0_0_0_0_0_0_0_0_0_0_0_0_0_0_0_0_0_0_0_0 = 1.59496e-10
Hl_0_0 = 9.9999e-05
Hl_0_0_l_0 = 3.33323e-05
Hl_0_0_l_0_0 = 3.33323e-05
Hl_0_0_l_0_0_0 = 1.9999e-05
Hl_0_0_l_0_0_0_0 = 1.9999e-05
Hl_0_0_l_0_0_0_0_0 = 1.42847e-05
Hl_0_0_l_0_0_0_0_0_0 = 1.42847e-05
Hl_0_0_l_0_0_0_0_0_0_0 = 1.11101e-05
Hl_0_0_l_0_0_0_0_0_0_0_0 = 1.11101e-05
Hl_0_0_l_0_0_0_0_0_0_0_0_0 = 9.08991e-06
Hl_0_0_l_0_0_0_0_0_0_0_0_0_0 = 9.08991e-06
Hl_0_0_l_0_0_0_0_0_0_0_0_0_0_0 = 7.69131e-06
Hl_0_0_l_0_0_0_0_0_0_0_0_0_0_0_0 = 7.69131e-06
Hl_0_0_l_0_0_0_0_0_0_0_0_0_0_0_0_0 = 6.66567e-06
Hl_0_0_l_0_0_0_0_0_0_0_0_0_0_0_0_0_0 = 6.66567e-06
Hl_0_0_l_0_0_0_0_0_0_0_0_0_0_0_0_0_0_0 = 5.88135e-06
Hl_0_0_l_0_0_0_0_0_0_0_0_0_0_0_0_0_0_0_0 = 5.88135e-06
Hl_0_0_l_0_0_0_0_0_0_0_0_0_0_0_0_0_0_0_0_0 = 5.26216e-06
Hl_0_0_l_0_0_0_0_0_0_0_0_0_0_0_0_0_0_0_0_0_0 = 5.26216e-06
Hl_0_0_l_0_0_0_0_0_0_0_0_0_0_0_0_0_0_0_0_0_0_0 = 4.7609e-06
Hl_0_0_l_0_0_0_0_0_0_0_0_0_0_0_0_0_0_0_0_0_0_0_0 = 4.7609e-06
Hr_0_0 = 9.9999e-05
I = 1
pi2_0_0_0_0 = 1.21902e-08
pi2_0_0_0_0_l_0 = 3.55424e-09
pi2_0_0_0_0_l_0_0 = 3.59655e-09
pi2_0_0_0_0_l_0_0_0 = 2.07778e-09
pi2_0_0_0_0_l_0_0_0_0 = 2.06812e-09
pi2_0_0_0_0_l_0_0_0_0_0 = 1.46516e-09
pi2_0_0_0_0_l_0_0_0_0_0_0 = 1.44969e-09
pi2_0_0_0_0_l_0_0_0_0_0_0_0 = 1.13121e-09
pi2_0_0_0_0_l_0_0_0_0_0_0_0_0 = 1.11682e-09
pi2_0_0_0_0_l_0_0_0_0_0_0_0_0_0 = 9.21264e-10
pi2_0_0_0_0_l_0_0_0_0_0_0_0_0_0_0 = 9.08955e-10
pi2_0_0_0_0_l_0_0_0_0_0_0_0_0_0_0_0 = 7.77112e-10
pi2_0_0_0_0_l_0_0_0_0_0_0_0_0_0_0_0_0 = 7.66751e-10
pi2_0_0_0_0_l_0_0_0_0_0_0_0_0_0_0_0_0_0 = 6.72023e-10
pi2_0_0_0_0_l_0_0_0_0_0_0_0_0_0_0_0_0_0_0 = 6.63284e-10
pi2_0_0_0_0_l_0_0_0_0_0_0_0_0_0_0_0_0_0_0_0 = 5.92009e-10
pi2_0_0_0_0_l_0_0_0_0_0_0_0_0_0_0_0_0_0_0_0_0 = 5.84584e-10
pi2_0_0_0_0_l_0_0_0_0_0_0_0_0_0_0_0_0_0_0_0_0_0 = 5.2905e-10
pi2_0_0_0_0_l_0_0_0_0_0_0_0_0_0_0_0_0_0_0_0_0_0_0 = 5.22683e-10
pi2_0_0_0_0_l_0_0_0_0_0_0_0_0_0_0_0_0_0_0_0_0_0_0_0 = 4.78215e-10
pi2_0_0_0_0_l_0_0_0_0_0_0_0_0_0_0_0_0_0_0_0_0_0_0_0_0 = 4.72706e-10
