DD_0_0 = 2.04641e-13
DD_0_0_l_0 = 2.53849e-13
DD_0_0_l_0_0 = 2.2845e-13
DD_0_0_l_0_0_0 = 2.42826e-13
DD_0_0_l_0_0_0_0 = 2.27403e-13
DD_0_0_l_0_0_0_0_0 = 2.34079e-13
DD_0_0_l_0_0_0_0_0_0 = 2.23056e-13
DD_0_0_l_0_0_0_0_0_0_0 = 2.26293e-13
DD_0_0_l_0_0_0_0_0_0_0_0 = 2.17818e-13
DD_0_0_l_0_0_0_0_0_0_0_0_0 = 2.19108e-13
DD_0_0_l_0_0_0_0_0_0_0_0_0_0 = 2.12358e-13
Dr_0_0 = 1.56937e-13
Dr_0_0_l_0 = 2.4751e-13
Dr_0_0_l_0_0 = 2.22772e-13
Dr_0_0_l_0_0_0 = 2.4269e-13
Dr_0_0_l_0_0_0_0 = 2.33006e-13
Dr_0_0_l_0_0_0_0_0 = 2.39801e-13
Dr_0_0_l_0_0_0_0_0_0 = 2.35736e-13
Dr_0_0_l_0_0_0_0_0_0_0 = 2.37434e-13
Dr_0_0_l_0_0_0_0_0_0_0_0 = 2.36093e-13
Dr_0_0_l_0_0_0_0_0_0_0_0_0 = 2.3525e-13
Dr_0_0_l_0_0_0_0_0_0_0_0_0_0 = 2.35394e-13
Dr_0_0_l_0_0_0_0_0_0_0_0_0_0_0 = 2.33935e-13
Hl_0_0 = 9.19175e-07
Hl_0_0_l_0 = 9.90808e-07
Hl_0_0_l_0_0 = 9.53242e-07
Hl_0_0_l_0_0_0 = 9.71401e-07
Hl_0_0_l_0_0_0_0 = 9.44976e-07
Hl_0_0_l_0_0_0_0_0 = 9.52747e-07
Hl_0_0_l_0_0_0_0_0_0 = 9.31283e-07
Hl_0_0_l_0_0_0_0_0_0_0 = 9.34802e-07
Hl_0_0_l_0_0_0_0_0_0_0_0 = 9.16224e-07
Hl_0_0_l_0_0_0_0_0_0_0_0_0 = 9.17526e-07
Hl_0_0_l_0_0_0_0_0_0_0_0_0_0 = 9.00883e-07
Hr_0_0 = 9.9999e-05
I = 1
pi2_0_0_0_0 = 9.19594e-11
pi2_0_0_0_0_l_0 = 9.90969e-11
pi2_0_0_0_0_l_0_0 = 9.53372e-11
pi2_0_0_0_0_l_0_0_0 = 9.71493e-11
pi2_0_0_0_0_l_0_0_0_0 = 9.45051e-11
pi2_0_0_0_0_l_0_0_0_0_0 = 9.5281e-11
pi2_0_0_0_0_l_0_0_0_0_0_0 = 9.31334e-11
pi2_0_0_0_0_l_0_0_0_0_0_0_0 = 9.34849e-11
pi2_0_0_0_0_l_0_0_0_0_0_0_0_0 = 9.16263e-11
pi2_0_0_0_0_l_0_0_0_0_0_0_0_0_0 = 9.17563e-11
pi2_0_0_0_0_l_0_0_0_0_0_0_0_0_0_0 = 9.00913e-11
