DD_0_0 = 4.53444e-12
DD_0_0_l_0 = 4.02597e-12
DD_0_0_l_0_0 = 3.61973e-12
DD_0_0_l_0_0_0 = 3.28625e-12
DD_0_0_l_0_0_0_0 = 3.00596e-12
DD_0_0_l_0_0_0_0_0 = 2.76752e-12
DD_0_0_l_0_0_0_0_0_0 = 2.56093e-12
DD_0_0_l_0_0_0_0_0_0_0 = 2.38145e-12
DD_0_0_l_0_0_0_0_0_0_0_0 = 2.22259e-12
DD_0_0_l_0_0_0_0_0_0_0_0_0 = 2.08229e-12
DD_0_0_l_0_0_0_0_0_0_0_0_0_0 = 1.95622e-12
DD_0_0_l_0_0_0_0_0_0_0_0_0_0_0 = 1.84393e-12
DD_0_0_l_0_0_0_0_0_0_0_0_0_0_0_0 = 1.74125e-12
DD_0_0_l_0_0_0_0_0_0_0_0_0_0_0_0_0 = 1.64947e-12
DD_0_0_l_0_0_0_0_0_0_0_0_0_0_0_0_0_0 = 1.56418e-12
DD_0_0_l_0_0_0_0_0_0_0_0_0_0_0_0_0_0_0 = 1.48822e-12
DD_0_0_l_0_0_0_0_0_0_0_0_0_0_0_0_0_0_0_0 = 1.41538e-12
DD_0_0_l_0_0_0_0_0_0_0_0_0_0_0_0_0_0_0_0_0 = 1.35342e-12
DD_0_0_l_0_0_0_0_0_0_0_0_0_0_0_0_0_0_0_0_0_0 = 1.28698e-12
DD_0_0_l_0_0_0_0_0_0_0_0_0_0_0_0_0_0_0_0_0_0_0 = 1.24264e-12
DD_0_0_l_0_0_0_0_0_0_0_0_0_0_0_0_0_0_0_0_0_0_0_0 = 1.16768e-12
Dr_0_0 = 7.97149e-13
Dr_0_0_l_0 = 8.49923e-13
Dr_0_0_l_0_0 = 8.85287e-13
Dr_0_0_l_0_0_0 = 9.0854e-13
Dr_0_0_l_0_0_0_0 = 9.23452e-13
Dr_0_0_l_0_0_0_0_0 = 9.3227e-13
Dr_0_0_l_0_0_0_0_0_0 = 9.36955e-13
Dr_0_0_l_0_0_0_0_0_0_0 = 9.37541e-13
Dr_0_0_l_0_0_0_0_0_0_0_0 = 9.36201e-13
Dr_0_0_l_0_0_0_0_0_0_0_0_0 = 9.32293e-13
Dr_0_0_l_0_0_0_0_0_0_0_0_0_0 = 9.26866e-13
Dr_0_0_l_0_0_0_0_0_0_0_0_0_0_0 = 9.204e-13
Dr_0_0_l_0_0_0_0_0_0_0_0_0_0_0_0 = 9.13071e-13
Dr_0_0_l_0_0_0_0_0_0_0_0_0_0_0_0_0 = 9.04613e-13
Dr_0_0_l_0_0_0_0_0_0_0_0_0_0_0_0_0_0 = 8.96204e-13
Dr_0_0_l_0_0_0_0_0_0_0_0_0_0_0_0_0_0_0 = 8.86532e-13
Dr_0_0_l_0_0_0_0_0_0_0_0_0_0_0_0_0_0_0_0 = 8.77672e-13
Dr_0_0_l_0_0_0_0_0_0_0_0_0_0_0_0_0_0_0_0_0 = 8.67102e-13
Dr_0_0_l_0_0_0_0_0_0_0_0_0_0_0_0_0_0_0_0_0_0 = 8.5841e-13
Dr_0_0_l_0_0_0_0_0_0_0_0_0_0_0_0_0_0_0_0_0_0_0 = 8.46656e-13
Dr_0_0_l_0_0_0_0_0_0_0_0_0_0_0_0_0_0_0_0_0_0_0_0 = 8.39346e-13
Dr_0_0_l_0_0_0_0_0_0_0_0_0_0_0_0_0_0_0_0_0_0_0_0_0 = 8.23772e-13
Hl_0_0 = 9.99876e-06
Hl_0_0_l_0 = 9.00011e-06
Hl_0_0_l_0_0 = 8.19951e-06
Hl_0_0_l_0_0_0 = 7.54003e-06
Hl_0_0_l_0_0_0_0 = 6.98355e-06
Hl_0_0_l_0_0_0_0_0 = 6.50795e-06
Hl_0_0_l_0_0_0_0_0_0 = 6.09469e-06
Hl_0_0_l_0_0_0_0_0_0_0 = 5.73326e-06
Hl_0_0_l_0_0_0_0_0_0_0_0 = 5.4127e-06
Hl_0_0_l_0_0_0_0_0_0_0_0_0 = 5.12792e-06
Hl_0_0_l_0_0_0_0_0_0_0_0_0_0 = 4.87122e-06
Hl_0_0_l_0_0_0_0_0_0_0_0_0_0_0 = 4.64081e-06
Hl_0_0_l_0_0_0_0_0_0_0_0_0_0_0_0 = 4.42998e-06
Hl_0_0_l_0_0_0_0_0_0_0_0_0_0_0_0_0 = 4.23997e-06
Hl_0_0_l_0_0_0_0_0_0_0_0_0_0_0_0_0_0 = 4.0628e-06
Hl_0_0_l_0_0_0_0_0_0_0_0_0_0_0_0_0_0_0 = 3.90454e-06
Hl_0_0_l_0_0_0_0_0_0_0_0_0_0_0_0_0_0_0_0 = 3.75129e-06
Hl_0_0_l_0_0_0_0_0_0_0_0_0_0_0_0_0_0_0_0_0 = 3.62133e-06
Hl_0_0_l_0_0_0_0_0_0_0_0_0_0_0_0_0_0_0_0_0_0 = 3.47995e-06
Hl_0_0_l_0_0_0_0_0_0_0_0_0_0_0_0_0_0_0_0_0_0_0 = 3.38643e-06
Hl_0_0_l_0_0_0_0_0_0_0_0_0_0_0_0_0_0_0_0_0_0_0_0 = 3.22524e-06
Hr_0_0 = 9.9999e-05
I = 1
pi2_0_0_0_0 = 9.99952e-10
pi2_0_0_0_0_l_0 = 9.0008e-10
pi2_0_0_0_0_l_0_0 = 8.20014e-10
pi2_0_0_0_0_l_0_0_0 = 7.5406e-10
pi2_0_0_0_0_l_0_0_0_0 = 6.98407e-10
pi2_0_0_0_0_l_0_0_0_0_0 = 6.50843e-10
pi2_0_0_0_0_l_0_0_0_0_0_0 = 6.09513e-10
pi2_0_0_0_0_l_0_0_0_0_0_0_0 = 5.73366e-10
pi2_0_0_0_0_l_0_0_0_0_0_0_0_0 = 5.41307e-10
pi2_0_0_0_0_l_0_0_0_0_0_0_0_0_0 = 5.12826e-10
pi2_0_0_0_0_l_0_0_0_0_0_0_0_0_0_0 = 4.87154e-10
pi2_0_0_0_0_l_0_0_0_0_0_0_0_0_0_0_0 = 4.64111e-10
pi2_0_0_0_0_l_0_0_0_0_0_0_0_0_0_0_0_0 = 4.43026e-10
pi2_0_0_0_0_l_0_0_0_0_0_0_0_0_0_0_0_0_0 = 4.24023e-10
pi2_0_0_0_0_l_0_0_0_0_0_0_0_0_0_0_0_0_0_0 = 4.06304e-10
pi2_0_0_0_0_l_0_0_0_0_0_0_0_0_0_0_0_0_0_0_0 = 3.90477e-10
pi2_0_0_0_0_l_0_0_0_0_0_0_0_0_0_0_0_0_0_0_0_0 = 3.75151e-10
pi2_0_0_0_0_l_0_0_0_0_0_0_0_0_0_0_0_0_0_0_0_0_0 = 3.62153e-10
pi2_0_0_0_0_l_0_0_0_0_0_0_0_0_0_0_0_0_0_0_0_0_0_0 = 3.48014e-10
pi2_0_0_0_0_l_0_0_0_0_0_0_0_0_0_0_0_0_0_0_0_0_0_0_0 = 3.38661e-10
pi2_0_0_0_0_l_0_0_0_0_0_0_0_0_0_0_0_0_0_0_0_0_0_0_0_0 = 3.22541e-10
