DD_0_0 = 2.83992e-13
DD_0_0_l_0 = 2.42823e-13
DD_0_0_l_0_0 = 2.52945e-13
DD_0_0_l_0_0_0 = 2.37597e-13
DD_0_0_l_0_0_0_0 = 2.40659e-13
DD_0_0_l_0_0_0_0_0 = 2.31381e-13
Dr_0_0 = 3.07456e-13
Dr_0_0_l_0 = 2.50797e-13
Dr_0_0_l_0_0 = 2.58108e-13
Dr_0_0_l_0_0_0 = 2.50039e-13
Dr_0_0_l_0_0_0_0 = 2.47927e-13
Dr_0_0_l_0_0_0_0_0 = 2.48165e-13
Dr_0_0_l_0_0_0_0_0_0 = 2.45194e-13
Hl_0_0 = 1.05903e-06
Hl_0_0_l_0 = 9.8941e-07
Hl_0_0_l_0_0 = 9.99887e-07
Hl_0_0_l_0_0_0 = 9.70002e-07
Hl_0_0_l_0_0_0_0 = 9.73003e-07
Hl_0_0_l_0_0_0_0_0 = 9.51346e-07
Hr_0_0 = 9.9999e-05
I = 1
pi2_0_0_0_0 = 1.0587e-10
pi2_0_0_0_0_l_0 = 9.89297e-11
pi2_0_0_0_0_l_0_0 = 9.99782e-11
pi2_0_0_0_0_l_0_0_0 = 9.69937e-11
pi2_0_0_0_0_l_0_0_0_0 = 9.7294e-11
pi2_0_0_0_0_l_0_0_0_0_0 = 9.51302e-11
