DD_0_0 = 3.81897e-12
DD_0_0_l_0 = 4.10891e-12
DD_0_0_l_0_0 = 3.36925e-12
Dr_0_0 = 6.61226e-13
Dr_0_0_l_0 = 8.20472e-13
Dr_0_0_l_0_0 = 9.67011e-13
Dr_0_0_l_0_0_0 = 9.09775e-13
Hl_0_0 = 8.56305e-06
Hl_0_0_l_0 = 9.14369e-06
Hl_0_0_l_0_0 = 7.69222e-06
Hr_0_0 = 9.9999e-05
I = 1
pi2_0_0_0_0 = 8.56401e-10
pi2_0_0_0_0_l_0 = 9.14486e-10
pi2_0_0_0_0_l_0_0 = 7.69297e-10
