DD_0_0 = 5.14575e-12
DD_0_0_l_0 = 3.95574e-12
DD_0_0_l_0_0 = 3.83362e-12
DD_0_0_l_0_0_0 = 3.21695e-12
DD_0_0_l_0_0_0_0 = 3.15163e-12
DD_0_0_l_0_0_0_0_0 = 2.6912e-12
Dr_0_0 = 9.14694e-13
Dr_0_0_l_0 = 8.60723e-13
Dr_0_0_l_0_0 = 9.18898e-13
Dr_0_0_l_0_0_0 = 9.23393e-13
Dr_0_0_l_0_0_0_0 = 9.25475e-13
Dr_0_0_l_0_0_0_0_0 = 1.00163e-12
Dr_0_0_l_0_0_0_0_0_0 = 9.53909e-13
Hl_0_0 = 1.12258e-05
Hl_0_0_l_0 = 8.87741e-06
Hl_0_0_l_0_0 = 8.63306e-06
Hl_0_0_l_0_0_0 = 7.40996e-06
Hl_0_0_l_0_0_0_0 = 7.28098e-06
Hl_0_0_l_0_0_0_0_0 = 6.35922e-06
Hr_0_0 = 9.9999e-05
I = 1
pi2_0_0_0_0 = 1.12263e-09
pi2_0_0_0_0_l_0 = 8.87796e-10
pi2_0_0_0_0_l_0_0 = 8.63364e-10
pi2_0_0_0_0_l_0_0_0 = 7.41044e-10
pi2_0_0_0_0_l_0_0_0_0 = 7.28154e-10
pi2_0_0_0_0_l_0_0_0_0_0 = 6.35968e-10
