DD_0_0 = 4.35209e-12
DD_0_0_l_0 = 4.04694e-12
DD_0_0_l_0_0 = 3.55589e-12
DD_0_0_l_0_0_0 = 3.30692e-12
DD_0_0_l_0_0_0_0 = 2.96264e-12
DD_0_0_l_0_0_0_0_0 = 2.79011e-12
DD_0_0_l_0_0_0_0_0_0 = 2.52288e-12
DD_0_0_l_0_0_0_0_0_0_0 = 2.40873e-12
DD_0_0_l_0_0_0_0_0_0_0_0 = 2.1819e-12
DD_0_0_l_0_0_0_0_0_0_0_0_0 = 2.11948e-12
DD_0_0_l_0_0_0_0_0_0_0_0_0_0 = 1.90374e-12
Dr_0_0 = 7.62069e-13
Dr_0_0_l_0 = 8.46889e-13
Dr_0_0_l_0_0 = 8.7497e-13
Dr_0_0_l_0_0_0 = 9.04963e-13
Dr_0_0_l_0_0_0_0 = 9.18897e-13
Dr_0_0_l_0_0_0_0_0 = 9.28245e-13
Dr_0_0_l_0_0_0_0_0_0 = 9.35326e-13
Dr_0_0_l_0_0_0_0_0_0_0 = 9.32143e-13
Dr_0_0_l_0_0_0_0_0_0_0_0 = 9.38436e-13
Dr_0_0_l_0_0_0_0_0_0_0_0_0 = 9.21111e-13
Dr_0_0_l_0_0_0_0_0_0_0_0_0_0 = 9.4411e-13
Dr_0_0_l_0_0_0_0_0_0_0_0_0_0_0 = 9.15214e-13
Hl_0_0 = 9.63271e-06
Hl_0_0_l_0 = 9.03672e-06
Hl_0_0_l_0_0 = 8.07017e-06
Hl_0_0_l_0_0_0 = 7.57883e-06
Hl_0_0_l_0_0_0_0 = 6.89482e-06
Hl_0_0_l_0_0_0_0_0 = 6.55232e-06
Hl_0_0_l_0_0_0_0_0_0 = 6.01577e-06
Hl_0_0_l_0_0_0_0_0_0_0 = 5.7885e-06
Hl_0_0_l_0_0_0_0_0_0_0_0 = 5.32782e-06
Hl_0_0_l_0_0_0_0_0_0_0_0_0 = 5.20432e-06
Hl_0_0_l_0_0_0_0_0_0_0_0_0_0 = 4.76151e-06
Hr_0_0 = 9.9999e-05
I = 1
pi2_0_0_0_0 = 9.63357e-10
pi2_0_0_0_0_l_0 = 9.03746e-10
pi2_0_0_0_0_l_0_0 = 8.07082e-10
pi2_0_0_0_0_l_0_0_0 = 7.57943e-10
pi2_0_0_0_0_l_0_0_0_0 = 6.89534e-10
pi2_0_0_0_0_l_0_0_0_0_0 = 6.55281e-10
pi2_0_0_0_0_l_0_0_0_0_0_0 = 6.01621e-10
pi2_0_0_0_0_l_0_0_0_0_0_0_0 = 5.78893e-10
pi2_0_0_0_0_l_0_0_0_0_0_0_0_0 = 5.32819e-10
pi2_0_0_0_0_l_0_0_0_0_0_0_0_0_0 = 5.20469e-10
pi2_0_0_0_0_l_0_0_0_0_0_0_0_0_0_0 = 4.76184e-10
