DD_0_0 = 2.36003e-13
DD_0_0_l_0 = 2.48196e-13
DD_0_0_l_0_0 = 2.39248e-13
Dr_0_0 = 2.26506e-13
Dr_0_0_l_0 = 2.38454e-13
Dr_0_0_l_0_0 = 2.45655e-13
Dr_0_0_l_0_0_0 = 2.43782e-13
Hl_0_0 = 9.72036e-07
Hl_0_0_l_0 = 9.9028e-07
Hl_0_0_l_0_0 = 9.70872e-07
Hr_0_0 = 9.9999e-05
I = 1
pi2_0_0_0_0 = 9.72082e-11
pi2_0_0_0_0_l_0 = 9.9033e-11
pi2_0_0_0_0_l_0_0 = 9.70899e-11
