DD_0_0 = 1.8439e-13
DD_0_0_l_0 = 2.57505e-13
DD_0_0_l_0_0 = 2.21343e-13
DD_0_0_l_0_0_0 = 2.45097e-13
DD_0_0_l_0_0_0_0 = 2.23196e-13
DD_0_0_l_0_0_0_0_0 = 2.35979e-13
DD_0_0_l_0_0_0_0_0_0 = 2.19884e-13
DD_0_0_l_0_0_0_0_0_0_0 = 2.27863e-13
DD_0_0_l_0_0_0_0_0_0_0_0 = 2.15234e-13
DD_0_0_l_0_0_0_0_0_0_0_0_0 = 2.20546e-13
DD_0_0_l_0_0_0_0_0_0_0_0_0_0 = 2.10091e-13
DD_0_0_l_0_0_0_0_0_0_0_0_0_0_0 = 2.13676e-13
DD_0_0_l_0_0_0_0_0_0_0_0_0_0_0_0 = 2.04819e-13
DD_0_0_l_0_0_0_0_0_0_0_0_0_0_0_0_0 = 2.07271e-13
DD_0_0_l_0_0_0_0_0_0_0_0_0_0_0_0_0_0 = 1.99528e-13
DD_0_0_l_0_0_0_0_0_0_0_0_0_0_0_0_0_0_0 = 2.01254e-13
DD_0_0_l_0_0_0_0_0_0_0_0_0_0_0_0_0_0_0_0 = 1.94366e-13
DD_0_0_l_0_0_0_0_0_0_0_0_0_0_0_0_0_0_0_0_0 = 1.95511e-13
DD_0_0_l_0_0_0_0_0_0_0_0_0_0_0_0_0_0_0_0_0_0 = 1.89391e-13
DD_0_0_l_0_0_0_0_0_0_0_0_0_0_0_0_0_0_0_0_0_0_0 = 1.90016e-13
DD_0_0_l_0_0_0_0_0_0_0_0_0_0_0_0_0_0_0_0_0_0_0_0 = 1.84595e-13
Dr_0_0 = 1.12293e-13
Dr_0_0_l_0 = 2.53011e-13
Dr_0_0_l_0_0 = 2.08441e-13
Dr_0_0_l_0_0_0 = 2.46075e-13
Dr_0_0_l_0_0_0_0 = 2.24482e-13
Dr_0_0_l_0_0_0_0_0 = 2.42422e-13
Dr_0_0_l_0_0_0_0_0_0 = 2.29627e-13
Dr_0_0_l_0_0_0_0_0_0_0 = 2.39551e-13
Dr_0_0_l_0_0_0_0_0_0_0_0 = 2.31278e-13
Dr_0_0_l_0_0_0_0_0_0_0_0_0 = 2.37096e-13
Dr_0_0_l_0_0_0_0_0_0_0_0_0_0 = 2.31418e-13
Dr_0_0_l_0_0_0_0_0_0_0_0_0_0_0 = 2.34761e-13
Dr_0_0_l_0_0_0_0_0_0_0_0_0_0_0_0 = 2.30712e-13
Dr_0_0_l_0_0_0_0_0_0_0_0_0_0_0_0_0 = 2.32533e-13
Dr_0_0_l_0_0_0_0_0_0_0_0_0_0_0_0_0_0 = 2.29543e-13
Dr_0_0_l_0_0_0_0_0_0_0_0_0_0_0_0_0_0_0 = 2.30342e-13
Dr_0_0_l_0_0_0_0_0_0_0_0_0_0_0_0_0_0_0_0 = 2.28123e-13
Dr_0_0_l_0_0_0_0_0_0_0_0_0_0_0_0_0_0_0_0_0 = 2.28165e-13
Dr_0_0_l_0_0_0_0_0_0_0_0_0_0_0_0_0_0_0_0_0_0 = 2.2651e-13
Dr_0_0_l_0_0_0_0_0_0_0_0_0_0_0_0_0_0_0_0_0_0_0 = 2.26042e-13
Dr_0_0_l_0_0_0_0_0_0_0_0_0_0_0_0_0_0_0_0_0_0_0_0 = 2.24735e-13
Dr_0_0_l_0_0_0_0_0_0_0_0_0_0_0_0_0_0_0_0_0_0_0_0_0 = 2.23185e-13
Hl_0_0 = 8.84925e-07
Hl_0_0_l_0 = 9.91151e-07
Hl_0_0_l_0_0 = 9.41818e-07
Hl_0_0_l_0_0_0 = 9.71744e-07
Hl_0_0_l_0_0_0_0 = 9.38113e-07
Hl_0_0_l_0_0_0_0_0 = 9.5309e-07
Hl_0_0_l_0_0_0_0_0_0 = 9.26369e-07
Hl_0_0_l_0_0_0_0_0_0_0 = 9.35146e-07
Hl_0_0_l_0_0_0_0_0_0_0_0 = 9.12391e-07
Hl_0_0_l_0_0_0_0_0_0_0_0_0 = 9.17871e-07
Hl_0_0_l_0_0_0_0_0_0_0_0_0_0 = 8.97735e-07
Hl_0_0_l_0_0_0_0_0_0_0_0_0_0_0 = 9.01229e-07
Hl_0_0_l_0_0_0_0_0_0_0_0_0_0_0_0 = 8.82977e-07
Hl_0_0_l_0_0_0_0_0_0_0_0_0_0_0_0_0 = 8.85186e-07
Hl_0_0_l_0_0_0_0_0_0_0_0_0_0_0_0_0_0 = 8.68371e-07
Hl_0_0_l_0_0_0_0_0_0_0_0_0_0_0_0_0_0_0 = 8.69709e-07
Hl_0_0_l_0_0_0_0_0_0_0_0_0_0_0_0_0_0_0_0 = 8.54037e-07
Hl_0_0_l_0_0_0_0_0_0_0_0_0_0_0_0_0_0_0_0_0 = 8.54769e-07
Hl_0_0_l_0_0_0_0_0_0_0_0_0_0_0_0_0_0_0_0_0_0 = 8.40035e-07
Hl_0_0_l_0_0_0_0_0_0_0_0_0_0_0_0_0_0_0_0_0_0_0 = 8.40338e-07
Hl_0_0_l_0_0_0_0_0_0_0_0_0_0_0_0_0_0_0_0_0_0_0_0 = 8.26392e-07
Hr_0_0 = 9.9999e-05
I = 1
pi2_0_0_0_0 = 8.85607e-11
pi2_0_0_0_0_l_0 = 9.91383e-11
pi2_0_0_0_0_l_0_0 = 9.42031e-11
pi2_0_0_0_0_l_0_0_0 = 9.71877e-11
pi2_0_0_0_0_l_0_0_0_0 = 9.38234e-11
pi2_0_0_0_0_l_0_0_0_0_0 = 9.53182e-11
pi2_0_0_0_0_l_0_0_0_0_0_0 = 9.26453e-11
pi2_0_0_0_0_l_0_0_0_0_0_0_0 = 9.35215e-11
pi2_0_0_0_0_l_0_0_0_0_0_0_0_0 = 9.12454e-11
pi2_0_0_0_0_l_0_0_0_0_0_0_0_0_0 = 9.17926e-11
pi2_0_0_0_0_l_0_0_0_0_0_0_0_0_0_0 = 8.97783e-11
pi2_0_0_0_0_l_0_0_0_0_0_0_0_0_0_0_0 = 9.01274e-11
pi2_0_0_0_0_l_0_0_0_0_0_0_0_0_0_0_0_0 = 8.83016e-11
pi2_0_0_0_0_l_0_0_0_0_0_0_0_0_0_0_0_0_0 = 8.85223e-11
pi2_0_0_0_0_l_0_0_0_0_0_0_0_0_0_0_0_0_0_0 = 8.68403e-11
pi2_0_0_0_0_l_0_0_0_0_0_0_0_0_0_0_0_0_0_0_0 = 8.69741e-11
pi2_0_0_0_0_l_0_0_0_0_0_0_0_0_0_0_0_0_0_0_0_0 = 8.54064e-11
pi2_0_0_0_0_l_0_0_0_0_0_0_0_0_0_0_0_0_0_0_0_0_0 = 8.54797e-11
pi2_0_0_0_0_l_0_0_0_0_0_0_0_0_0_0_0_0_0_0_0_0_0_0 = 8.40059e-11
pi2_0_0_0_0_l_0_0_0_0_0_0_0_0_0_0_0_0_0_0_0_0_0_0_0 = 8.40361e-11
pi2_0_0_0_0_l_0_0_0_0_0_0_0_0_0_0_0_0_0_0_0_0_0_0_0_0 = 8.26414e-11
