DD_0_0 = -4.00512e-12
DD_0_0_l_0 = 1.17397e-11
DD_0_0_l_0_0 = 7.2828e-12
DD_0_0_l_0_0_0 = 9.81403e-12
DD_0_0_l_0_0_0_0 = 7.48637e-12
DD_0_0_l_0_0_0_0_0 = 8.29143e-12
DD_0_0_l_0_0_0_0_0_0 = 6.79035e-12
DD_0_0_l_0_0_0_0_0_0_0 = 7.09074e-12
DD_0_0_l_0_0_0_0_0_0_0_0 = 6.02815e-12
DD_0_0_l_0_0_0_0_0_0_0_0_0 = 6.12902e-12
DD_0_0_l_0_0_0_0_0_0_0_0_0_0 = 5.3436e-12
Dr_0_0 = -4.07804e-11
Dr_0_0_l_0 = -1.68923e-12
Dr_0_0_l_0_0 = 1.81214e-12
Dr_0_0_l_0_0_0 = 7.39884e-12
Dr_0_0_l_0_0_0_0 = 8.79361e-12
Dr_0_0_l_0_0_0_0_0 = 1.02148e-11
Dr_0_0_l_0_0_0_0_0_0 = 1.08433e-11
Dr_0_0_l_0_0_0_0_0_0_0 = 1.1112e-11
Dr_0_0_l_0_0_0_0_0_0_0_0 = 1.13764e-11
Dr_0_0_l_0_0_0_0_0_0_0_0_0 = 1.12471e-11
Dr_0_0_l_0_0_0_0_0_0_0_0_0_0 = 1.13073e-11
Dr_0_0_l_0_0_0_0_0_0_0_0_0_0_0 = 1.10004e-11
Hl_0_0 = 4.4275e-06
Hl_0_0_l_0 = 4.77862e-06
Hl_0_0_l_0_0 = 4.33129e-06
Hl_0_0_l_0_0_0 = 4.35027e-06
Hl_0_0_l_0_0_0_0 = 4.01539e-06
Hl_0_0_l_0_0_0_0_0 = 3.99607e-06
Hl_0_0_l_0_0_0_0_0_0 = 3.71927e-06
Hl_0_0_l_0_0_0_0_0_0_0 = 3.6981e-06
Hl_0_0_l_0_0_0_0_0_0_0_0 = 3.45695e-06
Hl_0_0_l_0_0_0_0_0_0_0_0_0 = 3.44414e-06
Hl_0_0_l_0_0_0_0_0_0_0_0_0_0 = 3.2256e-06
Hr_0_0 = 9.99998e-05
I = 1
pi2_0_0_0_0 = 4.58437e-10
pi2_0_0_0_0_l_0 = 4.86851e-10
pi2_0_0_0_0_l_0_0 = 4.3944e-10
pi2_0_0_0_0_l_0_0_0 = 4.40091e-10
pi2_0_0_0_0_l_0_0_0_0 = 4.05414e-10
pi2_0_0_0_0_l_0_0_0_0_0 = 4.03012e-10
pi2_0_0_0_0_l_0_0_0_0_0_0 = 3.74639e-10
pi2_0_0_0_0_l_0_0_0_0_0_0_0 = 3.72312e-10
pi2_0_0_0_0_l_0_0_0_0_0_0_0_0 = 3.47723e-10
pi2_0_0_0_0_l_0_0_0_0_0_0_0_0_0 = 3.46355e-10
pi2_0_0_0_0_l_0_0_0_0_0_0_0_0_0_0 = 3.24137e-10
