DD_0_0 = -4.33491e-12
DD_0_0_l_0 = 1.1738e-11
DD_0_0_l_0_0 = 7.25462e-12
DD_0_0_l_0_0_0 = 9.83286e-12
DD_0_0_l_0_0_0_0 = 7.49333e-12
DD_0_0_l_0_0_0_0_0 = 8.31247e-12
DD_0_0_l_0_0_0_0_0_0 = 6.80485e-12
DD_0_0_l_0_0_0_0_0_0_0 = 7.1102e-12
DD_0_0_l_0_0_0_0_0_0_0_0 = 6.04378e-12
DD_0_0_l_0_0_0_0_0_0_0_0_0 = 6.14614e-12
DD_0_0_l_0_0_0_0_0_0_0_0_0_0 = 5.35848e-12
Dr_0_0 = -4.2206e-11
Dr_0_0_l_0 = -2.3176e-12
Dr_0_0_l_0_0 = 1.39022e-12
Dr_0_0_l_0_0_0 = 7.10924e-12
Dr_0_0_l_0_0_0_0 = 8.59393e-12
Dr_0_0_l_0_0_0_0_0 = 1.0059e-11
Dr_0_0_l_0_0_0_0_0_0 = 1.07378e-11
Dr_0_0_l_0_0_0_0_0_0_0 = 1.1023e-11
Dr_0_0_l_0_0_0_0_0_0_0_0 = 1.13198e-11
Dr_0_0_l_0_0_0_0_0_0_0_0_0 = 1.11957e-11
Dr_0_0_l_0_0_0_0_0_0_0_0_0_0 = 1.12791e-11
Dr_0_0_l_0_0_0_0_0_0_0_0_0_0_0 = 1.09829e-11
Hl_0_0 = 4.4275e-06
Hl_0_0_l_0 = 4.77862e-06
Hl_0_0_l_0_0 = 4.33129e-06
Hl_0_0_l_0_0_0 = 4.35027e-06
Hl_0_0_l_0_0_0_0 = 4.01539e-06
Hl_0_0_l_0_0_0_0_0 = 3.99607e-06
Hl_0_0_l_0_0_0_0_0_0 = 3.71927e-06
Hl_0_0_l_0_0_0_0_0_0_0 = 3.6981e-06
Hl_0_0_l_0_0_0_0_0_0_0_0 = 3.45695e-06
Hl_0_0_l_0_0_0_0_0_0_0_0_0 = 3.44414e-06
Hl_0_0_l_0_0_0_0_0_0_0_0_0_0 = 3.2256e-06
Hr_0_0 = 9.99998e-05
I = 1
pi2_0_0_0_0 = 4.58723e-10
pi2_0_0_0_0_l_0 = 4.87042e-10
pi2_0_0_0_0_l_0_0 = 4.39569e-10
pi2_0_0_0_0_l_0_0_0 = 4.402e-10
pi2_0_0_0_0_l_0_0_0_0 = 4.05495e-10
pi2_0_0_0_0_l_0_0_0_0_0 = 4.03086e-10
pi2_0_0_0_0_l_0_0_0_0_0_0 = 3.74696e-10
pi2_0_0_0_0_l_0_0_0_0_0_0_0 = 3.72366e-10
pi2_0_0_0_0_l_0_0_0_0_0_0_0_0 = 3.47765e-10
pi2_0_0_0_0_l_0_0_0_0_0_0_0_0_0 = 3.46397e-10
pi2_0_0_0_0_l_0_0_0_0_0_0_0_0_0_0 = 3.24171e-10
