DD_0_0 = 5.36721e-12
DD_0_0_l_0 = 1.1052e-11
DD_0_0_l_0_0 = 9.40092e-12
Dr_0_0 = 4.62538e-12
Dr_0_0_l_0 = 1.00173e-11
Dr_0_0_l_0_0 = 1.52897e-11
Dr_0_0_l_0_0_0 = 1.57414e-11
Hl_0_0 = 4.47629e-06
Hl_0_0_l_0 = 4.77618e-06
Hl_0_0_l_0_0 = 4.3478e-06
Hr_0_0 = 9.99989e-05
I = 1
pi2_0_0_0_0 = 4.4921e-10
pi2_0_0_0_0_l_0 = 4.80616e-10
pi2_0_0_0_0_l_0_0 = 4.36541e-10
