DD_0_0 = 1.82007e-12
DD_0_0_l_0 = 1.97634e-12
DD_0_0_l_0_0 = 1.75395e-12
Dr_0_0 = 5.7682e-13
Dr_0_0_l_0 = 6.6658e-13
Dr_0_0_l_0_0 = 7.34307e-13
Dr_0_0_l_0_0_0 = 7.10701e-13
Hl_0_0 = 4.47629e-06
Hl_0_0_l_0 = 4.77618e-06
Hl_0_0_l_0_0 = 4.3478e-06
Hr_0_0 = 9.9999e-05
I = 1
pi2_0_0_0_0 = 4.47681e-10
pi2_0_0_0_0_l_0 = 4.77675e-10
pi2_0_0_0_0_l_0_0 = 4.34816e-10
