DD_0_0 = 1.79586e-12
DD_0_0_l_0 = 1.97808e-12
DD_0_0_l_0_0 = 1.7451e-12
DD_0_0_l_0_0_0 = 1.75778e-12
DD_0_0_l_0_0_0_0 = 1.58646e-12
DD_0_0_l_0_0_0_0_0 = 1.57899e-12
DD_0_0_l_0_0_0_0_0_0 = 1.43952e-12
DD_0_0_l_0_0_0_0_0_0_0 = 1.43062e-12
DD_0_0_l_0_0_0_0_0_0_0_0 = 1.31079e-12
DD_0_0_l_0_0_0_0_0_0_0_0_0 = 1.30556e-12
DD_0_0_l_0_0_0_0_0_0_0_0_0_0 = 1.19874e-12
Dr_0_0 = 5.63818e-13
Dr_0_0_l_0 = 6.85009e-13
Dr_0_0_l_0_0 = 6.64446e-13
Dr_0_0_l_0_0_0 = 7.00971e-13
Dr_0_0_l_0_0_0_0 = 6.92466e-13
Dr_0_0_l_0_0_0_0_0 = 7.07949e-13
Dr_0_0_l_0_0_0_0_0_0 = 7.04627e-13
Dr_0_0_l_0_0_0_0_0_0_0 = 7.07691e-13
Dr_0_0_l_0_0_0_0_0_0_0_0 = 7.10346e-13
Dr_0_0_l_0_0_0_0_0_0_0_0_0 = 7.00003e-13
Dr_0_0_l_0_0_0_0_0_0_0_0_0_0 = 7.16196e-13
Dr_0_0_l_0_0_0_0_0_0_0_0_0_0_0 = 7.02673e-13
Hl_0_0 = 4.4275e-06
Hl_0_0_l_0 = 4.77862e-06
Hl_0_0_l_0_0 = 4.33129e-06
Hl_0_0_l_0_0_0 = 4.35027e-06
Hl_0_0_l_0_0_0_0 = 4.01539e-06
Hl_0_0_l_0_0_0_0_0 = 3.99607e-06
Hl_0_0_l_0_0_0_0_0_0 = 3.71927e-06
Hl_0_0_l_0_0_0_0_0_0_0 = 3.6981e-06
Hl_0_0_l_0_0_0_0_0_0_0_0 = 3.45695e-06
Hl_0_0_l_0_0_0_0_0_0_0_0_0 = 3.44414e-06
Hl_0_0_l_0_0_0_0_0_0_0_0_0_0 = 3.2256e-06
Hr_0_0 = 9.9999e-05
I = 1
pi2_0_0_0_0 = 4.4282e-10
pi2_0_0_0_0_l_0 = 4.77904e-10
pi2_0_0_0_0_l_0_0 = 4.33166e-10
pi2_0_0_0_0_l_0_0_0 = 4.3506e-10
pi2_0_0_0_0_l_0_0_0_0 = 4.01567e-10
pi2_0_0_0_0_l_0_0_0_0_0 = 3.99633e-10
pi2_0_0_0_0_l_0_0_0_0_0_0 = 3.71951e-10
pi2_0_0_0_0_l_0_0_0_0_0_0_0 = 3.69833e-10
pi2_0_0_0_0_l_0_0_0_0_0_0_0_0 = 3.45715e-10
pi2_0_0_0_0_l_0_0_0_0_0_0_0_0_0 = 3.44434e-10
pi2_0_0_0_0_l_0_0_0_0_0_0_0_0_0_0 = 3.22578e-10
