DD_0_0 = 8.82028e-13
DD_0_0_l_0 = 5.21124e-13
DD_0_0_l_0_0 = 5.62927e-13
DD_0_0_l_0_0_0 = 4.91135e-13
DD_0_0_l_0_0_0_0 = 5.01032e-13
DD_0_0_l_0_0_0_0_0 = 4.68656e-13
Dr_0_0 = 2.85091e-12
Dr_0_0_l_0 = 1.67856e-12
Dr_0_0_l_0_0 = 1.61263e-12
Dr_0_0_l_0_0_0 = 1.37274e-12
Dr_0_0_l_0_0_0_0 = 1.34171e-12
Dr_0_0_l_0_0_0_0_0 = 1.23154e-12
Dr_0_0_l_0_0_0_0_0_0 = 1.1501e-12
Hl_0_0 = 1.05903e-06
Hl_0_0_l_0 = 9.8941e-07
Hl_0_0_l_0_0 = 9.99887e-07
Hl_0_0_l_0_0_0 = 9.70002e-07
Hl_0_0_l_0_0_0_0 = 9.73003e-07
Hl_0_0_l_0_0_0_0_0 = 9.51345e-07
Hr_0_0 = 9.99987e-05
I = 1
pi2_0_0_0_0 = 1.05192e-10
pi2_0_0_0_0_l_0 = 9.86601e-11
pi2_0_0_0_0_l_0_0 = 9.97135e-11
pi2_0_0_0_0_l_0_0_0 = 9.68361e-11
pi2_0_0_0_0_l_0_0_0_0 = 9.71277e-11
pi2_0_0_0_0_l_0_0_0_0_0 = 9.50153e-11
