DD_0_0 = 8.81665e-13
DD_0_0_l_0 = 5.21086e-13
DD_0_0_l_0_0 = 5.62851e-13
DD_0_0_l_0_0_0 = 4.9109e-13
DD_0_0_l_0_0_0_0 = 5.00972e-13
DD_0_0_l_0_0_0_0_0 = 4.68613e-13
Dr_0_0 = 2.8488e-12
Dr_0_0_l_0 = 1.67759e-12
Dr_0_0_l_0_0 = 1.61185e-12
Dr_0_0_l_0_0_0 = 1.37215e-12
Dr_0_0_l_0_0_0_0 = 1.34117e-12
Dr_0_0_l_0_0_0_0_0 = 1.2311e-12
Dr_0_0_l_0_0_0_0_0_0 = 1.14973e-12
Hl_0_0 = 1.05903e-06
Hl_0_0_l_0 = 9.8941e-07
Hl_0_0_l_0_0 = 9.99887e-07
Hl_0_0_l_0_0_0 = 9.70002e-07
Hl_0_0_l_0_0_0_0 = 9.73003e-07
Hl_0_0_l_0_0_0_0_0 = 9.51346e-07
Hr_0_0 = 9.99987e-05
I = 1
pi2_0_0_0_0 = 1.05193e-10
pi2_0_0_0_0_l_0 = 9.86604e-11
pi2_0_0_0_0_l_0_0 = 9.97138e-11
pi2_0_0_0_0_l_0_0_0 = 9.68363e-11
pi2_0_0_0_0_l_0_0_0_0 = 9.71278e-11
pi2_0_0_0_0_l_0_0_0_0_0 = 9.50154e-11
