DD_0_0 = -1.61583e-13
DD_0_0_l_0 = 4.64333e-13
DD_0_0_l_0_0 = 3.52742e-13
DD_0_0_l_0_0_0 = 4.5975e-13
DD_0_0_l_0_0_0_0 = 4.10889e-13
DD_0_0_l_0_0_0_0_0 = 4.4737e-13
DD_0_0_l_0_0_0_0_0_0 = 4.19021e-13
DD_0_0_l_0_0_0_0_0_0_0 = 4.33236e-13
DD_0_0_l_0_0_0_0_0_0_0_0 = 4.14139e-13
DD_0_0_l_0_0_0_0_0_0_0_0_0 = 4.18847e-13
DD_0_0_l_0_0_0_0_0_0_0_0_0_0 = 4.04762e-13
Dr_0_0 = -1.96054e-12
Dr_0_0_l_0 = -2.64161e-13
Dr_0_0_l_0_0 = -2.98768e-14
Dr_0_0_l_0_0_0 = 2.3061e-13
Dr_0_0_l_0_0_0_0 = 3.525e-13
Dr_0_0_l_0_0_0_0_0 = 4.31567e-13
Dr_0_0_l_0_0_0_0_0_0 = 5.09065e-13
Dr_0_0_l_0_0_0_0_0_0_0 = 5.35006e-13
Dr_0_0_l_0_0_0_0_0_0_0_0 = 5.89463e-13
Dr_0_0_l_0_0_0_0_0_0_0_0_0 = 5.94421e-13
Dr_0_0_l_0_0_0_0_0_0_0_0_0_0 = 6.35059e-13
Dr_0_0_l_0_0_0_0_0_0_0_0_0_0_0 = 6.58494e-13
Hl_0_0 = 9.19174e-07
Hl_0_0_l_0 = 9.90808e-07
Hl_0_0_l_0_0 = 9.53241e-07
Hl_0_0_l_0_0_0 = 9.71401e-07
Hl_0_0_l_0_0_0_0 = 9.44976e-07
Hl_0_0_l_0_0_0_0_0 = 9.52747e-07
Hl_0_0_l_0_0_0_0_0_0 = 9.31282e-07
Hl_0_0_l_0_0_0_0_0_0_0 = 9.34802e-07
Hl_0_0_l_0_0_0_0_0_0_0_0 = 9.16224e-07
Hl_0_0_l_0_0_0_0_0_0_0_0_0 = 9.17526e-07
Hl_0_0_l_0_0_0_0_0_0_0_0_0_0 = 9.00883e-07
Hr_0_0 = 9.99992e-05
I = 1
pi2_0_0_0_0 = 9.26335e-11
pi2_0_0_0_0_l_0 = 9.95447e-11
pi2_0_0_0_0_l_0_0 = 9.56379e-11
pi2_0_0_0_0_l_0_0_0 = 9.74152e-11
pi2_0_0_0_0_l_0_0_0_0 = 9.47024e-11
pi2_0_0_0_0_l_0_0_0_0_0 = 9.54686e-11
pi2_0_0_0_0_l_0_0_0_0_0_0 = 9.32796e-11
pi2_0_0_0_0_l_0_0_0_0_0_0_0 = 9.3629e-11
pi2_0_0_0_0_l_0_0_0_0_0_0_0_0 = 9.17418e-11
pi2_0_0_0_0_l_0_0_0_0_0_0_0_0_0 = 9.18727e-11
pi2_0_0_0_0_l_0_0_0_0_0_0_0_0_0_0 = 9.01875e-11
