DD_0_0 = -1.02358e-12
DD_0_0_l_0 = 4.60182e-13
DD_0_0_l_0_0 = 1.76764e-13
DD_0_0_l_0_0_0 = 4.57418e-13
DD_0_0_l_0_0_0_0 = 3.34462e-13
DD_0_0_l_0_0_0_0_0 = 4.45674e-13
DD_0_0_l_0_0_0_0_0_0 = 3.75555e-13
DD_0_0_l_0_0_0_0_0_0_0 = 4.32338e-13
DD_0_0_l_0_0_0_0_0_0_0_0 = 3.86017e-13
DD_0_0_l_0_0_0_0_0_0_0_0_0 = 4.1787e-13
DD_0_0_l_0_0_0_0_0_0_0_0_0_0 = 3.84966e-13
DD_0_0_l_0_0_0_0_0_0_0_0_0_0_0 = 4.04006e-13
DD_0_0_l_0_0_0_0_0_0_0_0_0_0_0_0 = 3.78748e-13
DD_0_0_l_0_0_0_0_0_0_0_0_0_0_0_0_0 = 3.90423e-13
DD_0_0_l_0_0_0_0_0_0_0_0_0_0_0_0_0_0 = 3.7052e-13
DD_0_0_l_0_0_0_0_0_0_0_0_0_0_0_0_0_0_0 = 3.77279e-13
DD_0_0_l_0_0_0_0_0_0_0_0_0_0_0_0_0_0_0_0 = 3.61217e-13
DD_0_0_l_0_0_0_0_0_0_0_0_0_0_0_0_0_0_0_0_0 = 3.64783e-13
DD_0_0_l_0_0_0_0_0_0_0_0_0_0_0_0_0_0_0_0_0_0 = 3.51425e-13
DD_0_0_l_0_0_0_0_0_0_0_0_0_0_0_0_0_0_0_0_0_0_0 = 3.52776e-13
DD_0_0_l_0_0_0_0_0_0_0_0_0_0_0_0_0_0_0_0_0_0_0_0 = 3.41569e-13
Dr_0_0 = -6.53082e-12
Dr_0_0_l_0 = -1.84458e-12
Dr_0_0_l_0_0 = -1.52784e-12
Dr_0_0_l_0_0_0 = -6.97722e-13
Dr_0_0_l_0_0_0_0 = -5.30652e-13
Dr_0_0_l_0_0_0_0_0 = -2.18097e-13
Dr_0_0_l_0_0_0_0_0_0 = -1.10921e-13
Dr_0_0_l_0_0_0_0_0_0_0 = 3.92709e-14
Dr_0_0_l_0_0_0_0_0_0_0_0 = 1.1572e-13
Dr_0_0_l_0_0_0_0_0_0_0_0_0 = 1.9638e-13
Dr_0_0_l_0_0_0_0_0_0_0_0_0_0 = 2.53953e-13
Dr_0_0_l_0_0_0_0_0_0_0_0_0_0_0 = 2.99674e-13
Dr_0_0_l_0_0_0_0_0_0_0_0_0_0_0_0 = 3.44918e-13
Dr_0_0_l_0_0_0_0_0_0_0_0_0_0_0_0_0 = 3.7079e-13
Dr_0_0_l_0_0_0_0_0_0_0_0_0_0_0_0_0_0 = 4.0748e-13
Dr_0_0_l_0_0_0_0_0_0_0_0_0_0_0_0_0_0_0 = 4.2142e-13
Dr_0_0_l_0_0_0_0_0_0_0_0_0_0_0_0_0_0_0_0 = 4.51753e-13
Dr_0_0_l_0_0_0_0_0_0_0_0_0_0_0_0_0_0_0_0_0 = 4.5813e-13
Dr_0_0_l_0_0_0_0_0_0_0_0_0_0_0_0_0_0_0_0_0_0 = 4.83692e-13
Dr_0_0_l_0_0_0_0_0_0_0_0_0_0_0_0_0_0_0_0_0_0_0 = 4.84992e-13
Dr_0_0_l_0_0_0_0_0_0_0_0_0_0_0_0_0_0_0_0_0_0_0_0 = 5.06889e-13
Dr_0_0_l_0_0_0_0_0_0_0_0_0_0_0_0_0_0_0_0_0_0_0_0_0 = 5.20217e-13
Hl_0_0 = 8.84925e-07
Hl_0_0_l_0 = 9.91151e-07
Hl_0_0_l_0_0 = 9.41818e-07
Hl_0_0_l_0_0_0 = 9.71744e-07
Hl_0_0_l_0_0_0_0 = 9.38113e-07
Hl_0_0_l_0_0_0_0_0 = 9.5309e-07
Hl_0_0_l_0_0_0_0_0_0 = 9.26369e-07
Hl_0_0_l_0_0_0_0_0_0_0 = 9.35146e-07
Hl_0_0_l_0_0_0_0_0_0_0_0 = 9.12391e-07
Hl_0_0_l_0_0_0_0_0_0_0_0_0 = 9.17871e-07
Hl_0_0_l_0_0_0_0_0_0_0_0_0_0 = 8.97735e-07
Hl_0_0_l_0_0_0_0_0_0_0_0_0_0_0 = 9.01229e-07
Hl_0_0_l_0_0_0_0_0_0_0_0_0_0_0_0 = 8.82977e-07
Hl_0_0_l_0_0_0_0_0_0_0_0_0_0_0_0_0 = 8.85186e-07
Hl_0_0_l_0_0_0_0_0_0_0_0_0_0_0_0_0_0 = 8.68371e-07
Hl_0_0_l_0_0_0_0_0_0_0_0_0_0_0_0_0_0_0 = 8.69709e-07
Hl_0_0_l_0_0_0_0_0_0_0_0_0_0_0_0_0_0_0_0 = 8.54037e-07
Hl_0_0_l_0_0_0_0_0_0_0_0_0_0_0_0_0_0_0_0_0 = 8.54769e-07
Hl_0_0_l_0_0_0_0_0_0_0_0_0_0_0_0_0_0_0_0_0_0 = 8.40035e-07
Hl_0_0_l_0_0_0_0_0_0_0_0_0_0_0_0_0_0_0_0_0_0_0 = 8.40338e-07
Hl_0_0_l_0_0_0_0_0_0_0_0_0_0_0_0_0_0_0_0_0_0_0_0 = 8.26392e-07
Hr_0_0 = 9.99997e-05
I = 1
pi2_0_0_0_0 = 9.06218e-11
pi2_0_0_0_0_l_0 = 1.00304e-10
pi2_0_0_0_0_l_0_0 = 9.50567e-11
pi2_0_0_0_0_l_0_0_0 = 9.78749e-11
pi2_0_0_0_0_l_0_0_0_0 = 9.43708e-11
pi2_0_0_0_0_l_0_0_0_0_0 = 9.58006e-11
pi2_0_0_0_0_l_0_0_0_0_0_0 = 9.30462e-11
pi2_0_0_0_0_l_0_0_0_0_0_0_0 = 9.38904e-11
pi2_0_0_0_0_l_0_0_0_0_0_0_0_0 = 9.156e-11
pi2_0_0_0_0_l_0_0_0_0_0_0_0_0_0 = 9.20895e-11
pi2_0_0_0_0_l_0_0_0_0_0_0_0_0_0_0 = 9.00358e-11
pi2_0_0_0_0_l_0_0_0_0_0_0_0_0_0_0_0 = 9.03746e-11
pi2_0_0_0_0_l_0_0_0_0_0_0_0_0_0_0_0_0 = 8.85184e-11
pi2_0_0_0_0_l_0_0_0_0_0_0_0_0_0_0_0_0_0 = 8.87331e-11
pi2_0_0_0_0_l_0_0_0_0_0_0_0_0_0_0_0_0_0_0 = 8.70267e-11
pi2_0_0_0_0_l_0_0_0_0_0_0_0_0_0_0_0_0_0_0_0 = 8.71572e-11
pi2_0_0_0_0_l_0_0_0_0_0_0_0_0_0_0_0_0_0_0_0_0 = 8.55693e-11
pi2_0_0_0_0_l_0_0_0_0_0_0_0_0_0_0_0_0_0_0_0_0_0 = 8.5641e-11
pi2_0_0_0_0_l_0_0_0_0_0_0_0_0_0_0_0_0_0_0_0_0_0_0 = 8.41499e-11
pi2_0_0_0_0_l_0_0_0_0_0_0_0_0_0_0_0_0_0_0_0_0_0_0_0 = 8.41801e-11
pi2_0_0_0_0_l_0_0_0_0_0_0_0_0_0_0_0_0_0_0_0_0_0_0_0_0 = 8.27704e-11
