DD_0_0 = 4.21391e-13
DD_0_0_l_0 = 4.83476e-13
DD_0_0_l_0_0 = 4.70182e-13
Dr_0_0 = 7.57597e-13
Dr_0_0_l_0 = 8.19281e-13
Dr_0_0_l_0_0 = 8.80531e-13
Dr_0_0_l_0_0_0 = 8.93571e-13
Hl_0_0 = 9.72036e-07
Hl_0_0_l_0 = 9.9028e-07
Hl_0_0_l_0_0 = 9.70872e-07
Hr_0_0 = 9.99989e-05
I = 1
pi2_0_0_0_0 = 9.72188e-11
pi2_0_0_0_0_l_0 = 9.90645e-11
pi2_0_0_0_0_l_0_0 = 9.71086e-11
