DD_0_0 = -1.59313e-13
DD_0_0_l_0 = 4.64456e-13
DD_0_0_l_0_0 = 3.52871e-13
DD_0_0_l_0_0_0 = 4.59552e-13
DD_0_0_l_0_0_0_0 = 4.10709e-13
DD_0_0_l_0_0_0_0_0 = 4.47095e-13
DD_0_0_l_0_0_0_0_0_0 = 4.18751e-13
DD_0_0_l_0_0_0_0_0_0_0 = 4.32936e-13
DD_0_0_l_0_0_0_0_0_0_0_0 = 4.13842e-13
DD_0_0_l_0_0_0_0_0_0_0_0_0 = 4.18539e-13
DD_0_0_l_0_0_0_0_0_0_0_0_0_0 = 4.04455e-13
Dr_0_0 = -1.94955e-12
Dr_0_0_l_0 = -2.58261e-13
Dr_0_0_l_0_0 = -2.60753e-14
Dr_0_0_l_0_0_0 = 2.33577e-13
Dr_0_0_l_0_0_0_0 = 3.54473e-13
Dr_0_0_l_0_0_0_0_0 = 4.3326e-13
Dr_0_0_l_0_0_0_0_0_0 = 5.10166e-13
Dr_0_0_l_0_0_0_0_0_0_0 = 5.36001e-13
Dr_0_0_l_0_0_0_0_0_0_0_0 = 5.90047e-13
Dr_0_0_l_0_0_0_0_0_0_0_0_0 = 5.94978e-13
Dr_0_0_l_0_0_0_0_0_0_0_0_0_0 = 6.35316e-13
Dr_0_0_l_0_0_0_0_0_0_0_0_0_0_0 = 6.58543e-13
Hl_0_0 = 9.19176e-07
Hl_0_0_l_0 = 9.90808e-07
Hl_0_0_l_0_0 = 9.53242e-07
Hl_0_0_l_0_0_0 = 9.71401e-07
Hl_0_0_l_0_0_0_0 = 9.44976e-07
Hl_0_0_l_0_0_0_0_0 = 9.52747e-07
Hl_0_0_l_0_0_0_0_0_0 = 9.31283e-07
Hl_0_0_l_0_0_0_0_0_0_0 = 9.34802e-07
Hl_0_0_l_0_0_0_0_0_0_0_0 = 9.16224e-07
Hl_0_0_l_0_0_0_0_0_0_0_0_0 = 9.17526e-07
Hl_0_0_l_0_0_0_0_0_0_0_0_0_0 = 9.00883e-07
Hr_0_0 = 9.99992e-05
I = 1
pi2_0_0_0_0 = 9.26316e-11
pi2_0_0_0_0_l_0 = 9.9543e-11
pi2_0_0_0_0_l_0_0 = 9.56368e-11
pi2_0_0_0_0_l_0_0_0 = 9.74141e-11
pi2_0_0_0_0_l_0_0_0_0 = 9.47016e-11
pi2_0_0_0_0_l_0_0_0_0_0 = 9.54678e-11
pi2_0_0_0_0_l_0_0_0_0_0_0 = 9.3279e-11
pi2_0_0_0_0_l_0_0_0_0_0_0_0 = 9.36284e-11
pi2_0_0_0_0_l_0_0_0_0_0_0_0_0 = 9.17413e-11
pi2_0_0_0_0_l_0_0_0_0_0_0_0_0_0 = 9.18722e-11
pi2_0_0_0_0_l_0_0_0_0_0_0_0_0_0_0 = 9.01871e-11
