DD_0_0 = 8.79414e-13
DD_0_0_l_0 = 5.2032e-13
DD_0_0_l_0_0 = 5.62026e-13
DD_0_0_l_0_0_0 = 4.9051e-13
DD_0_0_l_0_0_0_0 = 5.00386e-13
DD_0_0_l_0_0_0_0_0 = 4.68115e-13
Dr_0_0 = 2.8358e-12
Dr_0_0_l_0 = 1.6709e-12
Dr_0_0_l_0_0 = 1.60562e-12
Dr_0_0_l_0_0_0 = 1.36742e-12
Dr_0_0_l_0_0_0_0 = 1.33657e-12
Dr_0_0_l_0_0_0_0_0 = 1.22724e-12
Dr_0_0_l_0_0_0_0_0_0 = 1.14638e-12
Hl_0_0 = 1.05903e-06
Hl_0_0_l_0 = 9.89409e-07
Hl_0_0_l_0_0 = 9.99887e-07
Hl_0_0_l_0_0_0 = 9.70002e-07
Hl_0_0_l_0_0_0_0 = 9.73003e-07
Hl_0_0_l_0_0_0_0_0 = 9.51345e-07
Hr_0_0 = 9.99987e-05
I = 1
pi2_0_0_0_0 = 1.05197e-10
pi2_0_0_0_0_l_0 = 9.86619e-11
pi2_0_0_0_0_l_0_0 = 9.97153e-11
pi2_0_0_0_0_l_0_0_0 = 9.68373e-11
pi2_0_0_0_0_l_0_0_0_0 = 9.71288e-11
pi2_0_0_0_0_l_0_0_0_0_0 = 9.50161e-11
