DD_0_0 = 4.94182e-09
DD_0_0_l_0 = 5.70575e-10
DD_0_0_l_0_0 = 8.45206e-10
DD_0_0_l_0_0_0 = 2.3078e-10
DD_0_0_l_0_0_0_0 = 3.25179e-10
DD_0_0_l_0_0_0_0_0 = 1.22763e-10
DD_0_0_l_0_0_0_0_0_0 = 1.66672e-10
DD_0_0_l_0_0_0_0_0_0_0 = 7.54922e-11
DD_0_0_l_0_0_0_0_0_0_0_0 = 9.95661e-11
DD_0_0_l_0_0_0_0_0_0_0_0_0 = 5.08227e-11
DD_0_0_l_0_0_0_0_0_0_0_0_0_0 = 6.54803e-11
DD_0_0_l_0_0_0_0_0_0_0_0_0_0_0 = 3.64075e-11
DD_0_0_l_0_0_0_0_0_0_0_0_0_0_0_0 = 4.60082e-11
DD_0_0_l_0_0_0_0_0_0_0_0_0_0_0_0_0 = 2.729e-11
DD_0_0_l_0_0_0_0_0_0_0_0_0_0_0_0_0_0 = 3.39273e-11
DD_0_0_l_0_0_0_0_0_0_0_0_0_0_0_0_0_0_0 = 2.11749e-11
DD_0_0_l_0_0_0_0_0_0_0_0_0_0_0_0_0_0_0_0 = 2.5958e-11
DD_0_0_l_0_0_0_0_0_0_0_0_0_0_0_0_0_0_0_0_0 = 1.68827e-11
DD_0_0_l_0_0_0_0_0_0_0_0_0_0_0_0_0_0_0_0_0_0 = 2.04457e-11
DD_0_0_l_0_0_0_0_0_0_0_0_0_0_0_0_0_0_0_0_0_0_0 = 1.37598e-11
DD_0_0_l_0_0_0_0_0_0_0_0_0_0_0_0_0_0_0_0_0_0_0_0 = 1.64862e-11
Dr_0_0 = 1.73306e-16
Dr_0_0_l_0 = 3.87593e-09
Dr_0_0_l_0_0 = 5.63531e-10
Dr_0_0_l_0_0_0 = 1.7992e-09
Dr_0_0_l_0_0_0_0 = 4.13664e-10
Dr_0_0_l_0_0_0_0_0 = 1.06041e-09
Dr_0_0_l_0_0_0_0_0_0 = 3.04029e-10
Dr_0_0_l_0_0_0_0_0_0_0 = 7.06967e-10
Dr_0_0_l_0_0_0_0_0_0_0_0 = 2.32029e-10
Dr_0_0_l_0_0_0_0_0_0_0_0_0 = 5.08497e-10
Dr_0_0_l_0_0_0_0_0_0_0_0_0_0 = 1.83175e-10
Dr_0_0_l_0_0_0_0_0_0_0_0_0_0_0 = 3.85125e-10
Dr_0_0_l_0_0_0_0_0_0_0_0_0_0_0_0 = 1.48626e-10
Dr_0_0_l_0_0_0_0_0_0_0_0_0_0_0_0_0 = 3.02821e-10
Dr_0_0_l_0_0_0_0_0_0_0_0_0_0_0_0_0_0 = 1.23286e-10
Dr_0_0_l_0_0_0_0_0_0_0_0_0_0_0_0_0_0_0 = 2.44981e-10
Dr_0_0_l_0_0_0_0_0_0_0_0_0_0_0_0_0_0_0_0 = 1.04123e-10
Dr_0_0_l_0_0_0_0_0_0_0_0_0_0_0_0_0_0_0_0_0 = 2.02672e-10
Dr_0_0_l_0_0_0_0_0_0_0_0_0_0_0_0_0_0_0_0_0_0 = 8.92579e-11
Dr_0_0_l_0_0_0_0_0_0_0_0_0_0_0_0_0_0_0_0_0_0_0 = 1.70725e-10
Dr_0_0_l_0_0_0_0_0_0_0_0_0_0_0_0_0_0_0_0_0_0_0_0 = 7.74765e-11
Dr_0_0_l_0_0_0_0_0_0_0_0_0_0_0_0_0_0_0_0_0_0_0_0_0 = 1.45971e-10
Hl_0_0 = 9.9999e-05
Hl_0_0_l_0 = 3.33323e-05
Hl_0_0_l_0_0 = 3.33323e-05
Hl_0_0_l_0_0_0 = 1.9999e-05
Hl_0_0_l_0_0_0_0 = 1.9999e-05
Hl_0_0_l_0_0_0_0_0 = 1.42847e-05
Hl_0_0_l_0_0_0_0_0_0 = 1.42847e-05
Hl_0_0_l_0_0_0_0_0_0_0 = 1.11101e-05
Hl_0_0_l_0_0_0_0_0_0_0_0 = 1.11101e-05
Hl_0_0_l_0_0_0_0_0_0_0_0_0 = 9.08991e-06
Hl_0_0_l_0_0_0_0_0_0_0_0_0_0 = 9.08991e-06
Hl_0_0_l_0_0_0_0_0_0_0_0_0_0_0 = 7.69131e-06
Hl_0_0_l_0_0_0_0_0_0_0_0_0_0_0_0 = 7.69131e-06
Hl_0_0_l_0_0_0_0_0_0_0_0_0_0_0_0_0 = 6.66567e-06
Hl_0_0_l_0_0_0_0_0_0_0_0_0_0_0_0_0_0 = 6.66567e-06
Hl_0_0_l_0_0_0_0_0_0_0_0_0_0_0_0_0_0_0 = 5.88135e-06
Hl_0_0_l_0_0_0_0_0_0_0_0_0_0_0_0_0_0_0_0 = 5.88135e-06
Hl_0_0_l_0_0_0_0_0_0_0_0_0_0_0_0_0_0_0_0_0 = 5.26216e-06
Hl_0_0_l_0_0_0_0_0_0_0_0_0_0_0_0_0_0_0_0_0_0 = 5.26216e-06
Hl_0_0_l_0_0_0_0_0_0_0_0_0_0_0_0_0_0_0_0_0_0_0 = 4.7609e-06
Hl_0_0_l_0_0_0_0_0_0_0_0_0_0_0_0_0_0_0_0_0_0_0_0 = 4.7609e-06
Hr_0_0 = 9.9999e-05
I = 1
pi2_0_0_0_0 = 1.19377e-08
pi2_0_0_0_0_l_0 = 3.54447e-09
pi2_0_0_0_0_l_0_0 = 3.57036e-09
pi2_0_0_0_0_l_0_0_0 = 2.07465e-09
pi2_0_0_0_0_l_0_0_0_0 = 2.06273e-09
pi2_0_0_0_0_l_0_0_0_0_0 = 1.4638e-09
pi2_0_0_0_0_l_0_0_0_0_0_0 = 1.44877e-09
pi2_0_0_0_0_l_0_0_0_0_0_0_0 = 1.13051e-09
pi2_0_0_0_0_l_0_0_0_0_0_0_0_0 = 1.11716e-09
pi2_0_0_0_0_l_0_0_0_0_0_0_0_0_0 = 9.20867e-10
pi2_0_0_0_0_l_0_0_0_0_0_0_0_0_0_0 = 9.09656e-10
pi2_0_0_0_0_l_0_0_0_0_0_0_0_0_0_0_0 = 7.76871e-10
pi2_0_0_0_0_l_0_0_0_0_0_0_0_0_0_0_0_0 = 7.67529e-10
pi2_0_0_0_0_l_0_0_0_0_0_0_0_0_0_0_0_0_0 = 6.71869e-10
pi2_0_0_0_0_l_0_0_0_0_0_0_0_0_0_0_0_0_0_0 = 6.64038e-10
pi2_0_0_0_0_l_0_0_0_0_0_0_0_0_0_0_0_0_0_0_0 = 5.91908e-10
pi2_0_0_0_0_l_0_0_0_0_0_0_0_0_0_0_0_0_0_0_0_0 = 5.85281e-10
pi2_0_0_0_0_l_0_0_0_0_0_0_0_0_0_0_0_0_0_0_0_0_0 = 5.28981e-10
pi2_0_0_0_0_l_0_0_0_0_0_0_0_0_0_0_0_0_0_0_0_0_0_0 = 5.23316e-10
pi2_0_0_0_0_l_0_0_0_0_0_0_0_0_0_0_0_0_0_0_0_0_0_0_0 = 4.78167e-10
pi2_0_0_0_0_l_0_0_0_0_0_0_0_0_0_0_0_0_0_0_0_0_0_0_0_0 = 4.73277e-10
