DD_0_0 = 4.94182e-09
DD_0_0_l_0 = 5.70576e-10
DD_0_0_l_0_0 = 8.45206e-10
DD_0_0_l_0_0_0 = 2.30778e-10
DD_0_0_l_0_0_0_0 = 3.25179e-10
DD_0_0_l_0_0_0_0_0 = 1.22763e-10
Dr_0_0 = -1.08224e-16
Dr_0_0_l_0 = 3.87593e-09
Dr_0_0_l_0_0 = 5.63531e-10
Dr_0_0_l_0_0_0 = 1.7992e-09
Dr_0_0_l_0_0_0_0 = 4.13663e-10
Dr_0_0_l_0_0_0_0_0 = 1.06041e-09
Dr_0_0_l_0_0_0_0_0_0 = 3.04028e-10
Hl_0_0 = 9.9999e-05
Hl_0_0_l_0 = 3.33323e-05
Hl_0_0_l_0_0 = 3.33323e-05
Hl_0_0_l_0_0_0 = 1.9999e-05
Hl_0_0_l_0_0_0_0 = 1.9999e-05
Hl_0_0_l_0_0_0_0_0 = 1.42847e-05
Hr_0_0 = 9.9999e-05
I = 1
pi2_0_0_0_0 = 1.19377e-08
pi2_0_0_0_0_l_0 = 3.54447e-09
pi2_0_0_0_0_l_0_0 = 3.57036e-09
pi2_0_0_0_0_l_0_0_0 = 2.07465e-09
pi2_0_0_0_0_l_0_0_0_0 = 2.06273e-09
pi2_0_0_0_0_l_0_0_0_0_0 = 1.4638e-09
