D^2   = 4.940656177291972e-07
Dz    = 3.8748225486942505e-07
pi(A) = 0.0020000000000000018
pi(B) = 0.002000000000000014
pi2   = 1.193741127434696e-06
