DD_0_0 = -1.36529e-13
DD_0_0_l_0 = 4.65523e-13
DD_0_0_l_0_0 = 3.5415e-13
DD_0_0_l_0_0_0 = 4.57876e-13
DD_0_0_l_0_0_0_0 = 4.09038e-13
DD_0_0_l_0_0_0_0_0 = 4.4458e-13
DD_0_0_l_0_0_0_0_0_0 = 4.16205e-13
DD_0_0_l_0_0_0_0_0_0_0 = 4.30106e-13
DD_0_0_l_0_0_0_0_0_0_0_0 = 4.10985e-13
DD_0_0_l_0_0_0_0_0_0_0_0_0 = 4.15605e-13
DD_0_0_l_0_0_0_0_0_0_0_0_0_0 = 4.01506e-13
Dr_0_0 = -1.83989e-12
Dr_0_0_l_0 = -1.99488e-13
Dr_0_0_l_0_0 = 1.17063e-14
Dr_0_0_l_0_0_0 = 2.63254e-13
Dr_0_0_l_0_0_0_0 = 3.74203e-13
Dr_0_0_l_0_0_0_0_0 = 4.50352e-13
Dr_0_0_l_0_0_0_0_0_0 = 5.21292e-13
Dr_0_0_l_0_0_0_0_0_0_0 = 5.46129e-13
Dr_0_0_l_0_0_0_0_0_0_0_0 = 5.96136e-13
Dr_0_0_l_0_0_0_0_0_0_0_0_0 = 6.00735e-13
Dr_0_0_l_0_0_0_0_0_0_0_0_0_0 = 6.38128e-13
Dr_0_0_l_0_0_0_0_0_0_0_0_0_0_0 = 6.59293e-13
Hl_0_0 = 9.19174e-07
Hl_0_0_l_0 = 9.90808e-07
Hl_0_0_l_0_0 = 9.53241e-07
Hl_0_0_l_0_0_0 = 9.71401e-07
Hl_0_0_l_0_0_0_0 = 9.44976e-07
Hl_0_0_l_0_0_0_0_0 = 9.52747e-07
Hl_0_0_l_0_0_0_0_0_0 = 9.31282e-07
Hl_0_0_l_0_0_0_0_0_0_0 = 9.34802e-07
Hl_0_0_l_0_0_0_0_0_0_0_0 = 9.16224e-07
Hl_0_0_l_0_0_0_0_0_0_0_0_0 = 9.17526e-07
Hl_0_0_l_0_0_0_0_0_0_0_0_0_0 = 9.00883e-07
Hr_0_0 = 9.99992e-05
I = 1
pi2_0_0_0_0 = 9.26119e-11
pi2_0_0_0_0_l_0 = 9.9526e-11
pi2_0_0_0_0_l_0_0 = 9.56259e-11
pi2_0_0_0_0_l_0_0_0 = 9.74036e-11
pi2_0_0_0_0_l_0_0_0_0 = 9.4694e-11
pi2_0_0_0_0_l_0_0_0_0_0 = 9.54603e-11
pi2_0_0_0_0_l_0_0_0_0_0_0 = 9.32733e-11
pi2_0_0_0_0_l_0_0_0_0_0_0_0 = 9.36225e-11
pi2_0_0_0_0_l_0_0_0_0_0_0_0_0 = 9.17367e-11
pi2_0_0_0_0_l_0_0_0_0_0_0_0_0_0 = 9.18674e-11
pi2_0_0_0_0_l_0_0_0_0_0_0_0_0_0_0 = 9.01832e-11
