DD_0_0 = 4.18575e-13
DD_0_0_l_0 = 4.79709e-13
DD_0_0_l_0_0 = 4.66226e-13
Dr_0_0 = 7.46303e-13
Dr_0_0_l_0 = 8.07304e-13
Dr_0_0_l_0_0 = 8.67201e-13
Dr_0_0_l_0_0_0 = 8.7957e-13
Hl_0_0 = 9.72036e-07
Hl_0_0_l_0 = 9.9028e-07
Hl_0_0_l_0_0 = 9.70872e-07
Hr_0_0 = 9.99989e-05
I = 1
pi2_0_0_0_0 = 9.72188e-11
pi2_0_0_0_0_l_0 = 9.90638e-11
pi2_0_0_0_0_l_0_0 = 9.71082e-11
