DD_0_0 = -9.68854e-13
DD_0_0_l_0 = 4.69012e-13
DD_0_0_l_0_0 = 1.84883e-13
DD_0_0_l_0_0_0 = 4.58993e-13
DD_0_0_l_0_0_0_0 = 3.35365e-13
DD_0_0_l_0_0_0_0_0 = 4.45141e-13
DD_0_0_l_0_0_0_0_0_0 = 3.7462e-13
DD_0_0_l_0_0_0_0_0_0_0 = 4.30391e-13
DD_0_0_l_0_0_0_0_0_0_0_0 = 3.84224e-13
DD_0_0_l_0_0_0_0_0_0_0_0_0 = 4.15839e-13
DD_0_0_l_0_0_0_0_0_0_0_0_0_0 = 3.82605e-13
DD_0_0_l_0_0_0_0_0_0_0_0_0_0_0 = 4.01489e-13
DD_0_0_l_0_0_0_0_0_0_0_0_0_0_0_0 = 3.76478e-13
DD_0_0_l_0_0_0_0_0_0_0_0_0_0_0_0_0 = 3.87917e-13
DD_0_0_l_0_0_0_0_0_0_0_0_0_0_0_0_0_0 = 3.68136e-13
DD_0_0_l_0_0_0_0_0_0_0_0_0_0_0_0_0_0_0 = 3.74944e-13
DD_0_0_l_0_0_0_0_0_0_0_0_0_0_0_0_0_0_0_0 = 3.58761e-13
DD_0_0_l_0_0_0_0_0_0_0_0_0_0_0_0_0_0_0_0_0 = 3.62491e-13
DD_0_0_l_0_0_0_0_0_0_0_0_0_0_0_0_0_0_0_0_0_0 = 3.48934e-13
DD_0_0_l_0_0_0_0_0_0_0_0_0_0_0_0_0_0_0_0_0_0_0 = 3.50522e-13
DD_0_0_l_0_0_0_0_0_0_0_0_0_0_0_0_0_0_0_0_0_0_0_0 = 3.39105e-13
Dr_0_0 = -6.24339e-12
Dr_0_0_l_0 = -1.68797e-12
Dr_0_0_l_0_0 = -1.41457e-12
Dr_0_0_l_0_0_0 = -6.08039e-13
Dr_0_0_l_0_0_0_0 = -4.61344e-13
Dr_0_0_l_0_0_0_0_0 = -1.58029e-13
Dr_0_0_l_0_0_0_0_0_0 = -6.24905e-14
Dr_0_0_l_0_0_0_0_0_0_0 = 8.2996e-14
Dr_0_0_l_0_0_0_0_0_0_0_0 = 1.51419e-13
Dr_0_0_l_0_0_0_0_0_0_0_0_0 = 2.29582e-13
Dr_0_0_l_0_0_0_0_0_0_0_0_0_0 = 2.81498e-13
Dr_0_0_l_0_0_0_0_0_0_0_0_0_0_0 = 3.25498e-13
Dr_0_0_l_0_0_0_0_0_0_0_0_0_0_0_0 = 3.66436e-13
Dr_0_0_l_0_0_0_0_0_0_0_0_0_0_0_0_0 = 3.91388e-13
Dr_0_0_l_0_0_0_0_0_0_0_0_0_0_0_0_0_0 = 4.24591e-13
Dr_0_0_l_0_0_0_0_0_0_0_0_0_0_0_0_0_0_0 = 4.38015e-13
Dr_0_0_l_0_0_0_0_0_0_0_0_0_0_0_0_0_0_0_0 = 4.65528e-13
Dr_0_0_l_0_0_0_0_0_0_0_0_0_0_0_0_0_0_0_0_0 = 4.71617e-13
Dr_0_0_l_0_0_0_0_0_0_0_0_0_0_0_0_0_0_0_0_0_0 = 4.94806e-13
Dr_0_0_l_0_0_0_0_0_0_0_0_0_0_0_0_0_0_0_0_0_0_0 = 4.95997e-13
Dr_0_0_l_0_0_0_0_0_0_0_0_0_0_0_0_0_0_0_0_0_0_0_0 = 5.15877e-13
Dr_0_0_l_0_0_0_0_0_0_0_0_0_0_0_0_0_0_0_0_0_0_0_0_0 = 5.27745e-13
Hl_0_0 = 8.84925e-07
Hl_0_0_l_0 = 9.91151e-07
Hl_0_0_l_0_0 = 9.41818e-07
Hl_0_0_l_0_0_0 = 9.71744e-07
Hl_0_0_l_0_0_0_0 = 9.38113e-07
Hl_0_0_l_0_0_0_0_0 = 9.5309e-07
Hl_0_0_l_0_0_0_0_0_0 = 9.26369e-07
Hl_0_0_l_0_0_0_0_0_0_0 = 9.35146e-07
Hl_0_0_l_0_0_0_0_0_0_0_0 = 9.12391e-07
Hl_0_0_l_0_0_0_0_0_0_0_0_0 = 9.17871e-07
Hl_0_0_l_0_0_0_0_0_0_0_0_0_0 = 8.97735e-07
Hl_0_0_l_0_0_0_0_0_0_0_0_0_0_0 = 9.01229e-07
Hl_0_0_l_0_0_0_0_0_0_0_0_0_0_0_0 = 8.82977e-07
Hl_0_0_l_0_0_0_0_0_0_0_0_0_0_0_0_0 = 8.85186e-07
Hl_0_0_l_0_0_0_0_0_0_0_0_0_0_0_0_0_0 = 8.68371e-07
Hl_0_0_l_0_0_0_0_0_0_0_0_0_0_0_0_0_0_0 = 8.69709e-07
Hl_0_0_l_0_0_0_0_0_0_0_0_0_0_0_0_0_0_0_0 = 8.54037e-07
Hl_0_0_l_0_0_0_0_0_0_0_0_0_0_0_0_0_0_0_0_0 = 8.54769e-07
Hl_0_0_l_0_0_0_0_0_0_0_0_0_0_0_0_0_0_0_0_0_0 = 8.40035e-07
Hl_0_0_l_0_0_0_0_0_0_0_0_0_0_0_0_0_0_0_0_0_0_0 = 8.40338e-07
Hl_0_0_l_0_0_0_0_0_0_0_0_0_0_0_0_0_0_0_0_0_0_0_0 = 8.26392e-07
Hr_0_0 = 9.99996e-05
I = 1
pi2_0_0_0_0 = 9.05603e-11
pi2_0_0_0_0_l_0 = 1.00262e-10
pi2_0_0_0_0_l_0_0 = 9.50262e-11
pi2_0_0_0_0_l_0_0_0 = 9.78496e-11
pi2_0_0_0_0_l_0_0_0_0 = 9.43501e-11
pi2_0_0_0_0_l_0_0_0_0_0 = 9.57826e-11
pi2_0_0_0_0_l_0_0_0_0_0_0 = 9.30309e-11
pi2_0_0_0_0_l_0_0_0_0_0_0_0 = 9.38765e-11
pi2_0_0_0_0_l_0_0_0_0_0_0_0_0 = 9.15477e-11
pi2_0_0_0_0_l_0_0_0_0_0_0_0_0_0 = 9.20781e-11
pi2_0_0_0_0_l_0_0_0_0_0_0_0_0_0_0 = 9.00256e-11
pi2_0_0_0_0_l_0_0_0_0_0_0_0_0_0_0_0 = 9.0365e-11
pi2_0_0_0_0_l_0_0_0_0_0_0_0_0_0_0_0_0 = 8.85098e-11
pi2_0_0_0_0_l_0_0_0_0_0_0_0_0_0_0_0_0_0 = 8.87249e-11
pi2_0_0_0_0_l_0_0_0_0_0_0_0_0_0_0_0_0_0_0 = 8.70193e-11
pi2_0_0_0_0_l_0_0_0_0_0_0_0_0_0_0_0_0_0_0_0 = 8.715e-11
pi2_0_0_0_0_l_0_0_0_0_0_0_0_0_0_0_0_0_0_0_0_0 = 8.55629e-11
pi2_0_0_0_0_l_0_0_0_0_0_0_0_0_0_0_0_0_0_0_0_0_0 = 8.56347e-11
pi2_0_0_0_0_l_0_0_0_0_0_0_0_0_0_0_0_0_0_0_0_0_0_0 = 8.41443e-11
pi2_0_0_0_0_l_0_0_0_0_0_0_0_0_0_0_0_0_0_0_0_0_0_0_0 = 8.41743e-11
pi2_0_0_0_0_l_0_0_0_0_0_0_0_0_0_0_0_0_0_0_0_0_0_0_0_0 = 8.27654e-11
