DD_0_0 = 6.95639e-13
DD_0_0_l_0 = 4.53326e-13
DD_0_0_l_0_0 = 4.89882e-13
DD_0_0_l_0_0_0 = 4.37362e-13
DD_0_0_l_0_0_0_0 = 4.4611e-13
DD_0_0_l_0_0_0_0_0 = 4.21246e-13
Dr_0_0 = 1.84104e-12
Dr_0_0_l_0 = 1.15197e-12
Dr_0_0_l_0_0 = 1.12143e-12
Dr_0_0_l_0_0_0 = 9.92219e-13
Dr_0_0_l_0_0_0_0 = 9.72722e-13
Dr_0_0_l_0_0_0_0_0 = 9.1704e-13
Dr_0_0_l_0_0_0_0_0_0 = 8.72819e-13
Hl_0_0 = 1.05903e-06
Hl_0_0_l_0 = 9.8941e-07
Hl_0_0_l_0_0 = 9.99888e-07
Hl_0_0_l_0_0_0 = 9.70002e-07
Hl_0_0_l_0_0_0_0 = 9.73003e-07
Hl_0_0_l_0_0_0_0_0 = 9.51346e-07
Hr_0_0 = 9.99988e-05
I = 1
pi2_0_0_0_0 = 1.0549e-10
pi2_0_0_0_0_l_0 = 9.87786e-11
pi2_0_0_0_0_l_0_0 = 9.98324e-11
pi2_0_0_0_0_l_0_0_0 = 9.69069e-11
pi2_0_0_0_0_l_0_0_0_0 = 9.72032e-11
pi2_0_0_0_0_l_0_0_0_0_0 = 9.50679e-11
