DD_0_0 = 2.36063e-13
DD_0_0_l_0 = 2.4816e-13
DD_0_0_l_0_0 = 2.3925e-13
Dr_0_0 = 2.26705e-13
Dr_0_0_l_0 = 2.38429e-13
Dr_0_0_l_0_0 = 2.45623e-13
Dr_0_0_l_0_0_0 = 2.43776e-13
Hl_0_0 = 9.72036e-07
Hl_0_0_l_0 = 9.9028e-07
Hl_0_0_l_0_0 = 9.70872e-07
Hr_0_0 = 9.9999e-05
I = 1
pi2_0_0_0_0 = 9.72082e-11
pi2_0_0_0_0_l_0 = 9.90329e-11
pi2_0_0_0_0_l_0_0 = 9.70899e-11
