DD_0_0 = 2.5e-09
DD_0_0_l_0 = 4.28571e-10
DD_0_0_l_0_0 = 4.84563e-10
DD_0_0_l_0_0_0 = 1.81319e-10
DD_0_0_l_0_0_0_0 = 2.02207e-10
DD_0_0_l_0_0_0_0_0 = 9.95375e-11
DD_0_0_l_0_0_0_0_0_0 = 1.0984e-10
DD_0_0_l_0_0_0_0_0_0_0 = 6.26654e-11
DD_0_0_l_0_0_0_0_0_0_0_0 = 6.85713e-11
DD_0_0_l_0_0_0_0_0_0_0_0_0 = 4.29685e-11
DD_0_0_l_0_0_0_0_0_0_0_0_0_0 = 4.66936e-11
Dr_0_0 = 3.52166e-16
Dr_0_0_l_0 = 1.66665e-09
Dr_0_0_l_0_0 = 3.80948e-10
Dr_0_0_l_0_0_0 = 8.31894e-10
Dr_0_0_l_0_0_0_0 = 2.88153e-10
Dr_0_0_l_0_0_0_0_0 = 5.15127e-10
Dr_0_0_l_0_0_0_0_0_0 = 2.16489e-10
Dr_0_0_l_0_0_0_0_0_0_0 = 3.56235e-10
Dr_0_0_l_0_0_0_0_0_0_0_0 = 1.68062e-10
Dr_0_0_l_0_0_0_0_0_0_0_0_0 = 2.63672e-10
Dr_0_0_l_0_0_0_0_0_0_0_0_0_0 = 1.34515e-10
Dr_0_0_l_0_0_0_0_0_0_0_0_0_0_0 = 2.04401e-10
Hl_0_0 = 9.9999e-05
Hl_0_0_l_0 = 3.33323e-05
Hl_0_0_l_0_0 = 3.33323e-05
Hl_0_0_l_0_0_0 = 1.9999e-05
Hl_0_0_l_0_0_0_0 = 1.9999e-05
Hl_0_0_l_0_0_0_0_0 = 1.42847e-05
Hl_0_0_l_0_0_0_0_0_0 = 1.42847e-05
Hl_0_0_l_0_0_0_0_0_0_0 = 1.11101e-05
Hl_0_0_l_0_0_0_0_0_0_0_0 = 1.11101e-05
Hl_0_0_l_0_0_0_0_0_0_0_0_0 = 9.08991e-06
Hl_0_0_l_0_0_0_0_0_0_0_0_0_0 = 9.08991e-06
Hr_0_0 = 9.9999e-05
I = 1
pi2_0_0_0_0 = 1.0833e-08
pi2_0_0_0_0_l_0 = 3.476e-09
pi2_0_0_0_0_l_0_0 = 3.45179e-09
pi2_0_0_0_0_l_0_0_0 = 2.05235e-09
pi2_0_0_0_0_l_0_0_0_0 = 2.03694e-09
pi2_0_0_0_0_l_0_0_0_0_0 = 1.45399e-09
pi2_0_0_0_0_l_0_0_0_0_0_0 = 1.44347e-09
pi2_0_0_0_0_l_0_0_0_0_0_0_0 = 1.12545e-09
pi2_0_0_0_0_l_0_0_0_0_0_0_0_0 = 1.11781e-09
pi2_0_0_0_0_l_0_0_0_0_0_0_0_0_0 = 9.17974e-10
pi2_0_0_0_0_l_0_0_0_0_0_0_0_0_0_0 = 9.12183e-10
