DD_0_0 = 2.5e-09
DD_0_0_l_0 = 4.28571e-10
DD_0_0_l_0_0 = 4.84563e-10
DD_0_0_l_0_0_0 = 1.81321e-10
DD_0_0_l_0_0_0_0 = 2.02207e-10
DD_0_0_l_0_0_0_0_0 = 9.95361e-11
DD_0_0_l_0_0_0_0_0_0 = 1.0984e-10
DD_0_0_l_0_0_0_0_0_0_0 = 6.26648e-11
DD_0_0_l_0_0_0_0_0_0_0_0 = 6.85713e-11
DD_0_0_l_0_0_0_0_0_0_0_0_0 = 4.29681e-11
DD_0_0_l_0_0_0_0_0_0_0_0_0_0 = 4.66936e-11
DD_0_0_l_0_0_0_0_0_0_0_0_0_0_0 = 3.12391e-11
DD_0_0_l_0_0_0_0_0_0_0_0_0_0_0_0 = 3.37506e-11
DD_0_0_l_0_0_0_0_0_0_0_0_0_0_0_0_0 = 2.37036e-11
DD_0_0_l_0_0_0_0_0_0_0_0_0_0_0_0_0_0 = 2.54821e-11
DD_0_0_l_0_0_0_0_0_0_0_0_0_0_0_0_0_0_0 = 1.85817e-11
DD_0_0_l_0_0_0_0_0_0_0_0_0_0_0_0_0_0_0_0 = 1.98901e-11
DD_0_0_l_0_0_0_0_0_0_0_0_0_0_0_0_0_0_0_0_0 = 1.49457e-11
DD_0_0_l_0_0_0_0_0_0_0_0_0_0_0_0_0_0_0_0_0_0 = 1.5938e-11
DD_0_0_l_0_0_0_0_0_0_0_0_0_0_0_0_0_0_0_0_0_0_0 = 1.22741e-11
DD_0_0_l_0_0_0_0_0_0_0_0_0_0_0_0_0_0_0_0_0_0_0_0 = 1.30452e-11
Dr_0_0 = -1.58322e-16
Dr_0_0_l_0 = 1.66665e-09
Dr_0_0_l_0_0 = 3.80947e-10
Dr_0_0_l_0_0_0 = 8.31894e-10
Dr_0_0_l_0_0_0_0 = 2.88155e-10
Dr_0_0_l_0_0_0_0_0 = 5.15127e-10
Dr_0_0_l_0_0_0_0_0_0 = 2.16489e-10
Dr_0_0_l_0_0_0_0_0_0_0 = 3.56234e-10
Dr_0_0_l_0_0_0_0_0_0_0_0 = 1.68062e-10
Dr_0_0_l_0_0_0_0_0_0_0_0_0 = 2.63672e-10
Dr_0_0_l_0_0_0_0_0_0_0_0_0_0 = 1.34514e-10
Dr_0_0_l_0_0_0_0_0_0_0_0_0_0_0 = 2.04401e-10
Dr_0_0_l_0_0_0_0_0_0_0_0_0_0_0_0 = 1.10398e-10
Dr_0_0_l_0_0_0_0_0_0_0_0_0_0_0_0_0 = 1.63873e-10
Dr_0_0_l_0_0_0_0_0_0_0_0_0_0_0_0_0_0 = 9.24682e-11
Dr_0_0_l_0_0_0_0_0_0_0_0_0_0_0_0_0_0_0 = 1.34788e-10
Dr_0_0_l_0_0_0_0_0_0_0_0_0_0_0_0_0_0_0_0 = 7.87525e-11
Dr_0_0_l_0_0_0_0_0_0_0_0_0_0_0_0_0_0_0_0_0 = 1.13125e-10
Dr_0_0_l_0_0_0_0_0_0_0_0_0_0_0_0_0_0_0_0_0_0 = 6.80063e-11
Dr_0_0_l_0_0_0_0_0_0_0_0_0_0_0_0_0_0_0_0_0_0_0 = 9.65052e-11
Dr_0_0_l_0_0_0_0_0_0_0_0_0_0_0_0_0_0_0_0_0_0_0_0 = 5.9415e-11
Dr_0_0_l_0_0_0_0_0_0_0_0_0_0_0_0_0_0_0_0_0_0_0_0_0 = 8.34449e-11
Hl_0_0 = 9.9999e-05
Hl_0_0_l_0 = 3.33323e-05
Hl_0_0_l_0_0 = 3.33323e-05
Hl_0_0_l_0_0_0 = 1.9999e-05
Hl_0_0_l_0_0_0_0 = 1.9999e-05
Hl_0_0_l_0_0_0_0_0 = 1.42847e-05
Hl_0_0_l_0_0_0_0_0_0 = 1.42847e-05
Hl_0_0_l_0_0_0_0_0_0_0 = 1.11101e-05
Hl_0_0_l_0_0_0_0_0_0_0_0 = 1.11101e-05
Hl_0_0_l_0_0_0_0_0_0_0_0_0 = 9.08991e-06
Hl_0_0_l_0_0_0_0_0_0_0_0_0_0 = 9.08991e-06
Hl_0_0_l_0_0_0_0_0_0_0_0_0_0_0 = 7.69131e-06
Hl_0_0_l_0_0_0_0_0_0_0_0_0_0_0_0 = 7.69131e-06
Hl_0_0_l_0_0_0_0_0_0_0_0_0_0_0_0_0 = 6.66567e-06
Hl_0_0_l_0_0_0_0_0_0_0_0_0_0_0_0_0_0 = 6.66567e-06
Hl_0_0_l_0_0_0_0_0_0_0_0_0_0_0_0_0_0_0 = 5.88135e-06
Hl_0_0_l_0_0_0_0_0_0_0_0_0_0_0_0_0_0_0_0 = 5.88135e-06
Hl_0_0_l_0_0_0_0_0_0_0_0_0_0_0_0_0_0_0_0_0 = 5.26216e-06
Hl_0_0_l_0_0_0_0_0_0_0_0_0_0_0_0_0_0_0_0_0_0 = 5.26216e-06
Hl_0_0_l_0_0_0_0_0_0_0_0_0_0_0_0_0_0_0_0_0_0_0 = 4.7609e-06
Hl_0_0_l_0_0_0_0_0_0_0_0_0_0_0_0_0_0_0_0_0_0_0_0 = 4.7609e-06
Hr_0_0 = 9.9999e-05
I = 1
pi2_0_0_0_0 = 1.0833e-08
pi2_0_0_0_0_l_0 = 3.476e-09
pi2_0_0_0_0_l_0_0 = 3.45179e-09
pi2_0_0_0_0_l_0_0_0 = 2.05235e-09
pi2_0_0_0_0_l_0_0_0_0 = 2.03694e-09
pi2_0_0_0_0_l_0_0_0_0_0 = 1.45399e-09
pi2_0_0_0_0_l_0_0_0_0_0_0 = 1.44347e-09
pi2_0_0_0_0_l_0_0_0_0_0_0_0 = 1.12545e-09
pi2_0_0_0_0_l_0_0_0_0_0_0_0_0 = 1.11781e-09
pi2_0_0_0_0_l_0_0_0_0_0_0_0_0_0 = 9.17974e-10
pi2_0_0_0_0_l_0_0_0_0_0_0_0_0_0_0 = 9.12183e-10
pi2_0_0_0_0_l_0_0_0_0_0_0_0_0_0_0_0 = 7.75099e-10
pi2_0_0_0_0_l_0_0_0_0_0_0_0_0_0_0_0_0 = 7.70556e-10
pi2_0_0_0_0_l_0_0_0_0_0_0_0_0_0_0_0_0_0 = 6.70728e-10
pi2_0_0_0_0_l_0_0_0_0_0_0_0_0_0_0_0_0_0_0 = 6.67067e-10
pi2_0_0_0_0_l_0_0_0_0_0_0_0_0_0_0_0_0_0_0_0 = 5.91147e-10
pi2_0_0_0_0_l_0_0_0_0_0_0_0_0_0_0_0_0_0_0_0_0 = 5.88132e-10
pi2_0_0_0_0_l_0_0_0_0_0_0_0_0_0_0_0_0_0_0_0_0_0 = 5.28459e-10
pi2_0_0_0_0_l_0_0_0_0_0_0_0_0_0_0_0_0_0_0_0_0_0_0 = 5.25934e-10
pi2_0_0_0_0_l_0_0_0_0_0_0_0_0_0_0_0_0_0_0_0_0_0_0_0 = 4.77802e-10
pi2_0_0_0_0_l_0_0_0_0_0_0_0_0_0_0_0_0_0_0_0_0_0_0_0_0 = 4.75655e-10
