DD_0_0 = 2.5e-09
DD_0_0_l_0 = 4.28571e-10
DD_0_0_l_0_0 = 4.84563e-10
Dr_0_0 = 6.61691e-17
Dr_0_0_l_0 = 1.66665e-09
Dr_0_0_l_0_0 = 3.80948e-10
Dr_0_0_l_0_0_0 = 8.31894e-10
Hl_0_0 = 9.9999e-05
Hl_0_0_l_0 = 3.33323e-05
Hl_0_0_l_0_0 = 3.33323e-05
Hr_0_0 = 9.9999e-05
I = 1
pi2_0_0_0_0 = 1.0833e-08
pi2_0_0_0_0_l_0 = 3.476e-09
pi2_0_0_0_0_l_0_0 = 3.45179e-09
