DD_0_0 = 4.42483e-10
DD_0_0_l_0 = 1.2632e-10
DD_0_0_l_0_0 = 1.21034e-10
DD_0_0_l_0_0_0 = 6.4188e-11
DD_0_0_l_0_0_0_0 = 6.21324e-11
DD_0_0_l_0_0_0_0_0 = 3.99795e-11
DD_0_0_l_0_0_0_0_0_0 = 3.89493e-11
DD_0_0_l_0_0_0_0_0_0_0 = 2.76509e-11
DD_0_0_l_0_0_0_0_0_0_0_0 = 2.70589e-11
DD_0_0_l_0_0_0_0_0_0_0_0_0 = 2.04059e-11
DD_0_0_l_0_0_0_0_0_0_0_0_0_0 = 2.0035e-11
DD_0_0_l_0_0_0_0_0_0_0_0_0_0_0 = 1.57456e-11
DD_0_0_l_0_0_0_0_0_0_0_0_0_0_0_0 = 1.54982e-11
DD_0_0_l_0_0_0_0_0_0_0_0_0_0_0_0_0 = 1.25523e-11
DD_0_0_l_0_0_0_0_0_0_0_0_0_0_0_0_0_0 = 1.238e-11
DD_0_0_l_0_0_0_0_0_0_0_0_0_0_0_0_0_0_0 = 1.02607e-11
DD_0_0_l_0_0_0_0_0_0_0_0_0_0_0_0_0_0_0_0 = 1.0136e-11
DD_0_0_l_0_0_0_0_0_0_0_0_0_0_0_0_0_0_0_0_0 = 8.55556e-12
DD_0_0_l_0_0_0_0_0_0_0_0_0_0_0_0_0_0_0_0_0_0 = 8.46279e-12
DD_0_0_l_0_0_0_0_0_0_0_0_0_0_0_0_0_0_0_0_0_0_0 = 7.25005e-12
DD_0_0_l_0_0_0_0_0_0_0_0_0_0_0_0_0_0_0_0_0_0_0_0 = 7.17942e-12
Dr_0_0 = -7.30994e-17
Dr_0_0_l_0 = 1.17976e-10
Dr_0_0_l_0_0 = 5.61336e-11
Dr_0_0_l_0_0_0 = 8.20959e-11
Dr_0_0_l_0_0_0_0 = 5.05061e-11
Dr_0_0_l_0_0_0_0_0 = 6.25279e-11
Dr_0_0_l_0_0_0_0_0_0 = 4.29238e-11
Dr_0_0_l_0_0_0_0_0_0_0 = 5.0073e-11
Dr_0_0_l_0_0_0_0_0_0_0_0 = 3.66069e-11
Dr_0_0_l_0_0_0_0_0_0_0_0_0 = 4.14419e-11
Dr_0_0_l_0_0_0_0_0_0_0_0_0_0 = 3.15823e-11
Dr_0_0_l_0_0_0_0_0_0_0_0_0_0_0 = 3.51192e-11
Dr_0_0_l_0_0_0_0_0_0_0_0_0_0_0_0 = 2.75741e-11
Dr_0_0_l_0_0_0_0_0_0_0_0_0_0_0_0_0 = 3.02999e-11
Dr_0_0_l_0_0_0_0_0_0_0_0_0_0_0_0_0_0 = 2.43339e-11
Dr_0_0_l_0_0_0_0_0_0_0_0_0_0_0_0_0_0_0 = 2.65148e-11
Dr_0_0_l_0_0_0_0_0_0_0_0_0_0_0_0_0_0_0_0 = 2.16768e-11
Dr_0_0_l_0_0_0_0_0_0_0_0_0_0_0_0_0_0_0_0_0 = 2.34708e-11
Dr_0_0_l_0_0_0_0_0_0_0_0_0_0_0_0_0_0_0_0_0_0 = 1.94677e-11
Dr_0_0_l_0_0_0_0_0_0_0_0_0_0_0_0_0_0_0_0_0_0_0 = 2.09757e-11
Dr_0_0_l_0_0_0_0_0_0_0_0_0_0_0_0_0_0_0_0_0_0_0_0 = 1.76082e-11
Dr_0_0_l_0_0_0_0_0_0_0_0_0_0_0_0_0_0_0_0_0_0_0_0_0 = 1.88977e-11
Hl_0_0 = 9.9999e-05
Hl_0_0_l_0 = 3.33323e-05
Hl_0_0_l_0_0 = 3.33323e-05
Hl_0_0_l_0_0_0 = 1.9999e-05
Hl_0_0_l_0_0_0_0 = 1.9999e-05
Hl_0_0_l_0_0_0_0_0 = 1.42847e-05
Hl_0_0_l_0_0_0_0_0_0 = 1.42847e-05
Hl_0_0_l_0_0_0_0_0_0_0 = 1.11101e-05
Hl_0_0_l_0_0_0_0_0_0_0_0 = 1.11101e-05
Hl_0_0_l_0_0_0_0_0_0_0_0_0 = 9.08991e-06
Hl_0_0_l_0_0_0_0_0_0_0_0_0_0 = 9.08991e-06
Hl_0_0_l_0_0_0_0_0_0_0_0_0_0_0 = 7.69131e-06
Hl_0_0_l_0_0_0_0_0_0_0_0_0_0_0_0 = 7.69131e-06
Hl_0_0_l_0_0_0_0_0_0_0_0_0_0_0_0_0 = 6.66567e-06
Hl_0_0_l_0_0_0_0_0_0_0_0_0_0_0_0_0_0 = 6.66567e-06
Hl_0_0_l_0_0_0_0_0_0_0_0_0_0_0_0_0_0_0 = 5.88135e-06
Hl_0_0_l_0_0_0_0_0_0_0_0_0_0_0_0_0_0_0_0 = 5.88135e-06
Hl_0_0_l_0_0_0_0_0_0_0_0_0_0_0_0_0_0_0_0_0 = 5.26216e-06
Hl_0_0_l_0_0_0_0_0_0_0_0_0_0_0_0_0_0_0_0_0_0 = 5.26216e-06
Hl_0_0_l_0_0_0_0_0_0_0_0_0_0_0_0_0_0_0_0_0_0_0 = 4.7609e-06
Hl_0_0_l_0_0_0_0_0_0_0_0_0_0_0_0_0_0_0_0_0_0_0_0 = 4.7609e-06
Hr_0_0 = 9.9999e-05
I = 1
pi2_0_0_0_0 = 1.00587e-08
pi2_0_0_0_0_l_0 = 3.3542e-09
pi2_0_0_0_0_l_0_0 = 3.34818e-09
pi2_0_0_0_0_l_0_0_0 = 2.00941e-09
pi2_0_0_0_0_l_0_0_0_0 = 2.00695e-09
pi2_0_0_0_0_l_0_0_0_0_0 = 1.43387e-09
pi2_0_0_0_0_l_0_0_0_0_0_0 = 1.43254e-09
pi2_0_0_0_0_l_0_0_0_0_0_0_0 = 1.11446e-09
pi2_0_0_0_0_l_0_0_0_0_0_0_0_0 = 1.11363e-09
pi2_0_0_0_0_l_0_0_0_0_0_0_0_0_0 = 9.11362e-10
pi2_0_0_0_0_l_0_0_0_0_0_0_0_0_0_0 = 9.108e-10
pi2_0_0_0_0_l_0_0_0_0_0_0_0_0_0_0_0 = 7.70847e-10
pi2_0_0_0_0_l_0_0_0_0_0_0_0_0_0_0_0_0 = 7.7044e-10
pi2_0_0_0_0_l_0_0_0_0_0_0_0_0_0_0_0_0_0 = 6.67858e-10
pi2_0_0_0_0_l_0_0_0_0_0_0_0_0_0_0_0_0_0_0 = 6.67549e-10
pi2_0_0_0_0_l_0_0_0_0_0_0_0_0_0_0_0_0_0_0_0 = 5.89135e-10
pi2_0_0_0_0_l_0_0_0_0_0_0_0_0_0_0_0_0_0_0_0_0 = 5.88893e-10
pi2_0_0_0_0_l_0_0_0_0_0_0_0_0_0_0_0_0_0_0_0_0_0 = 5.27009e-10
pi2_0_0_0_0_l_0_0_0_0_0_0_0_0_0_0_0_0_0_0_0_0_0_0 = 5.26814e-10
pi2_0_0_0_0_l_0_0_0_0_0_0_0_0_0_0_0_0_0_0_0_0_0_0_0 = 4.76731e-10
pi2_0_0_0_0_l_0_0_0_0_0_0_0_0_0_0_0_0_0_0_0_0_0_0_0_0 = 4.76571e-10
