DD_0_0 = 4.92759e-11
DD_0_0_l_0 = 1.61118e-11
DD_0_0_l_0_0 = 1.59669e-11
DD_0_0_l_0_0_0 = 9.40428e-12
DD_0_0_l_0_0_0_0 = 9.32414e-12
DD_0_0_l_0_0_0_0_0 = 6.54256e-12
DD_0_0_l_0_0_0_0_0_0 = 6.48928e-12
DD_0_0_l_0_0_0_0_0_0_0 = 4.9609e-12
DD_0_0_l_0_0_0_0_0_0_0_0 = 4.92266e-12
DD_0_0_l_0_0_0_0_0_0_0_0_0 = 3.96119e-12
DD_0_0_l_0_0_0_0_0_0_0_0_0_0 = 3.93179e-12
DD_0_0_l_0_0_0_0_0_0_0_0_0_0_0 = 3.27367e-12
DD_0_0_l_0_0_0_0_0_0_0_0_0_0_0_0 = 3.25043e-12
DD_0_0_l_0_0_0_0_0_0_0_0_0_0_0_0_0 = 2.77324e-12
DD_0_0_l_0_0_0_0_0_0_0_0_0_0_0_0_0_0 = 2.75438e-12
DD_0_0_l_0_0_0_0_0_0_0_0_0_0_0_0_0_0_0 = 2.39372e-12
DD_0_0_l_0_0_0_0_0_0_0_0_0_0_0_0_0_0_0_0 = 2.37796e-12
DD_0_0_l_0_0_0_0_0_0_0_0_0_0_0_0_0_0_0_0_0 = 2.09644e-12
DD_0_0_l_0_0_0_0_0_0_0_0_0_0_0_0_0_0_0_0_0_0 = 2.08315e-12
DD_0_0_l_0_0_0_0_0_0_0_0_0_0_0_0_0_0_0_0_0_0_0 = 1.85782e-12
DD_0_0_l_0_0_0_0_0_0_0_0_0_0_0_0_0_0_0_0_0_0_0_0 = 1.84646e-12
Dr_0_0 = -4.08341e-17
Dr_0_0_l_0 = 1.87352e-12
Dr_0_0_l_0_0 = 1.19137e-12
Dr_0_0_l_0_0_0 = 1.75764e-12
Dr_0_0_l_0_0_0_0 = 1.34478e-12
Dr_0_0_l_0_0_0_0_0 = 1.65615e-12
Dr_0_0_l_0_0_0_0_0_0 = 1.36051e-12
Dr_0_0_l_0_0_0_0_0_0_0 = 1.56625e-12
Dr_0_0_l_0_0_0_0_0_0_0_0 = 1.33717e-12
Dr_0_0_l_0_0_0_0_0_0_0_0_0 = 1.48582e-12
Dr_0_0_l_0_0_0_0_0_0_0_0_0_0 = 1.29951e-12
Dr_0_0_l_0_0_0_0_0_0_0_0_0_0_0 = 1.41336e-12
Dr_0_0_l_0_0_0_0_0_0_0_0_0_0_0_0 = 1.25708e-12
Dr_0_0_l_0_0_0_0_0_0_0_0_0_0_0_0_0 = 1.34763e-12
Dr_0_0_l_0_0_0_0_0_0_0_0_0_0_0_0_0_0 = 1.2135e-12
Dr_0_0_l_0_0_0_0_0_0_0_0_0_0_0_0_0_0_0 = 1.28769e-12
Dr_0_0_l_0_0_0_0_0_0_0_0_0_0_0_0_0_0_0_0 = 1.17087e-12
Dr_0_0_l_0_0_0_0_0_0_0_0_0_0_0_0_0_0_0_0_0 = 1.23275e-12
Dr_0_0_l_0_0_0_0_0_0_0_0_0_0_0_0_0_0_0_0_0_0 = 1.12954e-12
Dr_0_0_l_0_0_0_0_0_0_0_0_0_0_0_0_0_0_0_0_0_0_0 = 1.18219e-12
Dr_0_0_l_0_0_0_0_0_0_0_0_0_0_0_0_0_0_0_0_0_0_0_0 = 1.09e-12
Dr_0_0_l_0_0_0_0_0_0_0_0_0_0_0_0_0_0_0_0_0_0_0_0_0 = 1.13548e-12
Hl_0_0 = 9.9999e-05
Hl_0_0_l_0 = 3.33323e-05
Hl_0_0_l_0_0 = 3.33323e-05
Hl_0_0_l_0_0_0 = 1.9999e-05
Hl_0_0_l_0_0_0_0 = 1.9999e-05
Hl_0_0_l_0_0_0_0_0 = 1.42847e-05
Hl_0_0_l_0_0_0_0_0_0 = 1.42847e-05
Hl_0_0_l_0_0_0_0_0_0_0 = 1.11101e-05
Hl_0_0_l_0_0_0_0_0_0_0_0 = 1.11101e-05
Hl_0_0_l_0_0_0_0_0_0_0_0_0 = 9.08991e-06
Hl_0_0_l_0_0_0_0_0_0_0_0_0_0 = 9.08991e-06
Hl_0_0_l_0_0_0_0_0_0_0_0_0_0_0 = 7.69131e-06
Hl_0_0_l_0_0_0_0_0_0_0_0_0_0_0_0 = 7.69131e-06
Hl_0_0_l_0_0_0_0_0_0_0_0_0_0_0_0_0 = 6.66567e-06
Hl_0_0_l_0_0_0_0_0_0_0_0_0_0_0_0_0_0 = 6.66567e-06
Hl_0_0_l_0_0_0_0_0_0_0_0_0_0_0_0_0_0_0 = 5.88135e-06
Hl_0_0_l_0_0_0_0_0_0_0_0_0_0_0_0_0_0_0_0 = 5.88135e-06
Hl_0_0_l_0_0_0_0_0_0_0_0_0_0_0_0_0_0_0_0_0 = 5.26216e-06
Hl_0_0_l_0_0_0_0_0_0_0_0_0_0_0_0_0_0_0_0_0_0 = 5.26216e-06
Hl_0_0_l_0_0_0_0_0_0_0_0_0_0_0_0_0_0_0_0_0_0_0 = 4.7609e-06
Hl_0_0_l_0_0_0_0_0_0_0_0_0_0_0_0_0_0_0_0_0_0_0_0 = 4.7609e-06
Hr_0_0 = 9.9999e-05
I = 1
pi2_0_0_0_0 = 1.00006e-08
pi2_0_0_0_0_l_0 = 3.3336e-09
pi2_0_0_0_0_l_0_0 = 3.33353e-09
pi2_0_0_0_0_l_0_0_0 = 2.00011e-09
pi2_0_0_0_0_l_0_0_0_0 = 2.00008e-09
pi2_0_0_0_0_l_0_0_0_0_0 = 1.42862e-09
pi2_0_0_0_0_l_0_0_0_0_0_0 = 1.4286e-09
pi2_0_0_0_0_l_0_0_0_0_0_0_0 = 1.11112e-09
pi2_0_0_0_0_l_0_0_0_0_0_0_0_0 = 1.11111e-09
pi2_0_0_0_0_l_0_0_0_0_0_0_0_0_0 = 9.09075e-10
pi2_0_0_0_0_l_0_0_0_0_0_0_0_0_0_0 = 9.09067e-10
pi2_0_0_0_0_l_0_0_0_0_0_0_0_0_0_0_0 = 7.69199e-10
pi2_0_0_0_0_l_0_0_0_0_0_0_0_0_0_0_0_0 = 7.69192e-10
pi2_0_0_0_0_l_0_0_0_0_0_0_0_0_0_0_0_0_0 = 6.66622e-10
pi2_0_0_0_0_l_0_0_0_0_0_0_0_0_0_0_0_0_0_0 = 6.66617e-10
pi2_0_0_0_0_l_0_0_0_0_0_0_0_0_0_0_0_0_0_0_0 = 5.88182e-10
pi2_0_0_0_0_l_0_0_0_0_0_0_0_0_0_0_0_0_0_0_0_0 = 5.88178e-10
pi2_0_0_0_0_l_0_0_0_0_0_0_0_0_0_0_0_0_0_0_0_0_0 = 5.26256e-10
pi2_0_0_0_0_l_0_0_0_0_0_0_0_0_0_0_0_0_0_0_0_0_0_0 = 5.26252e-10
pi2_0_0_0_0_l_0_0_0_0_0_0_0_0_0_0_0_0_0_0_0_0_0_0_0 = 4.76125e-10
pi2_0_0_0_0_l_0_0_0_0_0_0_0_0_0_0_0_0_0_0_0_0_0_0_0_0 = 4.76122e-10
