DD_0_0 = 4.92759e-11
DD_0_0_l_0 = 1.61118e-11
DD_0_0_l_0_0 = 1.59669e-11
DD_0_0_l_0_0_0 = 9.40438e-12
DD_0_0_l_0_0_0_0 = 9.32414e-12
DD_0_0_l_0_0_0_0_0 = 6.5424e-12
Dr_0_0 = -1.35163e-19
Dr_0_0_l_0 = 1.87351e-12
Dr_0_0_l_0_0 = 1.19117e-12
Dr_0_0_l_0_0_0 = 1.75764e-12
Dr_0_0_l_0_0_0_0 = 1.34472e-12
Dr_0_0_l_0_0_0_0_0 = 1.65615e-12
Dr_0_0_l_0_0_0_0_0_0 = 1.36073e-12
Hl_0_0 = 9.9999e-05
Hl_0_0_l_0 = 3.33323e-05
Hl_0_0_l_0_0 = 3.33323e-05
Hl_0_0_l_0_0_0 = 1.9999e-05
Hl_0_0_l_0_0_0_0 = 1.9999e-05
Hl_0_0_l_0_0_0_0_0 = 1.42847e-05
Hr_0_0 = 9.9999e-05
I = 1
pi2_0_0_0_0 = 1.00006e-08
pi2_0_0_0_0_l_0 = 3.3336e-09
pi2_0_0_0_0_l_0_0 = 3.33353e-09
pi2_0_0_0_0_l_0_0_0 = 2.00011e-09
pi2_0_0_0_0_l_0_0_0_0 = 2.00008e-09
pi2_0_0_0_0_l_0_0_0_0_0 = 1.42862e-09
