DD_0_0 = 5.29877e-09
DD_0_0_l_0 = 6.07692e-10
DD_0_0_l_0_0 = 8.97396e-10
DD_0_0_l_0_0_0 = 2.43956e-10
DD_0_0_l_0_0_0_0 = 3.42833e-10
DD_0_0_l_0_0_0_0_0 = 1.28818e-10
DD_0_0_l_0_0_0_0_0_0 = 1.74787e-10
DD_0_0_l_0_0_0_0_0_0_0 = 7.87878e-11
DD_0_0_l_0_0_0_0_0_0_0_0 = 1.03972e-10
DD_0_0_l_0_0_0_0_0_0_0_0_0 = 5.28487e-11
DD_0_0_l_0_0_0_0_0_0_0_0_0_0 = 6.78629e-11
Dr_0_0 = 2.11732e-10
Dr_0_0_l_0 = 4.24478e-09
Dr_0_0_l_0_0 = 6.60197e-10
Dr_0_0_l_0_0_0 = 1.96098e-09
Dr_0_0_l_0_0_0_0 = 4.6957e-10
Dr_0_0_l_0_0_0_0_0 = 1.1517e-09
Dr_0_0_l_0_0_0_0_0_0 = 3.40301e-10
Dr_0_0_l_0_0_0_0_0_0_0 = 7.65737e-10
Dr_0_0_l_0_0_0_0_0_0_0_0 = 2.57483e-10
Dr_0_0_l_0_0_0_0_0_0_0_0_0 = 5.49531e-10
Dr_0_0_l_0_0_0_0_0_0_0_0_0_0 = 2.03873e-10
Dr_0_0_l_0_0_0_0_0_0_0_0_0_0_0 = 4.13336e-10
Hl_0_0 = 9.6668e-05
Hl_0_0_l_0 = 3.33102e-05
Hl_0_0_l_0_0 = 3.2666e-05
Hl_0_0_l_0_0_0 = 1.99895e-05
Hl_0_0_l_0_0_0_0 = 1.97134e-05
Hl_0_0_l_0_0_0_0_0 = 1.42794e-05
Hl_0_0_l_0_0_0_0_0_0 = 1.4126e-05
Hl_0_0_l_0_0_0_0_0_0_0 = 1.11068e-05
Hl_0_0_l_0_0_0_0_0_0_0_0 = 1.10091e-05
Hl_0_0_l_0_0_0_0_0_0_0_0_0 = 9.08771e-06
Hl_0_0_l_0_0_0_0_0_0_0_0_0_0 = 9.00803e-06
Hr_0_0 = 9.9999e-05
I = 1
pi2_0_0_0_0 = 1.17835e-08
pi2_0_0_0_0_l_0 = 3.55375e-09
pi2_0_0_0_0_l_0_0 = 3.52311e-09
pi2_0_0_0_0_l_0_0_0 = 2.0771e-09
pi2_0_0_0_0_l_0_0_0_0 = 2.03841e-09
pi2_0_0_0_0_l_0_0_0_0_0 = 1.46422e-09
pi2_0_0_0_0_l_0_0_0_0_0_0 = 1.43379e-09
pi2_0_0_0_0_l_0_0_0_0_0_0_0 = 1.13036e-09
pi2_0_0_0_0_l_0_0_0_0_0_0_0_0 = 1.10696e-09
pi2_0_0_0_0_l_0_0_0_0_0_0_0_0_0 = 9.20739e-10
pi2_0_0_0_0_l_0_0_0_0_0_0_0_0_0_0 = 9.00953e-10
