DD_0_0 = 5.2973e-09
DD_0_0_l_0 = 6.12297e-10
DD_0_0_l_0_0 = 8.99353e-10
DD_0_0_l_0_0_0 = 2.42994e-10
DD_0_0_l_0_0_0_0 = 3.42986e-10
DD_0_0_l_0_0_0_0_0 = 1.28122e-10
DD_0_0_l_0_0_0_0_0_0 = 1.74868e-10
DD_0_0_l_0_0_0_0_0_0_0 = 7.84896e-11
DD_0_0_l_0_0_0_0_0_0_0_0 = 1.04014e-10
DD_0_0_l_0_0_0_0_0_0_0_0_0 = 5.26937e-11
DD_0_0_l_0_0_0_0_0_0_0_0_0_0 = 6.81643e-11
DD_0_0_l_0_0_0_0_0_0_0_0_0_0_0 = 3.7634e-11
DD_0_0_l_0_0_0_0_0_0_0_0_0_0_0_0 = 4.77538e-11
DD_0_0_l_0_0_0_0_0_0_0_0_0_0_0_0_0 = 2.81401e-11
DD_0_0_l_0_0_0_0_0_0_0_0_0_0_0_0_0_0 = 3.51265e-11
DD_0_0_l_0_0_0_0_0_0_0_0_0_0_0_0_0_0_0 = 2.17879e-11
DD_0_0_l_0_0_0_0_0_0_0_0_0_0_0_0_0_0_0_0 = 2.68176e-11
DD_0_0_l_0_0_0_0_0_0_0_0_0_0_0_0_0_0_0_0_0 = 1.73399e-11
DD_0_0_l_0_0_0_0_0_0_0_0_0_0_0_0_0_0_0_0_0_0 = 2.10829e-11
DD_0_0_l_0_0_0_0_0_0_0_0_0_0_0_0_0_0_0_0_0_0_0 = 1.41113e-11
DD_0_0_l_0_0_0_0_0_0_0_0_0_0_0_0_0_0_0_0_0_0_0_0 = 1.69467e-11
Dr_0_0 = 2.11824e-10
Dr_0_0_l_0 = 4.24285e-09
Dr_0_0_l_0_0 = 6.64838e-10
Dr_0_0_l_0_0_0 = 1.96299e-09
Dr_0_0_l_0_0_0_0 = 4.7e-10
Dr_0_0_l_0_0_0_0_0 = 1.15264e-09
Dr_0_0_l_0_0_0_0_0_0 = 3.39681e-10
Dr_0_0_l_0_0_0_0_0_0_0 = 7.66324e-10
Dr_0_0_l_0_0_0_0_0_0_0_0 = 2.56914e-10
Dr_0_0_l_0_0_0_0_0_0_0_0_0 = 5.49945e-10
Dr_0_0_l_0_0_0_0_0_0_0_0_0_0 = 2.01603e-10
Dr_0_0_l_0_0_0_0_0_0_0_0_0_0_0 = 4.15729e-10
Dr_0_0_l_0_0_0_0_0_0_0_0_0_0_0_0 = 1.62822e-10
Dr_0_0_l_0_0_0_0_0_0_0_0_0_0_0_0_0 = 3.26358e-10
Dr_0_0_l_0_0_0_0_0_0_0_0_0_0_0_0_0_0 = 1.34566e-10
Dr_0_0_l_0_0_0_0_0_0_0_0_0_0_0_0_0_0_0 = 2.63651e-10
Dr_0_0_l_0_0_0_0_0_0_0_0_0_0_0_0_0_0_0_0 = 1.13306e-10
Dr_0_0_l_0_0_0_0_0_0_0_0_0_0_0_0_0_0_0_0_0 = 2.17848e-10
Dr_0_0_l_0_0_0_0_0_0_0_0_0_0_0_0_0_0_0_0_0_0 = 9.68813e-11
Dr_0_0_l_0_0_0_0_0_0_0_0_0_0_0_0_0_0_0_0_0_0_0 = 1.83304e-10
Dr_0_0_l_0_0_0_0_0_0_0_0_0_0_0_0_0_0_0_0_0_0_0_0 = 8.42469e-11
Dr_0_0_l_0_0_0_0_0_0_0_0_0_0_0_0_0_0_0_0_0_0_0_0_0 = 1.56195e-10
Hl_0_0 = 9.6668e-05
Hl_0_0_l_0 = 3.33102e-05
Hl_0_0_l_0_0 = 3.2666e-05
Hl_0_0_l_0_0_0 = 1.99895e-05
Hl_0_0_l_0_0_0_0 = 1.97134e-05
Hl_0_0_l_0_0_0_0_0 = 1.42794e-05
Hl_0_0_l_0_0_0_0_0_0 = 1.4126e-05
Hl_0_0_l_0_0_0_0_0_0_0 = 1.11068e-05
Hl_0_0_l_0_0_0_0_0_0_0_0 = 1.10091e-05
Hl_0_0_l_0_0_0_0_0_0_0_0_0 = 9.08759e-06
Hl_0_0_l_0_0_0_0_0_0_0_0_0_0 = 9.02e-06
Hl_0_0_l_0_0_0_0_0_0_0_0_0_0_0 = 7.68961e-06
Hl_0_0_l_0_0_0_0_0_0_0_0_0_0_0_0 = 7.64004e-06
Hl_0_0_l_0_0_0_0_0_0_0_0_0_0_0_0_0 = 6.66437e-06
Hl_0_0_l_0_0_0_0_0_0_0_0_0_0_0_0_0_0 = 6.62646e-06
Hl_0_0_l_0_0_0_0_0_0_0_0_0_0_0_0_0_0_0 = 5.88033e-06
Hl_0_0_l_0_0_0_0_0_0_0_0_0_0_0_0_0_0_0_0 = 5.8504e-06
Hl_0_0_l_0_0_0_0_0_0_0_0_0_0_0_0_0_0_0_0_0 = 5.26133e-06
Hl_0_0_l_0_0_0_0_0_0_0_0_0_0_0_0_0_0_0_0_0_0 = 5.2371e-06
Hl_0_0_l_0_0_0_0_0_0_0_0_0_0_0_0_0_0_0_0_0_0_0 = 4.76023e-06
Hl_0_0_l_0_0_0_0_0_0_0_0_0_0_0_0_0_0_0_0_0_0_0_0 = 4.73835e-06
Hr_0_0 = 9.9999e-05
I = 1
pi2_0_0_0_0 = 1.17829e-08
pi2_0_0_0_0_l_0 = 3.55662e-09
pi2_0_0_0_0_l_0_0 = 3.52275e-09
pi2_0_0_0_0_l_0_0_0 = 2.07678e-09
pi2_0_0_0_0_l_0_0_0_0 = 2.03836e-09
pi2_0_0_0_0_l_0_0_0_0_0 = 1.46319e-09
pi2_0_0_0_0_l_0_0_0_0_0_0 = 1.43378e-09
pi2_0_0_0_0_l_0_0_0_0_0_0_0 = 1.12977e-09
pi2_0_0_0_0_l_0_0_0_0_0_0_0_0 = 1.10695e-09
pi2_0_0_0_0_l_0_0_0_0_0_0_0_0_0 = 9.20208e-10
pi2_0_0_0_0_l_0_0_0_0_0_0_0_0_0_0 = 9.0224e-10
pi2_0_0_0_0_l_0_0_0_0_0_0_0_0_0_0_0 = 7.76276e-10
pi2_0_0_0_0_l_0_0_0_0_0_0_0_0_0_0_0_0 = 7.61895e-10
pi2_0_0_0_0_l_0_0_0_0_0_0_0_0_0_0_0_0_0 = 6.71347e-10
pi2_0_0_0_0_l_0_0_0_0_0_0_0_0_0_0_0_0_0_0 = 6.5961e-10
pi2_0_0_0_0_l_0_0_0_0_0_0_0_0_0_0_0_0_0_0_0 = 5.91453e-10
pi2_0_0_0_0_l_0_0_0_0_0_0_0_0_0_0_0_0_0_0_0_0 = 5.81708e-10
pi2_0_0_0_0_l_0_0_0_0_0_0_0_0_0_0_0_0_0_0_0_0_0 = 5.28584e-10
pi2_0_0_0_0_l_0_0_0_0_0_0_0_0_0_0_0_0_0_0_0_0_0_0 = 5.20372e-10
pi2_0_0_0_0_l_0_0_0_0_0_0_0_0_0_0_0_0_0_0_0_0_0_0_0 = 4.77836e-10
pi2_0_0_0_0_l_0_0_0_0_0_0_0_0_0_0_0_0_0_0_0_0_0_0_0_0 = 4.70627e-10
