DD_0_0 = 5.29873e-09
DD_0_0_l_0 = 6.07856e-10
DD_0_0_l_0_0 = 8.97403e-10
DD_0_0_l_0_0_0 = 2.43556e-10
DD_0_0_l_0_0_0_0 = 3.42851e-10
DD_0_0_l_0_0_0_0_0 = 1.28569e-10
DD_0_0_l_0_0_0_0_0_0 = 1.74797e-10
DD_0_0_l_0_0_0_0_0_0_0 = 7.87495e-11
DD_0_0_l_0_0_0_0_0_0_0_0 = 1.03974e-10
DD_0_0_l_0_0_0_0_0_0_0_0_0 = 5.2794e-11
DD_0_0_l_0_0_0_0_0_0_0_0_0_0 = 6.81428e-11
DD_0_0_l_0_0_0_0_0_0_0_0_0_0_0 = 3.76945e-11
DD_0_0_l_0_0_0_0_0_0_0_0_0_0_0_0 = 4.774e-11
DD_0_0_l_0_0_0_0_0_0_0_0_0_0_0_0_0 = 2.81776e-11
DD_0_0_l_0_0_0_0_0_0_0_0_0_0_0_0_0_0 = 3.51172e-11
DD_0_0_l_0_0_0_0_0_0_0_0_0_0_0_0_0_0_0 = 2.18129e-11
DD_0_0_l_0_0_0_0_0_0_0_0_0_0_0_0_0_0_0_0 = 2.68109e-11
DD_0_0_l_0_0_0_0_0_0_0_0_0_0_0_0_0_0_0_0_0 = 1.73573e-11
DD_0_0_l_0_0_0_0_0_0_0_0_0_0_0_0_0_0_0_0_0_0 = 2.10781e-11
DD_0_0_l_0_0_0_0_0_0_0_0_0_0_0_0_0_0_0_0_0_0_0 = 1.41238e-11
DD_0_0_l_0_0_0_0_0_0_0_0_0_0_0_0_0_0_0_0_0_0_0_0 = 1.69431e-11
Dr_0_0 = 2.11684e-10
Dr_0_0_l_0 = 4.24474e-09
Dr_0_0_l_0_0 = 6.60633e-10
Dr_0_0_l_0_0_0 = 1.96097e-09
Dr_0_0_l_0_0_0_0 = 4.6931e-10
Dr_0_0_l_0_0_0_0_0 = 1.15172e-09
Dr_0_0_l_0_0_0_0_0_0 = 3.3983e-10
Dr_0_0_l_0_0_0_0_0_0_0 = 7.65757e-10
Dr_0_0_l_0_0_0_0_0_0_0_0 = 2.57221e-10
Dr_0_0_l_0_0_0_0_0_0_0_0_0 = 5.49561e-10
Dr_0_0_l_0_0_0_0_0_0_0_0_0_0 = 2.01846e-10
Dr_0_0_l_0_0_0_0_0_0_0_0_0_0_0 = 4.15454e-10
Dr_0_0_l_0_0_0_0_0_0_0_0_0_0_0_0 = 1.63027e-10
Dr_0_0_l_0_0_0_0_0_0_0_0_0_0_0_0_0 = 3.2615e-10
Dr_0_0_l_0_0_0_0_0_0_0_0_0_0_0_0_0_0 = 1.34736e-10
Dr_0_0_l_0_0_0_0_0_0_0_0_0_0_0_0_0_0_0 = 2.63489e-10
Dr_0_0_l_0_0_0_0_0_0_0_0_0_0_0_0_0_0_0_0 = 1.13448e-10
Dr_0_0_l_0_0_0_0_0_0_0_0_0_0_0_0_0_0_0_0_0 = 2.17718e-10
Dr_0_0_l_0_0_0_0_0_0_0_0_0_0_0_0_0_0_0_0_0_0 = 9.70008e-11
Dr_0_0_l_0_0_0_0_0_0_0_0_0_0_0_0_0_0_0_0_0_0_0 = 1.83198e-10
Dr_0_0_l_0_0_0_0_0_0_0_0_0_0_0_0_0_0_0_0_0_0_0_0 = 8.43478e-11
Dr_0_0_l_0_0_0_0_0_0_0_0_0_0_0_0_0_0_0_0_0_0_0_0_0 = 1.56107e-10
Hl_0_0 = 9.6668e-05
Hl_0_0_l_0 = 3.33102e-05
Hl_0_0_l_0_0 = 3.2666e-05
Hl_0_0_l_0_0_0 = 1.99895e-05
Hl_0_0_l_0_0_0_0 = 1.97134e-05
Hl_0_0_l_0_0_0_0_0 = 1.42794e-05
Hl_0_0_l_0_0_0_0_0_0 = 1.4126e-05
Hl_0_0_l_0_0_0_0_0_0_0 = 1.11068e-05
Hl_0_0_l_0_0_0_0_0_0_0_0 = 1.10091e-05
Hl_0_0_l_0_0_0_0_0_0_0_0_0 = 9.08759e-06
Hl_0_0_l_0_0_0_0_0_0_0_0_0_0 = 9.02e-06
Hl_0_0_l_0_0_0_0_0_0_0_0_0_0_0 = 7.68961e-06
Hl_0_0_l_0_0_0_0_0_0_0_0_0_0_0_0 = 7.64004e-06
Hl_0_0_l_0_0_0_0_0_0_0_0_0_0_0_0_0 = 6.66437e-06
Hl_0_0_l_0_0_0_0_0_0_0_0_0_0_0_0_0_0 = 6.62646e-06
Hl_0_0_l_0_0_0_0_0_0_0_0_0_0_0_0_0_0_0 = 5.88033e-06
Hl_0_0_l_0_0_0_0_0_0_0_0_0_0_0_0_0_0_0_0 = 5.8504e-06
Hl_0_0_l_0_0_0_0_0_0_0_0_0_0_0_0_0_0_0_0_0 = 5.26133e-06
Hl_0_0_l_0_0_0_0_0_0_0_0_0_0_0_0_0_0_0_0_0_0 = 5.2371e-06
Hl_0_0_l_0_0_0_0_0_0_0_0_0_0_0_0_0_0_0_0_0_0_0 = 4.76023e-06
Hl_0_0_l_0_0_0_0_0_0_0_0_0_0_0_0_0_0_0_0_0_0_0_0 = 4.73835e-06
Hr_0_0 = 9.9999e-05
I = 1
pi2_0_0_0_0 = 1.17834e-08
pi2_0_0_0_0_l_0 = 3.55462e-09
pi2_0_0_0_0_l_0_0 = 3.5231e-09
pi2_0_0_0_0_l_0_0_0 = 2.07699e-09
pi2_0_0_0_0_l_0_0_0_0 = 2.03842e-09
pi2_0_0_0_0_l_0_0_0_0_0 = 1.46378e-09
pi2_0_0_0_0_l_0_0_0_0_0_0 = 1.43381e-09
pi2_0_0_0_0_l_0_0_0_0_0_0_0 = 1.13024e-09
pi2_0_0_0_0_l_0_0_0_0_0_0_0_0 = 1.10697e-09
pi2_0_0_0_0_l_0_0_0_0_0_0_0_0_0 = 9.20465e-10
pi2_0_0_0_0_l_0_0_0_0_0_0_0_0_0_0 = 9.02263e-10
pi2_0_0_0_0_l_0_0_0_0_0_0_0_0_0_0_0 = 7.76458e-10
pi2_0_0_0_0_l_0_0_0_0_0_0_0_0_0_0_0_0 = 7.61913e-10
pi2_0_0_0_0_l_0_0_0_0_0_0_0_0_0_0_0_0_0 = 6.71481e-10
pi2_0_0_0_0_l_0_0_0_0_0_0_0_0_0_0_0_0_0_0 = 6.59625e-10
pi2_0_0_0_0_l_0_0_0_0_0_0_0_0_0_0_0_0_0_0_0 = 5.91555e-10
pi2_0_0_0_0_l_0_0_0_0_0_0_0_0_0_0_0_0_0_0_0_0 = 5.81721e-10
pi2_0_0_0_0_l_0_0_0_0_0_0_0_0_0_0_0_0_0_0_0_0_0 = 5.28664e-10
pi2_0_0_0_0_l_0_0_0_0_0_0_0_0_0_0_0_0_0_0_0_0_0_0 = 5.20383e-10
pi2_0_0_0_0_l_0_0_0_0_0_0_0_0_0_0_0_0_0_0_0_0_0_0_0 = 4.77901e-10
pi2_0_0_0_0_l_0_0_0_0_0_0_0_0_0_0_0_0_0_0_0_0_0_0_0_0 = 4.70636e-10
