DD_0_0 = 5.29872e-09
DD_0_0_l_0 = 6.07858e-10
DD_0_0_l_0_0 = 8.97403e-10
DD_0_0_l_0_0_0 = 2.43558e-10
DD_0_0_l_0_0_0_0 = 3.42324e-10
DD_0_0_l_0_0_0_0_0 = 1.29501e-10
Dr_0_0 = 2.11679e-10
Dr_0_0_l_0 = 4.24473e-09
Dr_0_0_l_0_0 = 6.60705e-10
Dr_0_0_l_0_0_0 = 1.96096e-09
Dr_0_0_l_0_0_0_0 = 4.69357e-10
Dr_0_0_l_0_0_0_0_0 = 1.14093e-09
Dr_0_0_l_0_0_0_0_0_0 = 3.45926e-10
Hl_0_0 = 9.6668e-05
Hl_0_0_l_0 = 3.33102e-05
Hl_0_0_l_0_0 = 3.2666e-05
Hl_0_0_l_0_0_0 = 1.99895e-05
Hl_0_0_l_0_0_0_0 = 1.97135e-05
Hl_0_0_l_0_0_0_0_0 = 1.42769e-05
Hr_0_0 = 9.9999e-05
I = 1
pi2_0_0_0_0 = 1.17834e-08
pi2_0_0_0_0_l_0 = 3.5548e-09
pi2_0_0_0_0_l_0_0 = 3.5231e-09
pi2_0_0_0_0_l_0_0_0 = 2.07669e-09
pi2_0_0_0_0_l_0_0_0_0 = 2.0364e-09
pi2_0_0_0_0_l_0_0_0_0_0 = 1.46486e-09
