DD_0_0 = 5.24044e-09
DD_0_0_l_0 = 6.05288e-10
DD_0_0_l_0_0 = 8.89021e-10
DD_0_0_l_0_0_0 = 2.43156e-10
DD_0_0_l_0_0_0_0 = 3.40032e-10
DD_0_0_l_0_0_0_0_0 = 1.28449e-10
DD_0_0_l_0_0_0_0_0_0 = 1.73511e-10
DD_0_0_l_0_0_0_0_0_0_0 = 7.85869e-11
DD_0_0_l_0_0_0_0_0_0_0_0 = 1.03284e-10
DD_0_0_l_0_0_0_0_0_0_0_0_0 = 5.27266e-11
DD_0_0_l_0_0_0_0_0_0_0_0_0_0 = 6.74528e-11
Dr_0_0 = 2.09021e-10
Dr_0_0_l_0 = 4.19058e-09
Dr_0_0_l_0_0 = 6.56404e-10
Dr_0_0_l_0_0_0 = 1.93759e-09
Dr_0_0_l_0_0_0_0 = 4.67169e-10
Dr_0_0_l_0_0_0_0_0 = 1.13865e-09
Dr_0_0_l_0_0_0_0_0_0 = 3.38675e-10
Dr_0_0_l_0_0_0_0_0_0_0 = 7.57401e-10
Dr_0_0_l_0_0_0_0_0_0_0_0 = 2.56316e-10
Dr_0_0_l_0_0_0_0_0_0_0_0_0 = 5.43745e-10
Dr_0_0_l_0_0_0_0_0_0_0_0_0_0 = 2.02968e-10
Dr_0_0_l_0_0_0_0_0_0_0_0_0_0_0 = 4.09114e-10
Hl_0_0 = 9.6668e-05
Hl_0_0_l_0 = 3.33102e-05
Hl_0_0_l_0_0 = 3.2666e-05
Hl_0_0_l_0_0_0 = 1.99895e-05
Hl_0_0_l_0_0_0_0 = 1.97134e-05
Hl_0_0_l_0_0_0_0_0 = 1.42794e-05
Hl_0_0_l_0_0_0_0_0_0 = 1.4126e-05
Hl_0_0_l_0_0_0_0_0_0_0 = 1.11068e-05
Hl_0_0_l_0_0_0_0_0_0_0_0 = 1.10091e-05
Hl_0_0_l_0_0_0_0_0_0_0_0_0 = 9.08771e-06
Hl_0_0_l_0_0_0_0_0_0_0_0_0_0 = 9.00803e-06
Hr_0_0 = 9.9999e-05
I = 1
pi2_0_0_0_0 = 1.17564e-08
pi2_0_0_0_0_l_0 = 3.55255e-09
pi2_0_0_0_0_l_0_0 = 3.5203e-09
pi2_0_0_0_0_l_0_0_0 = 2.07681e-09
pi2_0_0_0_0_l_0_0_0_0 = 2.03783e-09
pi2_0_0_0_0_l_0_0_0_0_0 = 1.4641e-09
pi2_0_0_0_0_l_0_0_0_0_0_0 = 1.43369e-09
pi2_0_0_0_0_l_0_0_0_0_0_0_0 = 1.13031e-09
pi2_0_0_0_0_l_0_0_0_0_0_0_0_0 = 1.107e-09
pi2_0_0_0_0_l_0_0_0_0_0_0_0_0_0 = 9.20709e-10
pi2_0_0_0_0_l_0_0_0_0_0_0_0_0_0_0 = 9.0103e-10
