DD_0_0 = 5.23881e-09
DD_0_0_l_0 = 6.12865e-10
DD_0_0_l_0_0 = 8.65087e-10
Dr_0_0 = 2.08931e-10
Dr_0_0_l_0 = 4.18861e-09
Dr_0_0_l_0_0 = 6.88583e-10
Dr_0_0_l_0_0_0 = 1.89422e-09
Hl_0_0 = 9.6666e-05
Hl_0_0_l_0 = 3.33306e-05
Hl_0_0_l_0_0 = 3.22571e-05
Hr_0_0 = 9.9999e-05
I = 1
pi2_0_0_0_0 = 1.1755e-08
pi2_0_0_0_0_l_0 = 3.56793e-09
pi2_0_0_0_0_l_0_0 = 3.4634e-09
