DD_0_0 = 5.24042e-09
DD_0_0_l_0 = 6.0539e-10
DD_0_0_l_0_0 = 8.89024e-10
DD_0_0_l_0_0_0 = 2.42973e-10
DD_0_0_l_0_0_0_0 = 3.4004e-10
DD_0_0_l_0_0_0_0_0 = 1.28376e-10
DD_0_0_l_0_0_0_0_0_0 = 1.73515e-10
DD_0_0_l_0_0_0_0_0_0_0 = 7.84792e-11
DD_0_0_l_0_0_0_0_0_0_0_0 = 1.03289e-10
DD_0_0_l_0_0_0_0_0_0_0_0_0 = 5.26689e-11
DD_0_0_l_0_0_0_0_0_0_0_0_0_0 = 6.77298e-11
DD_0_0_l_0_0_0_0_0_0_0_0_0_0_0 = 3.76119e-11
DD_0_0_l_0_0_0_0_0_0_0_0_0_0_0_0 = 4.74726e-11
DD_0_0_l_0_0_0_0_0_0_0_0_0_0_0_0_0 = 2.81215e-11
DD_0_0_l_0_0_0_0_0_0_0_0_0_0_0_0_0_0 = 3.49342e-11
DD_0_0_l_0_0_0_0_0_0_0_0_0_0_0_0_0_0_0 = 2.17732e-11
DD_0_0_l_0_0_0_0_0_0_0_0_0_0_0_0_0_0_0_0 = 2.66801e-11
DD_0_0_l_0_0_0_0_0_0_0_0_0_0_0_0_0_0_0_0_0 = 1.73278e-11
DD_0_0_l_0_0_0_0_0_0_0_0_0_0_0_0_0_0_0_0_0_0 = 2.09814e-11
DD_0_0_l_0_0_0_0_0_0_0_0_0_0_0_0_0_0_0_0_0_0_0 = 1.41014e-11
DD_0_0_l_0_0_0_0_0_0_0_0_0_0_0_0_0_0_0_0_0_0_0_0 = 1.68698e-11
Dr_0_0 = 2.08999e-10
Dr_0_0_l_0 = 4.19055e-09
Dr_0_0_l_0_0 = 6.56664e-10
Dr_0_0_l_0_0_0 = 1.93758e-09
Dr_0_0_l_0_0_0_0 = 4.66967e-10
Dr_0_0_l_0_0_0_0_0 = 1.13866e-09
Dr_0_0_l_0_0_0_0_0_0 = 3.38596e-10
Dr_0_0_l_0_0_0_0_0_0_0 = 7.57406e-10
Dr_0_0_l_0_0_0_0_0_0_0_0 = 2.56129e-10
Dr_0_0_l_0_0_0_0_0_0_0_0_0 = 5.43772e-10
Dr_0_0_l_0_0_0_0_0_0_0_0_0_0 = 2.01035e-10
Dr_0_0_l_0_0_0_0_0_0_0_0_0_0_0 = 4.11199e-10
Dr_0_0_l_0_0_0_0_0_0_0_0_0_0_0_0 = 1.62388e-10
Dr_0_0_l_0_0_0_0_0_0_0_0_0_0_0_0_0 = 3.22891e-10
Dr_0_0_l_0_0_0_0_0_0_0_0_0_0_0_0_0_0 = 1.34222e-10
Dr_0_0_l_0_0_0_0_0_0_0_0_0_0_0_0_0_0_0 = 2.60913e-10
Dr_0_0_l_0_0_0_0_0_0_0_0_0_0_0_0_0_0_0_0 = 1.13026e-10
Dr_0_0_l_0_0_0_0_0_0_0_0_0_0_0_0_0_0_0_0_0 = 2.1563e-10
Dr_0_0_l_0_0_0_0_0_0_0_0_0_0_0_0_0_0_0_0_0_0 = 9.66476e-11
Dr_0_0_l_0_0_0_0_0_0_0_0_0_0_0_0_0_0_0_0_0_0_0 = 1.81471e-10
Dr_0_0_l_0_0_0_0_0_0_0_0_0_0_0_0_0_0_0_0_0_0_0_0 = 8.40429e-11
Dr_0_0_l_0_0_0_0_0_0_0_0_0_0_0_0_0_0_0_0_0_0_0_0_0 = 1.54661e-10
Hl_0_0 = 9.6668e-05
Hl_0_0_l_0 = 3.33102e-05
Hl_0_0_l_0_0 = 3.2666e-05
Hl_0_0_l_0_0_0 = 1.99895e-05
Hl_0_0_l_0_0_0_0 = 1.97134e-05
Hl_0_0_l_0_0_0_0_0 = 1.42794e-05
Hl_0_0_l_0_0_0_0_0_0 = 1.4126e-05
Hl_0_0_l_0_0_0_0_0_0_0 = 1.11068e-05
Hl_0_0_l_0_0_0_0_0_0_0_0 = 1.10091e-05
Hl_0_0_l_0_0_0_0_0_0_0_0_0 = 9.08759e-06
Hl_0_0_l_0_0_0_0_0_0_0_0_0_0 = 9.02e-06
Hl_0_0_l_0_0_0_0_0_0_0_0_0_0_0 = 7.68961e-06
Hl_0_0_l_0_0_0_0_0_0_0_0_0_0_0_0 = 7.64004e-06
Hl_0_0_l_0_0_0_0_0_0_0_0_0_0_0_0_0 = 6.66437e-06
Hl_0_0_l_0_0_0_0_0_0_0_0_0_0_0_0_0_0 = 6.62646e-06
Hl_0_0_l_0_0_0_0_0_0_0_0_0_0_0_0_0_0_0 = 5.88033e-06
Hl_0_0_l_0_0_0_0_0_0_0_0_0_0_0_0_0_0_0_0 = 5.8504e-06
Hl_0_0_l_0_0_0_0_0_0_0_0_0_0_0_0_0_0_0_0_0 = 5.26133e-06
Hl_0_0_l_0_0_0_0_0_0_0_0_0_0_0_0_0_0_0_0_0_0 = 5.2371e-06
Hl_0_0_l_0_0_0_0_0_0_0_0_0_0_0_0_0_0_0_0_0_0_0 = 4.76023e-06
Hl_0_0_l_0_0_0_0_0_0_0_0_0_0_0_0_0_0_0_0_0_0_0_0 = 4.73835e-06
Hr_0_0 = 9.9999e-05
I = 1
pi2_0_0_0_0 = 1.17564e-08
pi2_0_0_0_0_l_0 = 3.55307e-09
pi2_0_0_0_0_l_0_0 = 3.5203e-09
pi2_0_0_0_0_l_0_0_0 = 2.07652e-09
pi2_0_0_0_0_l_0_0_0_0 = 2.03784e-09
pi2_0_0_0_0_l_0_0_0_0_0 = 1.46415e-09
pi2_0_0_0_0_l_0_0_0_0_0_0 = 1.43369e-09
pi2_0_0_0_0_l_0_0_0_0_0_0_0 = 1.13016e-09
pi2_0_0_0_0_l_0_0_0_0_0_0_0_0 = 1.10701e-09
pi2_0_0_0_0_l_0_0_0_0_0_0_0_0_0 = 9.20469e-10
pi2_0_0_0_0_l_0_0_0_0_0_0_0_0_0_0 = 9.02337e-10
pi2_0_0_0_0_l_0_0_0_0_0_0_0_0_0_0_0 = 7.76462e-10
pi2_0_0_0_0_l_0_0_0_0_0_0_0_0_0_0_0_0 = 7.61996e-10
pi2_0_0_0_0_l_0_0_0_0_0_0_0_0_0_0_0_0_0 = 6.71487e-10
pi2_0_0_0_0_l_0_0_0_0_0_0_0_0_0_0_0_0_0_0 = 6.59705e-10
pi2_0_0_0_0_l_0_0_0_0_0_0_0_0_0_0_0_0_0_0_0 = 5.91561e-10
pi2_0_0_0_0_l_0_0_0_0_0_0_0_0_0_0_0_0_0_0_0_0 = 5.81795e-10
pi2_0_0_0_0_l_0_0_0_0_0_0_0_0_0_0_0_0_0_0_0_0_0 = 5.2867e-10
pi2_0_0_0_0_l_0_0_0_0_0_0_0_0_0_0_0_0_0_0_0_0_0_0 = 5.2045e-10
pi2_0_0_0_0_l_0_0_0_0_0_0_0_0_0_0_0_0_0_0_0_0_0_0_0 = 4.77907e-10
pi2_0_0_0_0_l_0_0_0_0_0_0_0_0_0_0_0_0_0_0_0_0_0_0_0_0 = 4.70697e-10
