DD_0_0 = 4.72177e-09
DD_0_0_l_0 = 5.8301e-10
DD_0_0_l_0_0 = 8.14328e-10
DD_0_0_l_0_0_0 = 2.3506e-10
DD_0_0_l_0_0_0_0 = 3.15018e-10
DD_0_0_l_0_0_0_0_0 = 1.24759e-10
DD_0_0_l_0_0_0_0_0_0 = 1.62098e-10
DD_0_0_l_0_0_0_0_0_0_0 = 7.65886e-11
DD_0_0_l_0_0_0_0_0_0_0_0 = 9.7122e-11
DD_0_0_l_0_0_0_0_0_0_0_0_0 = 5.15164e-11
DD_0_0_l_0_0_0_0_0_0_0_0_0_0 = 6.37747e-11
Dr_0_0 = 1.84955e-10
Dr_0_0_l_0 = 3.70973e-09
Dr_0_0_l_0_0 = 6.21845e-10
Dr_0_0_l_0_0_0 = 1.72978e-09
Dr_0_0_l_0_0_0_0 = 4.44103e-10
Dr_0_0_l_0_0_0_0_0 = 1.02256e-09
Dr_0_0_l_0_0_0_0_0_0 = 3.22979e-10
Dr_0_0_l_0_0_0_0_0_0_0 = 6.83217e-10
Dr_0_0_l_0_0_0_0_0_0_0_0 = 2.45028e-10
Dr_0_0_l_0_0_0_0_0_0_0_0_0 = 4.92223e-10
Dr_0_0_l_0_0_0_0_0_0_0_0_0_0 = 1.94225e-10
Dr_0_0_l_0_0_0_0_0_0_0_0_0_0_0 = 3.71493e-10
Hl_0_0 = 9.6668e-05
Hl_0_0_l_0 = 3.33102e-05
Hl_0_0_l_0_0 = 3.2666e-05
Hl_0_0_l_0_0_0 = 1.99895e-05
Hl_0_0_l_0_0_0_0 = 1.97134e-05
Hl_0_0_l_0_0_0_0_0 = 1.42794e-05
Hl_0_0_l_0_0_0_0_0_0 = 1.4126e-05
Hl_0_0_l_0_0_0_0_0_0_0 = 1.11068e-05
Hl_0_0_l_0_0_0_0_0_0_0_0 = 1.10091e-05
Hl_0_0_l_0_0_0_0_0_0_0_0_0 = 9.08771e-06
Hl_0_0_l_0_0_0_0_0_0_0_0_0_0 = 9.00803e-06
Hr_0_0 = 9.9999e-05
I = 1
pi2_0_0_0_0 = 1.15163e-08
pi2_0_0_0_0_l_0 = 3.54318e-09
pi2_0_0_0_0_l_0_0 = 3.49531e-09
pi2_0_0_0_0_l_0_0_0 = 2.07303e-09
pi2_0_0_0_0_l_0_0_0_0 = 2.03268e-09
pi2_0_0_0_0_l_0_0_0_0_0 = 1.46251e-09
pi2_0_0_0_0_l_0_0_0_0_0_0 = 1.43281e-09
pi2_0_0_0_0_l_0_0_0_0_0_0_0 = 1.12952e-09
pi2_0_0_0_0_l_0_0_0_0_0_0_0_0 = 1.10731e-09
pi2_0_0_0_0_l_0_0_0_0_0_0_0_0_0 = 9.20253e-10
pi2_0_0_0_0_l_0_0_0_0_0_0_0_0_0_0 = 9.01705e-10
