DD_0_0 = 4.72177e-09
DD_0_0_l_0 = 5.83007e-10
DD_0_0_l_0_0 = 8.14327e-10
DD_0_0_l_0_0_0 = 2.35066e-10
DD_0_0_l_0_0_0_0 = 3.15017e-10
DD_0_0_l_0_0_0_0_0 = 1.24762e-10
DD_0_0_l_0_0_0_0_0_0 = 1.62098e-10
DD_0_0_l_0_0_0_0_0_0_0 = 7.65897e-11
DD_0_0_l_0_0_0_0_0_0_0_0 = 9.71221e-11
DD_0_0_l_0_0_0_0_0_0_0_0_0 = 5.1517e-11
DD_0_0_l_0_0_0_0_0_0_0_0_0_0 = 6.37748e-11
Dr_0_0 = 1.84957e-10
Dr_0_0_l_0 = 3.70973e-09
Dr_0_0_l_0_0 = 6.21836e-10
Dr_0_0_l_0_0_0 = 1.72978e-09
Dr_0_0_l_0_0_0_0 = 4.4411e-10
Dr_0_0_l_0_0_0_0_0 = 1.02256e-09
Dr_0_0_l_0_0_0_0_0_0 = 3.22984e-10
Dr_0_0_l_0_0_0_0_0_0_0 = 6.83217e-10
Dr_0_0_l_0_0_0_0_0_0_0_0 = 2.45032e-10
Dr_0_0_l_0_0_0_0_0_0_0_0_0 = 4.92223e-10
Dr_0_0_l_0_0_0_0_0_0_0_0_0_0 = 1.94228e-10
Dr_0_0_l_0_0_0_0_0_0_0_0_0_0_0 = 3.71493e-10
Hl_0_0 = 9.6668e-05
Hl_0_0_l_0 = 3.33102e-05
Hl_0_0_l_0_0 = 3.2666e-05
Hl_0_0_l_0_0_0 = 1.99895e-05
Hl_0_0_l_0_0_0_0 = 1.97134e-05
Hl_0_0_l_0_0_0_0_0 = 1.42794e-05
Hl_0_0_l_0_0_0_0_0_0 = 1.4126e-05
Hl_0_0_l_0_0_0_0_0_0_0 = 1.11068e-05
Hl_0_0_l_0_0_0_0_0_0_0_0 = 1.10091e-05
Hl_0_0_l_0_0_0_0_0_0_0_0_0 = 9.08771e-06
Hl_0_0_l_0_0_0_0_0_0_0_0_0_0 = 9.00803e-06
Hr_0_0 = 9.9999e-05
I = 1
pi2_0_0_0_0 = 1.15163e-08
pi2_0_0_0_0_l_0 = 3.54317e-09
pi2_0_0_0_0_l_0_0 = 3.49531e-09
pi2_0_0_0_0_l_0_0_0 = 2.07304e-09
pi2_0_0_0_0_l_0_0_0_0 = 2.03268e-09
pi2_0_0_0_0_l_0_0_0_0_0 = 1.46251e-09
pi2_0_0_0_0_l_0_0_0_0_0_0 = 1.43281e-09
pi2_0_0_0_0_l_0_0_0_0_0_0_0 = 1.12952e-09
pi2_0_0_0_0_l_0_0_0_0_0_0_0_0 = 1.10731e-09
pi2_0_0_0_0_l_0_0_0_0_0_0_0_0_0 = 9.20254e-10
pi2_0_0_0_0_l_0_0_0_0_0_0_0_0_0_0 = 9.01705e-10
