DD_0_0 = 4.72178e-09
DD_0_0_l_0 = 5.82967e-10
DD_0_0_l_0_0 = 8.14328e-10
DD_0_0_l_0_0_0 = 2.35133e-10
DD_0_0_l_0_0_0_0 = 3.15012e-10
DD_0_0_l_0_0_0_0_0 = 1.2491e-10
DD_0_0_l_0_0_0_0_0_0 = 1.62092e-10
DD_0_0_l_0_0_0_0_0_0_0 = 7.65736e-11
DD_0_0_l_0_0_0_0_0_0_0_0 = 9.71232e-11
DD_0_0_l_0_0_0_0_0_0_0_0_0 = 5.14967e-11
DD_0_0_l_0_0_0_0_0_0_0_0_0_0 = 6.40234e-11
DD_0_0_l_0_0_0_0_0_0_0_0_0_0_0 = 3.68491e-11
DD_0_0_l_0_0_0_0_0_0_0_0_0_0_0_0 = 4.50706e-11
DD_0_0_l_0_0_0_0_0_0_0_0_0_0_0_0_0 = 2.75957e-11
DD_0_0_l_0_0_0_0_0_0_0_0_0_0_0_0_0_0 = 3.32887e-11
DD_0_0_l_0_0_0_0_0_0_0_0_0_0_0_0_0_0_0 = 2.13952e-11
DD_0_0_l_0_0_0_0_0_0_0_0_0_0_0_0_0_0_0_0 = 2.55037e-11
DD_0_0_l_0_0_0_0_0_0_0_0_0_0_0_0_0_0_0_0_0 = 1.70471e-11
DD_0_0_l_0_0_0_0_0_0_0_0_0_0_0_0_0_0_0_0_0_0 = 2.01111e-11
DD_0_0_l_0_0_0_0_0_0_0_0_0_0_0_0_0_0_0_0_0_0_0 = 1.3887e-11
DD_0_0_l_0_0_0_0_0_0_0_0_0_0_0_0_0_0_0_0_0_0_0_0 = 1.62103e-11
Dr_0_0 = 1.84963e-10
Dr_0_0_l_0 = 3.70974e-09
Dr_0_0_l_0_0 = 6.21782e-10
Dr_0_0_l_0_0_0 = 1.72979e-09
Dr_0_0_l_0_0_0_0 = 4.44042e-10
Dr_0_0_l_0_0_0_0_0 = 1.02256e-09
Dr_0_0_l_0_0_0_0_0_0 = 3.23216e-10
Dr_0_0_l_0_0_0_0_0_0_0 = 6.83208e-10
Dr_0_0_l_0_0_0_0_0_0_0_0 = 2.45104e-10
Dr_0_0_l_0_0_0_0_0_0_0_0_0 = 4.92235e-10
Dr_0_0_l_0_0_0_0_0_0_0_0_0_0 = 1.9273e-10
Dr_0_0_l_0_0_0_0_0_0_0_0_0_0_0 = 3.73308e-10
Dr_0_0_l_0_0_0_0_0_0_0_0_0_0_0_0 = 1.55921e-10
Dr_0_0_l_0_0_0_0_0_0_0_0_0_0_0_0_0 = 2.93854e-10
Dr_0_0_l_0_0_0_0_0_0_0_0_0_0_0_0_0_0 = 1.29043e-10
Dr_0_0_l_0_0_0_0_0_0_0_0_0_0_0_0_0_0_0 = 2.37948e-10
Dr_0_0_l_0_0_0_0_0_0_0_0_0_0_0_0_0_0_0_0 = 1.08785e-10
Dr_0_0_l_0_0_0_0_0_0_0_0_0_0_0_0_0_0_0_0_0 = 1.97011e-10
Dr_0_0_l_0_0_0_0_0_0_0_0_0_0_0_0_0_0_0_0_0_0 = 9.3112e-11
Dr_0_0_l_0_0_0_0_0_0_0_0_0_0_0_0_0_0_0_0_0_0_0 = 1.6607e-10
Dr_0_0_l_0_0_0_0_0_0_0_0_0_0_0_0_0_0_0_0_0_0_0_0 = 8.10031e-11
Dr_0_0_l_0_0_0_0_0_0_0_0_0_0_0_0_0_0_0_0_0_0_0_0_0 = 1.41756e-10
Hl_0_0 = 9.6668e-05
Hl_0_0_l_0 = 3.33102e-05
Hl_0_0_l_0_0 = 3.2666e-05
Hl_0_0_l_0_0_0 = 1.99895e-05
Hl_0_0_l_0_0_0_0 = 1.97134e-05
Hl_0_0_l_0_0_0_0_0 = 1.42794e-05
Hl_0_0_l_0_0_0_0_0_0 = 1.4126e-05
Hl_0_0_l_0_0_0_0_0_0_0 = 1.11068e-05
Hl_0_0_l_0_0_0_0_0_0_0_0 = 1.10091e-05
Hl_0_0_l_0_0_0_0_0_0_0_0_0 = 9.08759e-06
Hl_0_0_l_0_0_0_0_0_0_0_0_0_0 = 9.02e-06
Hl_0_0_l_0_0_0_0_0_0_0_0_0_0_0 = 7.68961e-06
Hl_0_0_l_0_0_0_0_0_0_0_0_0_0_0_0 = 7.64004e-06
Hl_0_0_l_0_0_0_0_0_0_0_0_0_0_0_0_0 = 6.66437e-06
Hl_0_0_l_0_0_0_0_0_0_0_0_0_0_0_0_0_0 = 6.62647e-06
Hl_0_0_l_0_0_0_0_0_0_0_0_0_0_0_0_0_0_0 = 5.88033e-06
Hl_0_0_l_0_0_0_0_0_0_0_0_0_0_0_0_0_0_0_0 = 5.8504e-06
Hl_0_0_l_0_0_0_0_0_0_0_0_0_0_0_0_0_0_0_0_0 = 5.26133e-06
Hl_0_0_l_0_0_0_0_0_0_0_0_0_0_0_0_0_0_0_0_0_0 = 5.2371e-06
Hl_0_0_l_0_0_0_0_0_0_0_0_0_0_0_0_0_0_0_0_0_0_0 = 4.76023e-06
Hl_0_0_l_0_0_0_0_0_0_0_0_0_0_0_0_0_0_0_0_0_0_0_0 = 4.73835e-06
Hr_0_0 = 9.9999e-05
I = 1
pi2_0_0_0_0 = 1.15163e-08
pi2_0_0_0_0_l_0 = 3.54307e-09
pi2_0_0_0_0_l_0_0 = 3.49532e-09
pi2_0_0_0_0_l_0_0_0 = 2.07278e-09
pi2_0_0_0_0_l_0_0_0_0 = 2.03269e-09
pi2_0_0_0_0_l_0_0_0_0_0 = 1.4628e-09
pi2_0_0_0_0_l_0_0_0_0_0_0 = 1.4328e-09
pi2_0_0_0_0_l_0_0_0_0_0_0_0 = 1.12954e-09
pi2_0_0_0_0_l_0_0_0_0_0_0_0_0 = 1.10731e-09
pi2_0_0_0_0_l_0_0_0_0_0_0_0_0_0 = 9.20115e-10
pi2_0_0_0_0_l_0_0_0_0_0_0_0_0_0_0 = 9.02993e-10
pi2_0_0_0_0_l_0_0_0_0_0_0_0_0_0_0_0 = 7.76266e-10
pi2_0_0_0_0_l_0_0_0_0_0_0_0_0_0_0_0_0 = 7.62728e-10
pi2_0_0_0_0_l_0_0_0_0_0_0_0_0_0_0_0_0_0 = 6.71373e-10
pi2_0_0_0_0_l_0_0_0_0_0_0_0_0_0_0_0_0_0_0 = 6.60418e-10
pi2_0_0_0_0_l_0_0_0_0_0_0_0_0_0_0_0_0_0_0_0 = 5.91495e-10
pi2_0_0_0_0_l_0_0_0_0_0_0_0_0_0_0_0_0_0_0_0_0 = 5.82455e-10
pi2_0_0_0_0_l_0_0_0_0_0_0_0_0_0_0_0_0_0_0_0_0_0 = 5.28633e-10
pi2_0_0_0_0_l_0_0_0_0_0_0_0_0_0_0_0_0_0_0_0_0_0_0 = 5.2105e-10
pi2_0_0_0_0_l_0_0_0_0_0_0_0_0_0_0_0_0_0_0_0_0_0_0_0 = 4.77885e-10
pi2_0_0_0_0_l_0_0_0_0_0_0_0_0_0_0_0_0_0_0_0_0_0_0_0_0 = 4.71238e-10
