DD_0_0 = 4.72178e-09
DD_0_0_l_0 = 5.82953e-10
DD_0_0_l_0_0 = 8.14328e-10
DD_0_0_l_0_0_0 = 2.35157e-10
DD_0_0_l_0_0_0_0 = 3.1501e-10
DD_0_0_l_0_0_0_0_0 = 1.24962e-10
DD_0_0_l_0_0_0_0_0_0 = 1.62091e-10
DD_0_0_l_0_0_0_0_0_0_0 = 7.65682e-11
DD_0_0_l_0_0_0_0_0_0_0_0 = 9.71233e-11
DD_0_0_l_0_0_0_0_0_0_0_0_0 = 5.1498e-11
DD_0_0_l_0_0_0_0_0_0_0_0_0_0 = 6.40233e-11
DD_0_0_l_0_0_0_0_0_0_0_0_0_0_0 = 3.68499e-11
DD_0_0_l_0_0_0_0_0_0_0_0_0_0_0_0 = 4.50705e-11
DD_0_0_l_0_0_0_0_0_0_0_0_0_0_0_0_0 = 2.75963e-11
DD_0_0_l_0_0_0_0_0_0_0_0_0_0_0_0_0_0 = 3.32886e-11
DD_0_0_l_0_0_0_0_0_0_0_0_0_0_0_0_0_0_0 = 2.13957e-11
DD_0_0_l_0_0_0_0_0_0_0_0_0_0_0_0_0_0_0_0 = 2.55036e-11
DD_0_0_l_0_0_0_0_0_0_0_0_0_0_0_0_0_0_0_0_0 = 1.70475e-11
DD_0_0_l_0_0_0_0_0_0_0_0_0_0_0_0_0_0_0_0_0_0 = 2.01111e-11
DD_0_0_l_0_0_0_0_0_0_0_0_0_0_0_0_0_0_0_0_0_0_0 = 1.38873e-11
DD_0_0_l_0_0_0_0_0_0_0_0_0_0_0_0_0_0_0_0_0_0_0_0 = 1.62103e-11
Dr_0_0 = 1.84965e-10
Dr_0_0_l_0 = 3.70974e-09
Dr_0_0_l_0_0 = 6.21762e-10
Dr_0_0_l_0_0_0 = 1.72979e-09
Dr_0_0_l_0_0_0_0 = 4.44019e-10
Dr_0_0_l_0_0_0_0_0 = 1.02256e-09
Dr_0_0_l_0_0_0_0_0_0 = 3.23296e-10
Dr_0_0_l_0_0_0_0_0_0_0 = 6.83204e-10
Dr_0_0_l_0_0_0_0_0_0_0_0 = 2.4513e-10
Dr_0_0_l_0_0_0_0_0_0_0_0_0 = 4.92234e-10
Dr_0_0_l_0_0_0_0_0_0_0_0_0_0 = 1.92751e-10
Dr_0_0_l_0_0_0_0_0_0_0_0_0_0_0 = 3.73307e-10
Dr_0_0_l_0_0_0_0_0_0_0_0_0_0_0_0 = 1.55936e-10
Dr_0_0_l_0_0_0_0_0_0_0_0_0_0_0_0_0 = 2.93853e-10
Dr_0_0_l_0_0_0_0_0_0_0_0_0_0_0_0_0_0 = 1.29054e-10
Dr_0_0_l_0_0_0_0_0_0_0_0_0_0_0_0_0_0_0 = 2.37947e-10
Dr_0_0_l_0_0_0_0_0_0_0_0_0_0_0_0_0_0_0_0 = 1.08794e-10
Dr_0_0_l_0_0_0_0_0_0_0_0_0_0_0_0_0_0_0_0_0 = 1.9701e-10
Dr_0_0_l_0_0_0_0_0_0_0_0_0_0_0_0_0_0_0_0_0_0 = 9.31192e-11
Dr_0_0_l_0_0_0_0_0_0_0_0_0_0_0_0_0_0_0_0_0_0_0 = 1.6607e-10
Dr_0_0_l_0_0_0_0_0_0_0_0_0_0_0_0_0_0_0_0_0_0_0_0 = 8.1009e-11
Dr_0_0_l_0_0_0_0_0_0_0_0_0_0_0_0_0_0_0_0_0_0_0_0_0 = 1.41755e-10
Hl_0_0 = 9.6668e-05
Hl_0_0_l_0 = 3.33102e-05
Hl_0_0_l_0_0 = 3.2666e-05
Hl_0_0_l_0_0_0 = 1.99895e-05
Hl_0_0_l_0_0_0_0 = 1.97134e-05
Hl_0_0_l_0_0_0_0_0 = 1.42794e-05
Hl_0_0_l_0_0_0_0_0_0 = 1.4126e-05
Hl_0_0_l_0_0_0_0_0_0_0 = 1.11068e-05
Hl_0_0_l_0_0_0_0_0_0_0_0 = 1.10091e-05
Hl_0_0_l_0_0_0_0_0_0_0_0_0 = 9.08759e-06
Hl_0_0_l_0_0_0_0_0_0_0_0_0_0 = 9.02e-06
Hl_0_0_l_0_0_0_0_0_0_0_0_0_0_0 = 7.68961e-06
Hl_0_0_l_0_0_0_0_0_0_0_0_0_0_0_0 = 7.64004e-06
Hl_0_0_l_0_0_0_0_0_0_0_0_0_0_0_0_0 = 6.66437e-06
Hl_0_0_l_0_0_0_0_0_0_0_0_0_0_0_0_0_0 = 6.62646e-06
Hl_0_0_l_0_0_0_0_0_0_0_0_0_0_0_0_0_0_0 = 5.88033e-06
Hl_0_0_l_0_0_0_0_0_0_0_0_0_0_0_0_0_0_0_0 = 5.8504e-06
Hl_0_0_l_0_0_0_0_0_0_0_0_0_0_0_0_0_0_0_0_0 = 5.26133e-06
Hl_0_0_l_0_0_0_0_0_0_0_0_0_0_0_0_0_0_0_0_0_0 = 5.2371e-06
Hl_0_0_l_0_0_0_0_0_0_0_0_0_0_0_0_0_0_0_0_0_0_0 = 4.76023e-06
Hl_0_0_l_0_0_0_0_0_0_0_0_0_0_0_0_0_0_0_0_0_0_0_0 = 4.73835e-06
Hr_0_0 = 9.9999e-05
I = 1
pi2_0_0_0_0 = 1.15163e-08
pi2_0_0_0_0_l_0 = 3.54304e-09
pi2_0_0_0_0_l_0_0 = 3.49533e-09
pi2_0_0_0_0_l_0_0_0 = 2.07268e-09
pi2_0_0_0_0_l_0_0_0_0 = 2.03269e-09
pi2_0_0_0_0_l_0_0_0_0_0 = 1.4629e-09
pi2_0_0_0_0_l_0_0_0_0_0_0 = 1.43279e-09
pi2_0_0_0_0_l_0_0_0_0_0_0_0 = 1.12954e-09
pi2_0_0_0_0_l_0_0_0_0_0_0_0_0 = 1.10731e-09
pi2_0_0_0_0_l_0_0_0_0_0_0_0_0_0 = 9.20124e-10
pi2_0_0_0_0_l_0_0_0_0_0_0_0_0_0_0 = 9.02993e-10
pi2_0_0_0_0_l_0_0_0_0_0_0_0_0_0_0_0 = 7.76271e-10
pi2_0_0_0_0_l_0_0_0_0_0_0_0_0_0_0_0_0 = 7.62728e-10
pi2_0_0_0_0_l_0_0_0_0_0_0_0_0_0_0_0_0_0 = 6.71377e-10
pi2_0_0_0_0_l_0_0_0_0_0_0_0_0_0_0_0_0_0_0 = 6.60418e-10
pi2_0_0_0_0_l_0_0_0_0_0_0_0_0_0_0_0_0_0_0_0 = 5.91498e-10
pi2_0_0_0_0_l_0_0_0_0_0_0_0_0_0_0_0_0_0_0_0_0 = 5.82455e-10
pi2_0_0_0_0_l_0_0_0_0_0_0_0_0_0_0_0_0_0_0_0_0_0 = 5.28636e-10
pi2_0_0_0_0_l_0_0_0_0_0_0_0_0_0_0_0_0_0_0_0_0_0_0 = 5.2105e-10
pi2_0_0_0_0_l_0_0_0_0_0_0_0_0_0_0_0_0_0_0_0_0_0_0_0 = 4.77887e-10
pi2_0_0_0_0_l_0_0_0_0_0_0_0_0_0_0_0_0_0_0_0_0_0_0_0_0 = 4.71238e-10
