DD_0_0 = 4.72055e-09
DD_0_0_l_0 = 5.89277e-10
DD_0_0_l_0_0 = 7.92969e-10
Dr_0_0 = 1.84926e-10
Dr_0_0_l_0 = 3.70822e-09
Dr_0_0_l_0_0 = 6.49132e-10
Dr_0_0_l_0_0_0 = 1.692e-09
Hl_0_0 = 9.6666e-05
Hl_0_0_l_0 = 3.33306e-05
Hl_0_0_l_0_0 = 3.22571e-05
Hr_0_0 = 9.9999e-05
I = 1
pi2_0_0_0_0 = 1.15152e-08
pi2_0_0_0_0_l_0 = 3.55573e-09
pi2_0_0_0_0_l_0_0 = 3.44048e-09
