DD_0_0 = 2.39605e-07
DD_0_0_l_0 = 4.3281e-08
DD_0_0_l_0_0 = 4.59097e-08
Dr_0_0 = 7.97464e-09
Dr_0_0_l_0 = 1.60214e-07
Dr_0_0_l_0_0 = 4.11843e-08
Dr_0_0_l_0_0_0 = 7.90123e-08
Hl_0_0 = 0.00096666
Hl_0_0_l_0 = 0.000333306
Hl_0_0_l_0_0 = 0.000322571
Hr_0_0 = 0.000999989
I = 1
pi2_0_0_0_0 = 1.04644e-06
pi2_0_0_0_0_l_0 = 3.47823e-07
pi2_0_0_0_0_l_0_0 = 3.33544e-07
