DD_0_0 = 4.26687e-08
DD_0_0_l_0 = 1.25967e-08
DD_0_0_l_0_0 = 1.18193e-08
DD_0_0_l_0_0_0 = 6.40511e-09
DD_0_0_l_0_0_0_0 = 6.10237e-09
DD_0_0_l_0_0_0_0_0 = 3.98943e-09
Dr_0_0 = 5.68003e-10
Dr_0_0_l_0 = 1.14889e-08
Dr_0_0_l_0_0 = 5.7349e-09
Dr_0_0_l_0_0_0 = 8.05186e-09
Dr_0_0_l_0_0_0_0 = 5.106e-09
Dr_0_0_l_0_0_0_0_0 = 6.14827e-09
Dr_0_0_l_0_0_0_0_0_0 = 4.3308e-09
Hl_0_0 = 0.00096668
Hl_0_0_l_0 = 0.000333102
Hl_0_0_l_0_0 = 0.00032666
Hl_0_0_l_0_0_0 = 0.000199895
Hl_0_0_l_0_0_0_0 = 0.000197135
Hl_0_0_l_0_0_0_0_0 = 0.000142769
Hr_0_0 = 0.00099999
I = 1
pi2_0_0_0_0 = 9.72366e-07
pi2_0_0_0_0_l_0 = 3.35167e-07
pi2_0_0_0_0_l_0_0 = 3.28127e-07
pi2_0_0_0_0_l_0_0_0 = 2.00834e-07
pi2_0_0_0_0_l_0_0_0_0 = 1.9783e-07
pi2_0_0_0_0_l_0_0_0_0_0 = 1.43303e-07
