DD_0_0 = 3.12568e-07
DD_0_0_l_0 = 6.18923e-08
DD_0_0_l_0_0 = 5.93272e-08
DD_0_0_l_0_0_0 = 2.49382e-08
DD_0_0_l_0_0_0_0 = 2.41408e-08
DD_0_0_l_0_0_0_0_0 = 1.31354e-08
Dr_0_0 = 1.2194e-07
Dr_0_0_l_0 = 2.59182e-07
Dr_0_0_l_0_0 = 9.25653e-08
Dr_0_0_l_0_0_0 = 1.27147e-07
Dr_0_0_l_0_0_0_0 = 6.09184e-08
Dr_0_0_l_0_0_0_0_0 = 7.37665e-08
Dr_0_0_l_0_0_0_0_0_0 = 4.34277e-08
Hl_0_0 = 0.000686975
Hl_0_0_l_0 = 0.000313018
Hl_0_0_l_0_0 = 0.000269603
Hl_0_0_l_0_0_0 = 0.000191164
Hl_0_0_l_0_0_0_0 = 0.000172698
Hl_0_0_l_0_0_0_0_0 = 0.000136461
Hr_0_0 = 0.000999868
I = 1
pi2_0_0_0_0 = 8.02913e-07
pi2_0_0_0_0_l_0 = 3.32826e-07
pi2_0_0_0_0_l_0_0 = 2.85239e-07
pi2_0_0_0_0_l_0_0_0 = 1.97832e-07
pi2_0_0_0_0_l_0_0_0_0 = 1.76493e-07
pi2_0_0_0_0_l_0_0_0_0_0 = 1.3943e-07
