DD_0_0 = 3.12605e-07
DD_0_0_l_0 = 6.18659e-08
DD_0_0_l_0_0 = 5.93721e-08
DD_0_0_l_0_0_0 = 2.48497e-08
DD_0_0_l_0_0_0_0 = 2.43228e-08
DD_0_0_l_0_0_0_0_0 = 1.31399e-08
DD_0_0_l_0_0_0_0_0_0 = 1.30067e-08
DD_0_0_l_0_0_0_0_0_0_0 = 8.03932e-09
DD_0_0_l_0_0_0_0_0_0_0_0 = 8.01288e-09
DD_0_0_l_0_0_0_0_0_0_0_0_0 = 5.38859e-09
DD_0_0_l_0_0_0_0_0_0_0_0_0_0 = 5.39511e-09
DD_0_0_l_0_0_0_0_0_0_0_0_0_0_0 = 3.84558e-09
DD_0_0_l_0_0_0_0_0_0_0_0_0_0_0_0 = 3.86196e-09
DD_0_0_l_0_0_0_0_0_0_0_0_0_0_0_0_0 = 2.87302e-09
DD_0_0_l_0_0_0_0_0_0_0_0_0_0_0_0_0_0 = 2.89133e-09
DD_0_0_l_0_0_0_0_0_0_0_0_0_0_0_0_0_0_0 = 2.22272e-09
DD_0_0_l_0_0_0_0_0_0_0_0_0_0_0_0_0_0_0_0 = 2.2402e-09
DD_0_0_l_0_0_0_0_0_0_0_0_0_0_0_0_0_0_0_0_0 = 1.76761e-09
DD_0_0_l_0_0_0_0_0_0_0_0_0_0_0_0_0_0_0_0_0_0 = 1.7833e-09
DD_0_0_l_0_0_0_0_0_0_0_0_0_0_0_0_0_0_0_0_0_0_0 = 1.43825e-09
DD_0_0_l_0_0_0_0_0_0_0_0_0_0_0_0_0_0_0_0_0_0_0_0 = 1.43932e-09
Dr_0_0 = 1.21952e-07
Dr_0_0_l_0 = 2.5922e-07
Dr_0_0_l_0_0 = 9.25084e-08
Dr_0_0_l_0_0_0 = 1.2734e-07
Dr_0_0_l_0_0_0_0 = 6.01508e-08
Dr_0_0_l_0_0_0_0_0 = 7.77797e-08
Dr_0_0_l_0_0_0_0_0_0 = 4.21425e-08
Dr_0_0_l_0_0_0_0_0_0_0 = 5.31639e-08
Dr_0_0_l_0_0_0_0_0_0_0_0 = 3.13003e-08
Dr_0_0_l_0_0_0_0_0_0_0_0_0 = 3.89561e-08
Dr_0_0_l_0_0_0_0_0_0_0_0_0_0 = 2.42646e-08
Dr_0_0_l_0_0_0_0_0_0_0_0_0_0_0 = 2.99352e-08
Dr_0_0_l_0_0_0_0_0_0_0_0_0_0_0_0 = 1.94265e-08
Dr_0_0_l_0_0_0_0_0_0_0_0_0_0_0_0_0 = 2.38145e-08
Dr_0_0_l_0_0_0_0_0_0_0_0_0_0_0_0_0_0 = 1.59471e-08
Dr_0_0_l_0_0_0_0_0_0_0_0_0_0_0_0_0_0_0 = 1.9453e-08
Dr_0_0_l_0_0_0_0_0_0_0_0_0_0_0_0_0_0_0_0 = 1.33546e-08
Dr_0_0_l_0_0_0_0_0_0_0_0_0_0_0_0_0_0_0_0_0 = 1.62254e-08
Dr_0_0_l_0_0_0_0_0_0_0_0_0_0_0_0_0_0_0_0_0_0 = 1.13672e-08
Dr_0_0_l_0_0_0_0_0_0_0_0_0_0_0_0_0_0_0_0_0_0_0 = 1.37594e-08
Dr_0_0_l_0_0_0_0_0_0_0_0_0_0_0_0_0_0_0_0_0_0_0_0 = 9.89855e-09
Dr_0_0_l_0_0_0_0_0_0_0_0_0_0_0_0_0_0_0_0_0_0_0_0_0 = 1.1697e-08
Hl_0_0 = 0.000686964
Hl_0_0_l_0 = 0.000313029
Hl_0_0_l_0_0 = 0.000269578
Hl_0_0_l_0_0_0 = 0.000191239
Hl_0_0_l_0_0_0_0 = 0.000172397
Hl_0_0_l_0_0_0_0_0 = 0.000137967
Hl_0_0_l_0_0_0_0_0_0 = 0.000127421
Hl_0_0_l_0_0_0_0_0_0_0 = 0.000107987
Hl_0_0_l_0_0_0_0_0_0_0_0 = 0.000101241
Hl_0_0_l_0_0_0_0_0_0_0_0_0 = 8.87392e-05
Hl_0_0_l_0_0_0_0_0_0_0_0_0_0 = 8.40513e-05
Hl_0_0_l_0_0_0_0_0_0_0_0_0_0_0 = 7.53268e-05
Hl_0_0_l_0_0_0_0_0_0_0_0_0_0_0_0 = 7.18791e-05
Hl_0_0_l_0_0_0_0_0_0_0_0_0_0_0_0_0 = 6.54423e-05
Hl_0_0_l_0_0_0_0_0_0_0_0_0_0_0_0_0_0 = 6.27998e-05
Hl_0_0_l_0_0_0_0_0_0_0_0_0_0_0_0_0_0_0 = 5.78539e-05
Hl_0_0_l_0_0_0_0_0_0_0_0_0_0_0_0_0_0_0_0 = 5.57639e-05
Hl_0_0_l_0_0_0_0_0_0_0_0_0_0_0_0_0_0_0_0_0 = 5.18442e-05
Hl_0_0_l_0_0_0_0_0_0_0_0_0_0_0_0_0_0_0_0_0_0 = 5.01494e-05
Hl_0_0_l_0_0_0_0_0_0_0_0_0_0_0_0_0_0_0_0_0_0_0 = 4.69724e-05
Hl_0_0_l_0_0_0_0_0_0_0_0_0_0_0_0_0_0_0_0_0_0_0_0 = 4.54453e-05
Hr_0_0 = 0.000999868
I = 1
pi2_0_0_0_0 = 8.02935e-07
pi2_0_0_0_0_l_0 = 3.32792e-07
pi2_0_0_0_0_l_0_0 = 2.85309e-07
pi2_0_0_0_0_l_0_0_0 = 1.97653e-07
pi2_0_0_0_0_l_0_0_0_0 = 1.76957e-07
pi2_0_0_0_0_l_0_0_0_0_0 = 1.40722e-07
pi2_0_0_0_0_l_0_0_0_0_0_0 = 1.29064e-07
pi2_0_0_0_0_l_0_0_0_0_0_0_0 = 1.09352e-07
pi2_0_0_0_0_l_0_0_0_0_0_0_0_0 = 1.0185e-07
pi2_0_0_0_0_l_0_0_0_0_0_0_0_0_0 = 8.94729e-08
pi2_0_0_0_0_l_0_0_0_0_0_0_0_0_0_0 = 8.42315e-08
pi2_0_0_0_0_l_0_0_0_0_0_0_0_0_0_0_0 = 7.5739e-08
pi2_0_0_0_0_l_0_0_0_0_0_0_0_0_0_0_0_0 = 7.18659e-08
pi2_0_0_0_0_l_0_0_0_0_0_0_0_0_0_0_0_0_0 = 6.56774e-08
pi2_0_0_0_0_l_0_0_0_0_0_0_0_0_0_0_0_0_0_0 = 6.26966e-08
pi2_0_0_0_0_l_0_0_0_0_0_0_0_0_0_0_0_0_0_0_0 = 5.7986e-08
pi2_0_0_0_0_l_0_0_0_0_0_0_0_0_0_0_0_0_0_0_0_0 = 5.56198e-08
pi2_0_0_0_0_l_0_0_0_0_0_0_0_0_0_0_0_0_0_0_0_0_0 = 5.19138e-08
pi2_0_0_0_0_l_0_0_0_0_0_0_0_0_0_0_0_0_0_0_0_0_0_0 = 4.99885e-08
pi2_0_0_0_0_l_0_0_0_0_0_0_0_0_0_0_0_0_0_0_0_0_0_0_0 = 4.70073e-08
pi2_0_0_0_0_l_0_0_0_0_0_0_0_0_0_0_0_0_0_0_0_0_0_0_0_0 = 4.52835e-08
