DD_0_0 = 2.99244e-07
DD_0_0_l_0 = 6.82337e-08
DD_0_0_l_0_0 = 4.92435e-08
Dr_0_0 = 1.17133e-07
Dr_0_0_l_0 = 2.46961e-07
Dr_0_0_l_0_0 = 1.04632e-07
Dr_0_0_l_0_0_0 = 1.09457e-07
Hl_0_0 = 0.000678571
Hl_0_0_l_0 = 0.000321422
Hl_0_0_l_0_0 = 0.000249994
Hr_0_0 = 0.000999873
I = 1
pi2_0_0_0_0 = 7.87818e-07
pi2_0_0_0_0_l_0 = 3.46615e-07
pi2_0_0_0_0_l_0_0 = 2.61799e-07
