DD_0_0 = 3.09548e-07
DD_0_0_l_0 = 6.15269e-08
DD_0_0_l_0_0 = 5.89081e-08
DD_0_0_l_0_0_0 = 2.47337e-08
DD_0_0_l_0_0_0_0 = 2.41622e-08
DD_0_0_l_0_0_0_0_0 = 1.30865e-08
DD_0_0_l_0_0_0_0_0_0 = 1.29317e-08
DD_0_0_l_0_0_0_0_0_0_0 = 8.01011e-09
DD_0_0_l_0_0_0_0_0_0_0_0 = 7.97177e-09
DD_0_0_l_0_0_0_0_0_0_0_0_0 = 5.37082e-09
DD_0_0_l_0_0_0_0_0_0_0_0_0_0 = 5.37011e-09
DD_0_0_l_0_0_0_0_0_0_0_0_0_0_0 = 3.834e-09
DD_0_0_l_0_0_0_0_0_0_0_0_0_0_0_0 = 3.8456e-09
DD_0_0_l_0_0_0_0_0_0_0_0_0_0_0_0_0 = 2.86505e-09
DD_0_0_l_0_0_0_0_0_0_0_0_0_0_0_0_0_0 = 2.88003e-09
DD_0_0_l_0_0_0_0_0_0_0_0_0_0_0_0_0_0_0 = 2.217e-09
DD_0_0_l_0_0_0_0_0_0_0_0_0_0_0_0_0_0_0_0 = 2.23206e-09
DD_0_0_l_0_0_0_0_0_0_0_0_0_0_0_0_0_0_0_0_0 = 1.76336e-09
DD_0_0_l_0_0_0_0_0_0_0_0_0_0_0_0_0_0_0_0_0_0 = 1.77724e-09
DD_0_0_l_0_0_0_0_0_0_0_0_0_0_0_0_0_0_0_0_0_0_0 = 1.435e-09
DD_0_0_l_0_0_0_0_0_0_0_0_0_0_0_0_0_0_0_0_0_0_0_0 = 1.43478e-09
Dr_0_0 = 1.20537e-07
Dr_0_0_l_0 = 2.56269e-07
Dr_0_0_l_0_0 = 9.17336e-08
Dr_0_0_l_0_0_0 = 1.26022e-07
Dr_0_0_l_0_0_0_0 = 5.96958e-08
Dr_0_0_l_0_0_0_0_0 = 7.70282e-08
Dr_0_0_l_0_0_0_0_0_0 = 4.18442e-08
Dr_0_0_l_0_0_0_0_0_0_0 = 5.26769e-08
Dr_0_0_l_0_0_0_0_0_0_0_0 = 3.109e-08
Dr_0_0_l_0_0_0_0_0_0_0_0_0 = 3.86143e-08
Dr_0_0_l_0_0_0_0_0_0_0_0_0_0 = 2.41082e-08
Dr_0_0_l_0_0_0_0_0_0_0_0_0_0_0 = 2.96819e-08
Dr_0_0_l_0_0_0_0_0_0_0_0_0_0_0_0 = 1.93057e-08
Dr_0_0_l_0_0_0_0_0_0_0_0_0_0_0_0_0 = 2.36192e-08
Dr_0_0_l_0_0_0_0_0_0_0_0_0_0_0_0_0_0 = 1.58509e-08
Dr_0_0_l_0_0_0_0_0_0_0_0_0_0_0_0_0_0_0 = 1.92978e-08
Dr_0_0_l_0_0_0_0_0_0_0_0_0_0_0_0_0_0_0_0 = 1.32763e-08
Dr_0_0_l_0_0_0_0_0_0_0_0_0_0_0_0_0_0_0_0_0 = 1.60989e-08
Dr_0_0_l_0_0_0_0_0_0_0_0_0_0_0_0_0_0_0_0_0_0 = 1.13022e-08
Dr_0_0_l_0_0_0_0_0_0_0_0_0_0_0_0_0_0_0_0_0_0_0 = 1.36545e-08
Dr_0_0_l_0_0_0_0_0_0_0_0_0_0_0_0_0_0_0_0_0_0_0_0 = 9.84212e-09
Dr_0_0_l_0_0_0_0_0_0_0_0_0_0_0_0_0_0_0_0_0_0_0_0_0 = 1.16103e-08
Hl_0_0 = 0.000686964
Hl_0_0_l_0 = 0.000313029
Hl_0_0_l_0_0 = 0.000269578
Hl_0_0_l_0_0_0 = 0.000191239
Hl_0_0_l_0_0_0_0 = 0.000172397
Hl_0_0_l_0_0_0_0_0 = 0.000137967
Hl_0_0_l_0_0_0_0_0_0 = 0.000127421
Hl_0_0_l_0_0_0_0_0_0_0 = 0.000107987
Hl_0_0_l_0_0_0_0_0_0_0_0 = 0.000101241
Hl_0_0_l_0_0_0_0_0_0_0_0_0 = 8.87392e-05
Hl_0_0_l_0_0_0_0_0_0_0_0_0_0 = 8.40513e-05
Hl_0_0_l_0_0_0_0_0_0_0_0_0_0_0 = 7.53268e-05
Hl_0_0_l_0_0_0_0_0_0_0_0_0_0_0_0 = 7.18791e-05
Hl_0_0_l_0_0_0_0_0_0_0_0_0_0_0_0_0 = 6.54423e-05
Hl_0_0_l_0_0_0_0_0_0_0_0_0_0_0_0_0_0 = 6.27998e-05
Hl_0_0_l_0_0_0_0_0_0_0_0_0_0_0_0_0_0_0 = 5.78539e-05
Hl_0_0_l_0_0_0_0_0_0_0_0_0_0_0_0_0_0_0_0 = 5.57639e-05
Hl_0_0_l_0_0_0_0_0_0_0_0_0_0_0_0_0_0_0_0_0 = 5.18442e-05
Hl_0_0_l_0_0_0_0_0_0_0_0_0_0_0_0_0_0_0_0_0_0 = 5.01494e-05
Hl_0_0_l_0_0_0_0_0_0_0_0_0_0_0_0_0_0_0_0_0_0_0 = 4.69724e-05
Hl_0_0_l_0_0_0_0_0_0_0_0_0_0_0_0_0_0_0_0_0_0_0_0 = 4.54453e-05
Hr_0_0 = 0.000999869
I = 1
pi2_0_0_0_0 = 8.01602e-07
pi2_0_0_0_0_l_0 = 3.32667e-07
pi2_0_0_0_0_l_0_0 = 2.85167e-07
pi2_0_0_0_0_l_0_0_0 = 1.97622e-07
pi2_0_0_0_0_l_0_0_0_0 = 1.76928e-07
pi2_0_0_0_0_l_0_0_0_0_0 = 1.40712e-07
pi2_0_0_0_0_l_0_0_0_0_0_0 = 1.2906e-07
pi2_0_0_0_0_l_0_0_0_0_0_0_0 = 1.0935e-07
pi2_0_0_0_0_l_0_0_0_0_0_0_0_0 = 1.01853e-07
pi2_0_0_0_0_l_0_0_0_0_0_0_0_0_0 = 8.9473e-08
pi2_0_0_0_0_l_0_0_0_0_0_0_0_0_0_0 = 8.42361e-08
pi2_0_0_0_0_l_0_0_0_0_0_0_0_0_0_0_0 = 7.57402e-08
pi2_0_0_0_0_l_0_0_0_0_0_0_0_0_0_0_0_0 = 7.1871e-08
pi2_0_0_0_0_l_0_0_0_0_0_0_0_0_0_0_0_0_0 = 6.5679e-08
pi2_0_0_0_0_l_0_0_0_0_0_0_0_0_0_0_0_0_0_0 = 6.27014e-08
pi2_0_0_0_0_l_0_0_0_0_0_0_0_0_0_0_0_0_0_0_0 = 5.79876e-08
pi2_0_0_0_0_l_0_0_0_0_0_0_0_0_0_0_0_0_0_0_0_0 = 5.56242e-08
pi2_0_0_0_0_l_0_0_0_0_0_0_0_0_0_0_0_0_0_0_0_0_0 = 5.19154e-08
pi2_0_0_0_0_l_0_0_0_0_0_0_0_0_0_0_0_0_0_0_0_0_0_0 = 4.99925e-08
pi2_0_0_0_0_l_0_0_0_0_0_0_0_0_0_0_0_0_0_0_0_0_0_0_0 = 4.70087e-08
pi2_0_0_0_0_l_0_0_0_0_0_0_0_0_0_0_0_0_0_0_0_0_0_0_0_0 = 4.52872e-08
