DD_0_0 = 2.82096e-07
DD_0_0_l_0 = 5.8397e-08
DD_0_0_l_0_0 = 5.47197e-08
DD_0_0_l_0_0_0 = 2.36633e-08
DD_0_0_l_0_0_0_0 = 2.2707e-08
DD_0_0_l_0_0_0_0_0 = 1.25909e-08
DD_0_0_l_0_0_0_0_0_0 = 1.2251e-08
DD_0_0_l_0_0_0_0_0_0_0 = 7.73984e-09
DD_0_0_l_0_0_0_0_0_0_0_0 = 7.59505e-09
DD_0_0_l_0_0_0_0_0_0_0_0_0 = 5.2238e-09
DD_0_0_l_0_0_0_0_0_0_0_0_0_0 = 5.02217e-09
Dr_0_0 = 1.07859e-07
Dr_0_0_l_0 = 2.29819e-07
Dr_0_0_l_0_0 = 8.46822e-08
Dr_0_0_l_0_0_0 = 1.14181e-07
Dr_0_0_l_0_0_0_0 = 5.55374e-08
Dr_0_0_l_0_0_0_0_0 = 7.02628e-08
Dr_0_0_l_0_0_0_0_0_0 = 3.91159e-08
Dr_0_0_l_0_0_0_0_0_0_0 = 4.82854e-08
Dr_0_0_l_0_0_0_0_0_0_0_0 = 2.91676e-08
Dr_0_0_l_0_0_0_0_0_0_0_0_0 = 3.54907e-08
Dr_0_0_l_0_0_0_0_0_0_0_0_0_0 = 2.30685e-08
Dr_0_0_l_0_0_0_0_0_0_0_0_0_0_0 = 2.66734e-08
Hl_0_0 = 0.000686964
Hl_0_0_l_0 = 0.000313029
Hl_0_0_l_0_0 = 0.000269578
Hl_0_0_l_0_0_0 = 0.000191239
Hl_0_0_l_0_0_0_0 = 0.000172397
Hl_0_0_l_0_0_0_0_0 = 0.000137967
Hl_0_0_l_0_0_0_0_0_0 = 0.00012742
Hl_0_0_l_0_0_0_0_0_0_0 = 0.000107988
Hl_0_0_l_0_0_0_0_0_0_0_0 = 0.000101233
Hl_0_0_l_0_0_0_0_0_0_0_0_0 = 8.88118e-05
Hl_0_0_l_0_0_0_0_0_0_0_0_0_0 = 8.33247e-05
Hr_0_0 = 0.000999882
I = 1
pi2_0_0_0_0 = 7.89664e-07
pi2_0_0_0_0_l_0 = 3.31513e-07
pi2_0_0_0_0_l_0_0 = 2.83882e-07
pi2_0_0_0_0_l_0_0_0 = 1.97326e-07
pi2_0_0_0_0_l_0_0_0_0 = 1.76661e-07
pi2_0_0_0_0_l_0_0_0_0_0 = 1.4062e-07
pi2_0_0_0_0_l_0_0_0_0_0_0 = 1.29017e-07
pi2_0_0_0_0_l_0_0_0_0_0_0_0 = 1.09326e-07
pi2_0_0_0_0_l_0_0_0_0_0_0_0_0 = 1.0186e-07
pi2_0_0_0_0_l_0_0_0_0_0_0_0_0_0 = 8.95825e-08
pi2_0_0_0_0_l_0_0_0_0_0_0_0_0_0_0 = 8.35235e-08
