DD_0_0 = 2.71055e-07
DD_0_0_l_0 = 6.40932e-08
DD_0_0_l_0_0 = 4.57158e-08
Dr_0_0 = 1.0396e-07
Dr_0_0_l_0 = 2.19824e-07
Dr_0_0_l_0_0 = 9.55157e-08
Dr_0_0_l_0_0_0 = 9.88193e-08
Hl_0_0 = 0.000678571
Hl_0_0_l_0 = 0.000321422
Hl_0_0_l_0_0 = 0.000249994
Hr_0_0 = 0.000999886
I = 1
pi2_0_0_0_0 = 7.75718e-07
pi2_0_0_0_0_l_0 = 3.44704e-07
pi2_0_0_0_0_l_0_0 = 2.60895e-07
