DD_0_0 = 2.94194e-08
DD_0_0_l_0 = 1.15609e-08
DD_0_0_l_0_0 = 9.3906e-09
DD_0_0_l_0_0_0 = 5.998e-09
DD_0_0_l_0_0_0_0 = 5.15697e-09
DD_0_0_l_0_0_0_0_0 = 3.7244e-09
Dr_0_0 = 3.84112e-09
Dr_0_0_l_0 = 8.89885e-09
Dr_0_0_l_0_0 = 6.14322e-09
Dr_0_0_l_0_0_0 = 6.70699e-09
Dr_0_0_l_0_0_0_0 = 5.20863e-09
Dr_0_0_l_0_0_0_0_0 = 5.30214e-09
Dr_0_0_l_0_0_0_0_0_0 = 4.33762e-09
Hl_0_0 = 0.000686975
Hl_0_0_l_0 = 0.000313018
Hl_0_0_l_0_0 = 0.000269603
Hl_0_0_l_0_0_0 = 0.000191164
Hl_0_0_l_0_0_0_0 = 0.000172698
Hl_0_0_l_0_0_0_0_0 = 0.000136461
Hr_0_0 = 0.000999986
I = 1
pi2_0_0_0_0 = 6.90833e-07
pi2_0_0_0_0_l_0 = 3.14738e-07
pi2_0_0_0_0_l_0_0 = 2.70776e-07
pi2_0_0_0_0_l_0_0_0 = 1.91969e-07
pi2_0_0_0_0_l_0_0_0_0 = 1.73293e-07
pi2_0_0_0_0_l_0_0_0_0_0 = 1.36918e-07
