DD_0_0 = 2.90103e-08
DD_0_0_l_0 = 1.19694e-08
DD_0_0_l_0_0 = 8.52625e-09
Dr_0_0 = 3.78615e-09
Dr_0_0_l_0 = 8.79544e-09
Dr_0_0_l_0_0 = 6.61287e-09
Dr_0_0_l_0_0_0 = 6.35323e-09
Hl_0_0 = 0.000678571
Hl_0_0_l_0 = 0.000321422
Hl_0_0_l_0_0 = 0.000249994
Hr_0_0 = 0.000999986
I = 1
pi2_0_0_0_0 = 6.82344e-07
pi2_0_0_0_0_l_0 = 3.2334e-07
pi2_0_0_0_0_l_0_0 = 2.51057e-07
