DD_0_0 = 3.32868e-09
DD_0_0_l_0 = 1.54751e-09
DD_0_0_l_0_0 = 1.18642e-09
Dr_0_0 = 6.30734e-11
Dr_0_0_l_0 = 1.54272e-10
Dr_0_0_l_0_0 = 1.42414e-10
Dr_0_0_l_0_0_0 = 1.50712e-10
Hl_0_0 = 0.000678571
Hl_0_0_l_0 = 0.000321422
Hl_0_0_l_0_0 = 0.000249994
Hr_0_0 = 0.00099999
I = 1
pi2_0_0_0_0 = 6.78624e-07
pi2_0_0_0_0_l_0 = 3.21457e-07
pi2_0_0_0_0_l_0_0 = 2.50017e-07
