DD_0_0 = 3.0137e-08
DD_0_0_l_0 = 1.55888e-08
DD_0_0_l_0_0 = 1.2348e-08
DD_0_0_l_0_0_0 = 8.29704e-09
DD_0_0_l_0_0_0_0 = 7.30007e-09
DD_0_0_l_0_0_0_0_0 = 5.06194e-09
Dr_0_0 = 4.26768e-08
Dr_0_0_l_0 = 3.46587e-08
Dr_0_0_l_0_0 = 2.79721e-08
Dr_0_0_l_0_0_0 = 2.40346e-08
Dr_0_0_l_0_0_0_0 = 2.05173e-08
Dr_0_0_l_0_0_0_0_0 = 1.76739e-08
Dr_0_0_l_0_0_0_0_0_0 = 1.48991e-08
Hl_0_0 = 0.000208224
Hl_0_0_l_0 = 0.000158355
Hl_0_0_l_0_0 = 0.000139397
Hl_0_0_l_0_0_0 = 0.000116358
Hl_0_0_l_0_0_0_0 = 0.000108553
Hl_0_0_l_0_0_0_0_0 = 9.1439e-05
Hr_0_0 = 0.000999777
I = 1
pi2_0_0_0_0 = 2.11692e-07
pi2_0_0_0_0_l_0 = 1.60176e-07
pi2_0_0_0_0_l_0_0 = 1.40529e-07
pi2_0_0_0_0_l_0_0_0 = 1.17208e-07
pi2_0_0_0_0_l_0_0_0_0 = 1.09012e-07
pi2_0_0_0_0_l_0_0_0_0_0 = 9.1815e-08
