DD_0_0 = 3.00358e-08
DD_0_0_l_0 = 1.55486e-08
DD_0_0_l_0_0 = 1.23184e-08
DD_0_0_l_0_0_0 = 8.27959e-09
DD_0_0_l_0_0_0_0 = 7.2855e-09
DD_0_0_l_0_0_0_0_0 = 5.05299e-09
Dr_0_0 = 4.24694e-08
Dr_0_0_l_0 = 3.45044e-08
Dr_0_0_l_0_0 = 2.7857e-08
Dr_0_0_l_0_0_0 = 2.3942e-08
Dr_0_0_l_0_0_0_0 = 2.04404e-08
Dr_0_0_l_0_0_0_0_0 = 1.76126e-08
Dr_0_0_l_0_0_0_0_0_0 = 1.48489e-08
Hl_0_0 = 0.000208224
Hl_0_0_l_0 = 0.000158355
Hl_0_0_l_0_0 = 0.000139398
Hl_0_0_l_0_0_0 = 0.000116358
Hl_0_0_l_0_0_0_0 = 0.000108553
Hl_0_0_l_0_0_0_0_0 = 9.1439e-05
Hr_0_0 = 0.000999778
I = 1
pi2_0_0_0_0 = 2.11681e-07
pi2_0_0_0_0_l_0 = 1.60173e-07
pi2_0_0_0_0_l_0_0 = 1.40528e-07
pi2_0_0_0_0_l_0_0_0 = 1.17208e-07
pi2_0_0_0_0_l_0_0_0_0 = 1.09013e-07
pi2_0_0_0_0_l_0_0_0_0_0 = 9.18156e-08
