DD_0_0 = 2.5605e-08
DD_0_0_l_0 = 1.57196e-08
DD_0_0_l_0_0 = 1.13273e-08
DD_0_0_l_0_0_0 = 8.51028e-09
DD_0_0_l_0_0_0_0 = 6.70622e-09
DD_0_0_l_0_0_0_0_0 = 5.40645e-09
DD_0_0_l_0_0_0_0_0_0 = 4.47184e-09
DD_0_0_l_0_0_0_0_0_0_0 = 3.75365e-09
DD_0_0_l_0_0_0_0_0_0_0_0 = 3.20248e-09
DD_0_0_l_0_0_0_0_0_0_0_0_0 = 2.76169e-09
DD_0_0_l_0_0_0_0_0_0_0_0_0_0 = 2.4084e-09
DD_0_0_l_0_0_0_0_0_0_0_0_0_0_0 = 2.1176e-09
DD_0_0_l_0_0_0_0_0_0_0_0_0_0_0_0 = 1.87745e-09
DD_0_0_l_0_0_0_0_0_0_0_0_0_0_0_0_0 = 1.6752e-09
DD_0_0_l_0_0_0_0_0_0_0_0_0_0_0_0_0_0 = 1.50451e-09
DD_0_0_l_0_0_0_0_0_0_0_0_0_0_0_0_0_0_0 = 1.35811e-09
DD_0_0_l_0_0_0_0_0_0_0_0_0_0_0_0_0_0_0_0 = 1.23237e-09
DD_0_0_l_0_0_0_0_0_0_0_0_0_0_0_0_0_0_0_0_0 = 1.1232e-09
DD_0_0_l_0_0_0_0_0_0_0_0_0_0_0_0_0_0_0_0_0_0 = 1.02705e-09
DD_0_0_l_0_0_0_0_0_0_0_0_0_0_0_0_0_0_0_0_0_0_0 = 9.46888e-10
DD_0_0_l_0_0_0_0_0_0_0_0_0_0_0_0_0_0_0_0_0_0_0_0 = 8.57251e-10
Dr_0_0 = 3.42431e-08
Dr_0_0_l_0 = 3.05949e-08
Dr_0_0_l_0_0 = 2.55916e-08
Dr_0_0_l_0_0_0 = 2.21241e-08
Dr_0_0_l_0_0_0_0 = 1.91227e-08
Dr_0_0_l_0_0_0_0_0 = 1.685e-08
Dr_0_0_l_0_0_0_0_0_0 = 1.48982e-08
Dr_0_0_l_0_0_0_0_0_0_0 = 1.33484e-08
Dr_0_0_l_0_0_0_0_0_0_0_0 = 1.19974e-08
Dr_0_0_l_0_0_0_0_0_0_0_0_0 = 1.089e-08
Dr_0_0_l_0_0_0_0_0_0_0_0_0_0 = 9.91066e-09
Dr_0_0_l_0_0_0_0_0_0_0_0_0_0_0 = 9.08853e-09
Dr_0_0_l_0_0_0_0_0_0_0_0_0_0_0_0 = 8.35244e-09
Dr_0_0_l_0_0_0_0_0_0_0_0_0_0_0_0_0 = 7.72326e-09
Dr_0_0_l_0_0_0_0_0_0_0_0_0_0_0_0_0_0 = 7.15375e-09
Dr_0_0_l_0_0_0_0_0_0_0_0_0_0_0_0_0_0_0 = 6.66021e-09
Dr_0_0_l_0_0_0_0_0_0_0_0_0_0_0_0_0_0_0_0 = 6.2089e-09
Dr_0_0_l_0_0_0_0_0_0_0_0_0_0_0_0_0_0_0_0_0 = 5.81458e-09
Dr_0_0_l_0_0_0_0_0_0_0_0_0_0_0_0_0_0_0_0_0_0 = 5.44663e-09
Dr_0_0_l_0_0_0_0_0_0_0_0_0_0_0_0_0_0_0_0_0_0_0 = 5.13894e-09
Dr_0_0_l_0_0_0_0_0_0_0_0_0_0_0_0_0_0_0_0_0_0_0_0 = 4.78125e-09
Dr_0_0_l_0_0_0_0_0_0_0_0_0_0_0_0_0_0_0_0_0_0_0_0_0 = 4.51444e-09
Hl_0_0 = 0.000199909
Hl_0_0_l_0 = 0.000160018
Hl_0_0_l_0_0 = 0.000135961
Hl_0_0_l_0_0_0 = 0.00011842
Hl_0_0_l_0_0_0_0 = 0.00010524
Hl_0_0_l_0_0_0_0_0 = 9.4752e-05
Hl_0_0_l_0_0_0_0_0_0 = 8.62749e-05
Hl_0_0_l_0_0_0_0_0_0_0 = 7.92034e-05
Hl_0_0_l_0_0_0_0_0_0_0_0 = 7.32507e-05
Hl_0_0_l_0_0_0_0_0_0_0_0_0 = 6.81329e-05
Hl_0_0_l_0_0_0_0_0_0_0_0_0_0 = 6.37081e-05
Hl_0_0_l_0_0_0_0_0_0_0_0_0_0_0 = 5.98222e-05
Hl_0_0_l_0_0_0_0_0_0_0_0_0_0_0_0 = 5.63976e-05
Hl_0_0_l_0_0_0_0_0_0_0_0_0_0_0_0_0 = 5.33421e-05
Hl_0_0_l_0_0_0_0_0_0_0_0_0_0_0_0_0_0 = 5.06098e-05
Hl_0_0_l_0_0_0_0_0_0_0_0_0_0_0_0_0_0_0 = 4.81425e-05
Hl_0_0_l_0_0_0_0_0_0_0_0_0_0_0_0_0_0_0_0 = 4.59085e-05
Hl_0_0_l_0_0_0_0_0_0_0_0_0_0_0_0_0_0_0_0_0 = 4.38789e-05
Hl_0_0_l_0_0_0_0_0_0_0_0_0_0_0_0_0_0_0_0_0_0 = 4.19969e-05
Hl_0_0_l_0_0_0_0_0_0_0_0_0_0_0_0_0_0_0_0_0_0_0 = 4.03756e-05
Hl_0_0_l_0_0_0_0_0_0_0_0_0_0_0_0_0_0_0_0_0_0_0_0 = 3.84542e-05
Hr_0_0 = 0.000999819
I = 1
pi2_0_0_0_0 = 2.03919e-07
pi2_0_0_0_0_l_0 = 1.62331e-07
pi2_0_0_0_0_l_0_0 = 1.37461e-07
pi2_0_0_0_0_l_0_0_0 = 1.19463e-07
pi2_0_0_0_0_l_0_0_0_0 = 1.05988e-07
pi2_0_0_0_0_l_0_0_0_0_0 = 9.53061e-08
pi2_0_0_0_0_l_0_0_0_0_0_0 = 8.66931e-08
pi2_0_0_0_0_l_0_0_0_0_0_0_0 = 7.95256e-08
pi2_0_0_0_0_l_0_0_0_0_0_0_0_0 = 7.34997e-08
pi2_0_0_0_0_l_0_0_0_0_0_0_0_0_0 = 6.83301e-08
pi2_0_0_0_0_l_0_0_0_0_0_0_0_0_0_0 = 6.38623e-08
pi2_0_0_0_0_l_0_0_0_0_0_0_0_0_0_0_0 = 5.99463e-08
pi2_0_0_0_0_l_0_0_0_0_0_0_0_0_0_0_0_0 = 5.64951e-08
pi2_0_0_0_0_l_0_0_0_0_0_0_0_0_0_0_0_0_0 = 5.34211e-08
pi2_0_0_0_0_l_0_0_0_0_0_0_0_0_0_0_0_0_0_0 = 5.06716e-08
pi2_0_0_0_0_l_0_0_0_0_0_0_0_0_0_0_0_0_0_0_0 = 4.81923e-08
pi2_0_0_0_0_l_0_0_0_0_0_0_0_0_0_0_0_0_0_0_0_0 = 4.5947e-08
pi2_0_0_0_0_l_0_0_0_0_0_0_0_0_0_0_0_0_0_0_0_0_0 = 4.39092e-08
pi2_0_0_0_0_l_0_0_0_0_0_0_0_0_0_0_0_0_0_0_0_0_0_0 = 4.20206e-08
pi2_0_0_0_0_l_0_0_0_0_0_0_0_0_0_0_0_0_0_0_0_0_0_0_0 = 4.03907e-08
pi2_0_0_0_0_l_0_0_0_0_0_0_0_0_0_0_0_0_0_0_0_0_0_0_0_0 = 3.84659e-08
