DD_0_0 = 1.14397e-08
DD_0_0_l_0 = 1.57576e-08
DD_0_0_l_0_0 = 8.64448e-09
Dr_0_0 = 1.2128e-08
Dr_0_0_l_0 = 1.55782e-08
Dr_0_0_l_0_0 = 2.07467e-08
Dr_0_0_l_0_0_0 = 1.6014e-08
Hl_0_0 = 0.000173386
Hl_0_0_l_0 = 0.000165322
Hl_0_0_l_0_0 = 0.000124998
Hr_0_0 = 0.000999929
I = 1
pi2_0_0_0_0 = 1.76537e-07
pi2_0_0_0_0_l_0 = 1.69316e-07
pi2_0_0_0_0_l_0_0 = 1.2732e-07
