DD_0_0 = 2.90637e-08
DD_0_0_l_0 = 1.5161e-08
DD_0_0_l_0_0 = 1.20323e-08
DD_0_0_l_0_0_0 = 8.11077e-09
DD_0_0_l_0_0_0_0 = 7.14431e-09
DD_0_0_l_0_0_0_0_0 = 4.96609e-09
Dr_0_0 = 4.04858e-08
Dr_0_0_l_0 = 3.30254e-08
Dr_0_0_l_0_0 = 2.67521e-08
Dr_0_0_l_0_0_0 = 2.30522e-08
Dr_0_0_l_0_0_0_0 = 1.97018e-08
Dr_0_0_l_0_0_0_0_0 = 1.70226e-08
Dr_0_0_l_0_0_0_0_0_0 = 1.43655e-08
Hl_0_0 = 0.000208224
Hl_0_0_l_0 = 0.000158355
Hl_0_0_l_0_0 = 0.000139397
Hl_0_0_l_0_0_0 = 0.000116358
Hl_0_0_l_0_0_0_0 = 0.000108553
Hl_0_0_l_0_0_0_0_0 = 9.1439e-05
Hr_0_0 = 0.000999788
I = 1
pi2_0_0_0_0 = 2.11579e-07
pi2_0_0_0_0_l_0 = 1.60139e-07
pi2_0_0_0_0_l_0_0 = 1.40523e-07
pi2_0_0_0_0_l_0_0_0 = 1.17201e-07
pi2_0_0_0_0_l_0_0_0_0 = 1.09023e-07
pi2_0_0_0_0_l_0_0_0_0_0 = 9.18213e-08
