DD_0_0 = 2.21266e-08
DD_0_0_l_0 = 1.22923e-08
DD_0_0_l_0_0 = 9.88167e-09
DD_0_0_l_0_0_0 = 6.82623e-09
DD_0_0_l_0_0_0_0 = 6.05798e-09
DD_0_0_l_0_0_0_0_0 = 4.2902e-09
Dr_0_0 = 2.68963e-08
Dr_0_0_l_0 = 2.27354e-08
Dr_0_0_l_0_0 = 1.89665e-08
Dr_0_0_l_0_0_0 = 1.6702e-08
Dr_0_0_l_0_0_0_0 = 1.4413e-08
Dr_0_0_l_0_0_0_0_0 = 1.2745e-08
Dr_0_0_l_0_0_0_0_0_0 = 1.08477e-08
Hl_0_0 = 0.000208224
Hl_0_0_l_0 = 0.000158355
Hl_0_0_l_0_0 = 0.000139397
Hl_0_0_l_0_0_0 = 0.000116358
Hl_0_0_l_0_0_0_0 = 0.000108553
Hl_0_0_l_0_0_0_0_0 = 9.1439e-05
Hr_0_0 = 0.000999856
I = 1
pi2_0_0_0_0 = 2.10809e-07
pi2_0_0_0_0_l_0 = 1.59854e-07
pi2_0_0_0_0_l_0_0 = 1.40433e-07
pi2_0_0_0_0_l_0_0_0 = 1.17123e-07
pi2_0_0_0_0_l_0_0_0_0 = 1.09059e-07
pi2_0_0_0_0_l_0_0_0_0_0 = 9.18375e-08
