DD_0_0 = 1.95949e-08
DD_0_0_l_0 = 1.25853e-08
DD_0_0_l_0_0 = 9.24721e-09
DD_0_0_l_0_0_0 = 7.07567e-09
DD_0_0_l_0_0_0_0 = 5.64608e-09
DD_0_0_l_0_0_0_0_0 = 4.60595e-09
DD_0_0_l_0_0_0_0_0_0 = 3.84306e-09
DD_0_0_l_0_0_0_0_0_0_0 = 3.25419e-09
DD_0_0_l_0_0_0_0_0_0_0_0 = 2.79518e-09
DD_0_0_l_0_0_0_0_0_0_0_0_0 = 2.42631e-09
DD_0_0_l_0_0_0_0_0_0_0_0_0_0 = 2.12787e-09
DD_0_0_l_0_0_0_0_0_0_0_0_0_0_0 = 1.88055e-09
DD_0_0_l_0_0_0_0_0_0_0_0_0_0_0_0 = 1.67517e-09
DD_0_0_l_0_0_0_0_0_0_0_0_0_0_0_0_0 = 1.50104e-09
DD_0_0_l_0_0_0_0_0_0_0_0_0_0_0_0_0_0 = 1.35345e-09
DD_0_0_l_0_0_0_0_0_0_0_0_0_0_0_0_0_0_0 = 1.22614e-09
DD_0_0_l_0_0_0_0_0_0_0_0_0_0_0_0_0_0_0_0 = 1.11638e-09
DD_0_0_l_0_0_0_0_0_0_0_0_0_0_0_0_0_0_0_0_0 = 1.02065e-09
DD_0_0_l_0_0_0_0_0_0_0_0_0_0_0_0_0_0_0_0_0_0 = 9.36003e-10
DD_0_0_l_0_0_0_0_0_0_0_0_0_0_0_0_0_0_0_0_0_0_0 = 8.6526e-10
DD_0_0_l_0_0_0_0_0_0_0_0_0_0_0_0_0_0_0_0_0_0_0_0 = 7.85714e-10
Dr_0_0 = 2.27615e-08
Dr_0_0_l_0 = 2.09793e-08
Dr_0_0_l_0_0 = 1.80356e-08
Dr_0_0_l_0_0_0 = 1.58467e-08
Dr_0_0_l_0_0_0_0 = 1.39129e-08
Dr_0_0_l_0_0_0_0_0 = 1.23948e-08
Dr_0_0_l_0_0_0_0_0_0 = 1.10786e-08
Dr_0_0_l_0_0_0_0_0_0_0 = 1.00068e-08
Dr_0_0_l_0_0_0_0_0_0_0_0 = 9.06888e-09
Dr_0_0_l_0_0_0_0_0_0_0_0_0 = 8.28419e-09
Dr_0_0_l_0_0_0_0_0_0_0_0_0_0 = 7.58904e-09
Dr_0_0_l_0_0_0_0_0_0_0_0_0_0_0 = 6.99596e-09
Dr_0_0_l_0_0_0_0_0_0_0_0_0_0_0_0 = 6.46421e-09
Dr_0_0_l_0_0_0_0_0_0_0_0_0_0_0_0_0 = 6.00367e-09
Dr_0_0_l_0_0_0_0_0_0_0_0_0_0_0_0_0_0 = 5.58642e-09
Dr_0_0_l_0_0_0_0_0_0_0_0_0_0_0_0_0_0_0 = 5.2207e-09
Dr_0_0_l_0_0_0_0_0_0_0_0_0_0_0_0_0_0_0_0 = 4.88616e-09
Dr_0_0_l_0_0_0_0_0_0_0_0_0_0_0_0_0_0_0_0_0 = 4.59086e-09
Dr_0_0_l_0_0_0_0_0_0_0_0_0_0_0_0_0_0_0_0_0_0 = 4.31543e-09
Dr_0_0_l_0_0_0_0_0_0_0_0_0_0_0_0_0_0_0_0_0_0_0 = 4.08272e-09
Dr_0_0_l_0_0_0_0_0_0_0_0_0_0_0_0_0_0_0_0_0_0_0_0 = 3.81299e-09
Dr_0_0_l_0_0_0_0_0_0_0_0_0_0_0_0_0_0_0_0_0_0_0_0_0 = 3.60903e-09
Hl_0_0 = 0.000199909
Hl_0_0_l_0 = 0.000160018
Hl_0_0_l_0_0 = 0.000135961
Hl_0_0_l_0_0_0 = 0.00011842
Hl_0_0_l_0_0_0_0 = 0.00010524
Hl_0_0_l_0_0_0_0_0 = 9.4752e-05
Hl_0_0_l_0_0_0_0_0_0 = 8.62749e-05
Hl_0_0_l_0_0_0_0_0_0_0 = 7.92034e-05
Hl_0_0_l_0_0_0_0_0_0_0_0 = 7.32507e-05
Hl_0_0_l_0_0_0_0_0_0_0_0_0 = 6.81329e-05
Hl_0_0_l_0_0_0_0_0_0_0_0_0_0 = 6.37081e-05
Hl_0_0_l_0_0_0_0_0_0_0_0_0_0_0 = 5.98222e-05
Hl_0_0_l_0_0_0_0_0_0_0_0_0_0_0_0 = 5.63976e-05
Hl_0_0_l_0_0_0_0_0_0_0_0_0_0_0_0_0 = 5.33421e-05
Hl_0_0_l_0_0_0_0_0_0_0_0_0_0_0_0_0_0 = 5.06098e-05
Hl_0_0_l_0_0_0_0_0_0_0_0_0_0_0_0_0_0_0 = 4.81425e-05
Hl_0_0_l_0_0_0_0_0_0_0_0_0_0_0_0_0_0_0_0 = 4.59085e-05
Hl_0_0_l_0_0_0_0_0_0_0_0_0_0_0_0_0_0_0_0_0 = 4.38789e-05
Hl_0_0_l_0_0_0_0_0_0_0_0_0_0_0_0_0_0_0_0_0_0 = 4.19969e-05
Hl_0_0_l_0_0_0_0_0_0_0_0_0_0_0_0_0_0_0_0_0_0_0 = 4.03756e-05
Hl_0_0_l_0_0_0_0_0_0_0_0_0_0_0_0_0_0_0_0_0_0_0_0 = 3.84542e-05
Hr_0_0 = 0.000999876
I = 1
pi2_0_0_0_0 = 2.02843e-07
pi2_0_0_0_0_l_0 = 1.61831e-07
pi2_0_0_0_0_l_0_0 = 1.37187e-07
pi2_0_0_0_0_l_0_0_0 = 1.19304e-07
pi2_0_0_0_0_l_0_0_0_0 = 1.05895e-07
pi2_0_0_0_0_l_0_0_0_0_0 = 9.5255e-08
pi2_0_0_0_0_l_0_0_0_0_0_0 = 8.66649e-08
pi2_0_0_0_0_l_0_0_0_0_0_0_0 = 7.95149e-08
pi2_0_0_0_0_l_0_0_0_0_0_0_0_0 = 7.34999e-08
pi2_0_0_0_0_l_0_0_0_0_0_0_0_0_0 = 6.83365e-08
pi2_0_0_0_0_l_0_0_0_0_0_0_0_0_0_0 = 6.38748e-08
pi2_0_0_0_0_l_0_0_0_0_0_0_0_0_0_0_0 = 5.99606e-08
pi2_0_0_0_0_l_0_0_0_0_0_0_0_0_0_0_0_0 = 5.65126e-08
pi2_0_0_0_0_l_0_0_0_0_0_0_0_0_0_0_0_0_0 = 5.34388e-08
pi2_0_0_0_0_l_0_0_0_0_0_0_0_0_0_0_0_0_0_0 = 5.06909e-08
pi2_0_0_0_0_l_0_0_0_0_0_0_0_0_0_0_0_0_0_0_0 = 4.82112e-08
pi2_0_0_0_0_l_0_0_0_0_0_0_0_0_0_0_0_0_0_0_0_0 = 4.59667e-08
pi2_0_0_0_0_l_0_0_0_0_0_0_0_0_0_0_0_0_0_0_0_0_0 = 4.39282e-08
pi2_0_0_0_0_l_0_0_0_0_0_0_0_0_0_0_0_0_0_0_0_0_0_0 = 4.20396e-08
pi2_0_0_0_0_l_0_0_0_0_0_0_0_0_0_0_0_0_0_0_0_0_0_0_0 = 4.04097e-08
pi2_0_0_0_0_l_0_0_0_0_0_0_0_0_0_0_0_0_0_0_0_0_0_0_0_0 = 3.8484e-08
