DD_0_0 = 9.47563e-10
DD_0_0_l_0 = 7.47636e-10
DD_0_0_l_0_0 = 6.25646e-10
DD_0_0_l_0_0_0 = 5.3815e-10
DD_0_0_l_0_0_0_0 = 4.71326e-10
DD_0_0_l_0_0_0_0_0 = 4.19738e-10
DD_0_0_l_0_0_0_0_0_0 = 3.76388e-10
DD_0_0_l_0_0_0_0_0_0_0 = 3.42856e-10
DD_0_0_l_0_0_0_0_0_0_0_0 = 3.10883e-10
DD_0_0_l_0_0_0_0_0_0_0_0_0 = 2.90101e-10
DD_0_0_l_0_0_0_0_0_0_0_0_0_0 = 2.59697e-10
Dr_0_0 = 8.69819e-11
Dr_0_0_l_0 = 1.015e-10
Dr_0_0_l_0_0 = 1.08269e-10
Dr_0_0_l_0_0_0 = 1.12142e-10
Dr_0_0_l_0_0_0_0 = 1.14101e-10
Dr_0_0_l_0_0_0_0_0 = 1.14926e-10
Dr_0_0_l_0_0_0_0_0_0 = 1.15074e-10
Dr_0_0_l_0_0_0_0_0_0_0 = 1.14539e-10
Dr_0_0_l_0_0_0_0_0_0_0_0 = 1.14015e-10
Dr_0_0_l_0_0_0_0_0_0_0_0_0 = 1.12382e-10
Dr_0_0_l_0_0_0_0_0_0_0_0_0_0 = 1.13239e-10
Dr_0_0_l_0_0_0_0_0_0_0_0_0_0_0 = 1.09624e-10
Hl_0_0 = 0.000199689
Hl_0_0_l_0 = 0.000160062
Hl_0_0_l_0_0 = 0.00013587
Hl_0_0_l_0_0_0 = 0.000118475
Hl_0_0_l_0_0_0_0 = 0.000105152
Hl_0_0_l_0_0_0_0_0 = 9.48399e-05
Hl_0_0_l_0_0_0_0_0_0 = 8.6138e-05
Hl_0_0_l_0_0_0_0_0_0_0 = 7.93951e-05
Hl_0_0_l_0_0_0_0_0_0_0_0 = 7.29193e-05
Hl_0_0_l_0_0_0_0_0_0_0_0_0 = 6.87295e-05
Hl_0_0_l_0_0_0_0_0_0_0_0_0_0 = 6.24942e-05
Hr_0_0 = 0.00099999
I = 1
pi2_0_0_0_0 = 1.99705e-07
pi2_0_0_0_0_l_0 = 1.60076e-07
pi2_0_0_0_0_l_0_0 = 1.35882e-07
pi2_0_0_0_0_l_0_0_0 = 1.18485e-07
pi2_0_0_0_0_l_0_0_0_0 = 1.05162e-07
pi2_0_0_0_0_l_0_0_0_0_0 = 9.48481e-08
pi2_0_0_0_0_l_0_0_0_0_0_0 = 8.61452e-08
pi2_0_0_0_0_l_0_0_0_0_0_0_0 = 7.94018e-08
pi2_0_0_0_0_l_0_0_0_0_0_0_0_0 = 7.29252e-08
pi2_0_0_0_0_l_0_0_0_0_0_0_0_0_0 = 6.87351e-08
pi2_0_0_0_0_l_0_0_0_0_0_0_0_0_0_0 = 6.2499e-08
