DD_0_0 = 9.48661e-10
DD_0_0_l_0 = 7.47405e-10
DD_0_0_l_0_0 = 6.26104e-10
DD_0_0_l_0_0_0 = 5.37867e-10
DD_0_0_l_0_0_0_0 = 4.71763e-10
DD_0_0_l_0_0_0_0_0 = 4.19303e-10
DD_0_0_l_0_0_0_0_0_0 = 3.77053e-10
DD_0_0_l_0_0_0_0_0_0_0 = 3.41929e-10
DD_0_0_l_0_0_0_0_0_0_0_0 = 3.12472e-10
DD_0_0_l_0_0_0_0_0_0_0_0_0 = 2.87245e-10
DD_0_0_l_0_0_0_0_0_0_0_0_0_0 = 2.65518e-10
DD_0_0_l_0_0_0_0_0_0_0_0_0_0_0 = 2.46518e-10
DD_0_0_l_0_0_0_0_0_0_0_0_0_0_0_0 = 2.2984e-10
DD_0_0_l_0_0_0_0_0_0_0_0_0_0_0_0_0 = 2.15025e-10
DD_0_0_l_0_0_0_0_0_0_0_0_0_0_0_0_0_0 = 2.01833e-10
DD_0_0_l_0_0_0_0_0_0_0_0_0_0_0_0_0_0_0 = 1.89973e-10
DD_0_0_l_0_0_0_0_0_0_0_0_0_0_0_0_0_0_0_0 = 1.79282e-10
DD_0_0_l_0_0_0_0_0_0_0_0_0_0_0_0_0_0_0_0_0 = 1.69611e-10
DD_0_0_l_0_0_0_0_0_0_0_0_0_0_0_0_0_0_0_0_0_0 = 1.60688e-10
DD_0_0_l_0_0_0_0_0_0_0_0_0_0_0_0_0_0_0_0_0_0_0 = 1.53023e-10
DD_0_0_l_0_0_0_0_0_0_0_0_0_0_0_0_0_0_0_0_0_0_0_0 = 1.44022e-10
Dr_0_0 = 8.70877e-11
Dr_0_0_l_0 = 1.0152e-10
Dr_0_0_l_0_0 = 1.08293e-10
Dr_0_0_l_0_0_0 = 1.12169e-10
Dr_0_0_l_0_0_0_0 = 1.14099e-10
Dr_0_0_l_0_0_0_0_0 = 1.14967e-10
Dr_0_0_l_0_0_0_0_0_0 = 1.15038e-10
Dr_0_0_l_0_0_0_0_0_0_0 = 1.14634e-10
Dr_0_0_l_0_0_0_0_0_0_0_0 = 1.13848e-10
Dr_0_0_l_0_0_0_0_0_0_0_0_0 = 1.12844e-10
Dr_0_0_l_0_0_0_0_0_0_0_0_0_0 = 1.11639e-10
Dr_0_0_l_0_0_0_0_0_0_0_0_0_0_0 = 1.10337e-10
Dr_0_0_l_0_0_0_0_0_0_0_0_0_0_0_0 = 1.08931e-10
Dr_0_0_l_0_0_0_0_0_0_0_0_0_0_0_0_0 = 1.07488e-10
Dr_0_0_l_0_0_0_0_0_0_0_0_0_0_0_0_0_0 = 1.05996e-10
Dr_0_0_l_0_0_0_0_0_0_0_0_0_0_0_0_0_0_0 = 1.04498e-10
Dr_0_0_l_0_0_0_0_0_0_0_0_0_0_0_0_0_0_0_0 = 1.02983e-10
Dr_0_0_l_0_0_0_0_0_0_0_0_0_0_0_0_0_0_0_0_0 = 1.01478e-10
Dr_0_0_l_0_0_0_0_0_0_0_0_0_0_0_0_0_0_0_0_0_0 = 9.99829e-11
Dr_0_0_l_0_0_0_0_0_0_0_0_0_0_0_0_0_0_0_0_0_0_0 = 9.84757e-11
Dr_0_0_l_0_0_0_0_0_0_0_0_0_0_0_0_0_0_0_0_0_0_0_0 = 9.70873e-11
Dr_0_0_l_0_0_0_0_0_0_0_0_0_0_0_0_0_0_0_0_0_0_0_0_0 = 9.52542e-11
Hl_0_0 = 0.000199909
Hl_0_0_l_0 = 0.000160018
Hl_0_0_l_0_0 = 0.000135961
Hl_0_0_l_0_0_0 = 0.00011842
Hl_0_0_l_0_0_0_0 = 0.00010524
Hl_0_0_l_0_0_0_0_0 = 9.4752e-05
Hl_0_0_l_0_0_0_0_0_0 = 8.62749e-05
Hl_0_0_l_0_0_0_0_0_0_0 = 7.92034e-05
Hl_0_0_l_0_0_0_0_0_0_0_0 = 7.32507e-05
Hl_0_0_l_0_0_0_0_0_0_0_0_0 = 6.81329e-05
Hl_0_0_l_0_0_0_0_0_0_0_0_0_0 = 6.37081e-05
Hl_0_0_l_0_0_0_0_0_0_0_0_0_0_0 = 5.98222e-05
Hl_0_0_l_0_0_0_0_0_0_0_0_0_0_0_0 = 5.63976e-05
Hl_0_0_l_0_0_0_0_0_0_0_0_0_0_0_0_0 = 5.33421e-05
Hl_0_0_l_0_0_0_0_0_0_0_0_0_0_0_0_0_0 = 5.06098e-05
Hl_0_0_l_0_0_0_0_0_0_0_0_0_0_0_0_0_0_0 = 4.81425e-05
Hl_0_0_l_0_0_0_0_0_0_0_0_0_0_0_0_0_0_0_0 = 4.59085e-05
Hl_0_0_l_0_0_0_0_0_0_0_0_0_0_0_0_0_0_0_0_0 = 4.38789e-05
Hl_0_0_l_0_0_0_0_0_0_0_0_0_0_0_0_0_0_0_0_0_0 = 4.19969e-05
Hl_0_0_l_0_0_0_0_0_0_0_0_0_0_0_0_0_0_0_0_0_0_0 = 4.03756e-05
Hl_0_0_l_0_0_0_0_0_0_0_0_0_0_0_0_0_0_0_0_0_0_0_0 = 3.84542e-05
Hr_0_0 = 0.00099999
I = 1
pi2_0_0_0_0 = 1.99926e-07
pi2_0_0_0_0_l_0 = 1.60032e-07
pi2_0_0_0_0_l_0_0 = 1.35973e-07
pi2_0_0_0_0_l_0_0_0 = 1.1843e-07
pi2_0_0_0_0_l_0_0_0_0 = 1.0525e-07
pi2_0_0_0_0_l_0_0_0_0_0 = 9.47602e-08
pi2_0_0_0_0_l_0_0_0_0_0_0 = 8.62822e-08
pi2_0_0_0_0_l_0_0_0_0_0_0_0 = 7.921e-08
pi2_0_0_0_0_l_0_0_0_0_0_0_0_0 = 7.32566e-08
pi2_0_0_0_0_l_0_0_0_0_0_0_0_0_0 = 6.81383e-08
pi2_0_0_0_0_l_0_0_0_0_0_0_0_0_0_0 = 6.3713e-08
pi2_0_0_0_0_l_0_0_0_0_0_0_0_0_0_0_0 = 5.98268e-08
pi2_0_0_0_0_l_0_0_0_0_0_0_0_0_0_0_0_0 = 5.64018e-08
pi2_0_0_0_0_l_0_0_0_0_0_0_0_0_0_0_0_0_0 = 5.3346e-08
pi2_0_0_0_0_l_0_0_0_0_0_0_0_0_0_0_0_0_0_0 = 5.06133e-08
pi2_0_0_0_0_l_0_0_0_0_0_0_0_0_0_0_0_0_0_0_0 = 4.81458e-08
pi2_0_0_0_0_l_0_0_0_0_0_0_0_0_0_0_0_0_0_0_0_0 = 4.59115e-08
pi2_0_0_0_0_l_0_0_0_0_0_0_0_0_0_0_0_0_0_0_0_0_0 = 4.38817e-08
pi2_0_0_0_0_l_0_0_0_0_0_0_0_0_0_0_0_0_0_0_0_0_0_0 = 4.19995e-08
pi2_0_0_0_0_l_0_0_0_0_0_0_0_0_0_0_0_0_0_0_0_0_0_0_0 = 4.03781e-08
pi2_0_0_0_0_l_0_0_0_0_0_0_0_0_0_0_0_0_0_0_0_0_0_0_0_0 = 3.84566e-08
