DD_0_0 = 1.03156e-08
DD_0_0_l_0 = 4.63678e-09
DD_0_0_l_0_0 = 4.75764e-09
DD_0_0_l_0_0_0 = 3.16704e-09
DD_0_0_l_0_0_0_0 = 3.16813e-09
DD_0_0_l_0_0_0_0_0 = 2.31916e-09
Dr_0_0 = 2.28201e-08
Dr_0_0_l_0 = 1.37826e-08
Dr_0_0_l_0_0 = 1.19444e-08
Dr_0_0_l_0_0_0 = 9.86593e-09
Dr_0_0_l_0_0_0_0 = 8.90153e-09
Dr_0_0_l_0_0_0_0_0 = 7.72255e-09
Dr_0_0_l_0_0_0_0_0_0 = 6.67473e-09
Hl_0_0 = 0.000112258
Hl_0_0_l_0 = 8.87741e-05
Hl_0_0_l_0_0 = 8.63306e-05
Hl_0_0_l_0_0_0 = 7.40996e-05
Hl_0_0_l_0_0_0_0 = 7.28098e-05
Hl_0_0_l_0_0_0_0_0 = 6.35922e-05
Hr_0_0 = 0.000999762
I = 1
pi2_0_0_0_0 = 1.09915e-07
pi2_0_0_0_0_l_0 = 8.7877e-08
pi2_0_0_0_0_l_0_0 = 8.55532e-08
pi2_0_0_0_0_l_0_0_0 = 7.37105e-08
pi2_0_0_0_0_l_0_0_0_0 = 7.2356e-08
pi2_0_0_0_0_l_0_0_0_0_0 = 6.33399e-08
