DD_0_0 = 5.65275e-09
DD_0_0_l_0 = 4.54279e-09
DD_0_0_l_0_0 = 3.74779e-09
DD_0_0_l_0_0_0 = 3.15913e-09
DD_0_0_l_0_0_0_0 = 2.70156e-09
DD_0_0_l_0_0_0_0_0 = 2.34186e-09
DD_0_0_l_0_0_0_0_0_0 = 2.04978e-09
DD_0_0_l_0_0_0_0_0_0_0 = 1.81152e-09
DD_0_0_l_0_0_0_0_0_0_0_0 = 1.61219e-09
DD_0_0_l_0_0_0_0_0_0_0_0_0 = 1.44558e-09
DD_0_0_l_0_0_0_0_0_0_0_0_0_0 = 1.30277e-09
DD_0_0_l_0_0_0_0_0_0_0_0_0_0_0 = 1.18153e-09
DD_0_0_l_0_0_0_0_0_0_0_0_0_0_0_0 = 1.07533e-09
DD_0_0_l_0_0_0_0_0_0_0_0_0_0_0_0_0 = 9.84409e-10
DD_0_0_l_0_0_0_0_0_0_0_0_0_0_0_0_0_0 = 9.02886e-10
DD_0_0_l_0_0_0_0_0_0_0_0_0_0_0_0_0_0_0 = 8.33377e-10
DD_0_0_l_0_0_0_0_0_0_0_0_0_0_0_0_0_0_0_0 = 7.68526e-10
DD_0_0_l_0_0_0_0_0_0_0_0_0_0_0_0_0_0_0_0_0 = 7.15697e-10
DD_0_0_l_0_0_0_0_0_0_0_0_0_0_0_0_0_0_0_0_0_0 = 6.60392e-10
DD_0_0_l_0_0_0_0_0_0_0_0_0_0_0_0_0_0_0_0_0_0_0 = 6.24945e-10
DD_0_0_l_0_0_0_0_0_0_0_0_0_0_0_0_0_0_0_0_0_0_0_0 = 5.66101e-10
Dr_0_0 = 9.18709e-09
Dr_0_0_l_0 = 8.45738e-09
Dr_0_0_l_0_0 = 7.75104e-09
Dr_0_0_l_0_0_0 = 7.11342e-09
Dr_0_0_l_0_0_0_0 = 6.54859e-09
Dr_0_0_l_0_0_0_0_0 = 6.04546e-09
Dr_0_0_l_0_0_0_0_0_0 = 5.60165e-09
Dr_0_0_l_0_0_0_0_0_0_0 = 5.20444e-09
Dr_0_0_l_0_0_0_0_0_0_0_0 = 4.85193e-09
Dr_0_0_l_0_0_0_0_0_0_0_0_0 = 4.5341e-09
Dr_0_0_l_0_0_0_0_0_0_0_0_0_0 = 4.24981e-09
Dr_0_0_l_0_0_0_0_0_0_0_0_0_0_0 = 3.99168e-09
Dr_0_0_l_0_0_0_0_0_0_0_0_0_0_0_0 = 3.75887e-09
Dr_0_0_l_0_0_0_0_0_0_0_0_0_0_0_0_0 = 3.54642e-09
Dr_0_0_l_0_0_0_0_0_0_0_0_0_0_0_0_0_0 = 3.35274e-09
Dr_0_0_l_0_0_0_0_0_0_0_0_0_0_0_0_0_0_0 = 3.17641e-09
Dr_0_0_l_0_0_0_0_0_0_0_0_0_0_0_0_0_0_0_0 = 3.01178e-09
Dr_0_0_l_0_0_0_0_0_0_0_0_0_0_0_0_0_0_0_0_0 = 2.86683e-09
Dr_0_0_l_0_0_0_0_0_0_0_0_0_0_0_0_0_0_0_0_0_0 = 2.71906e-09
Dr_0_0_l_0_0_0_0_0_0_0_0_0_0_0_0_0_0_0_0_0_0_0 = 2.61218e-09
Dr_0_0_l_0_0_0_0_0_0_0_0_0_0_0_0_0_0_0_0_0_0_0_0 = 2.44926e-09
Dr_0_0_l_0_0_0_0_0_0_0_0_0_0_0_0_0_0_0_0_0_0_0_0_0 = 2.33621e-09
Hl_0_0 = 9.99876e-05
Hl_0_0_l_0 = 9.00011e-05
Hl_0_0_l_0_0 = 8.19951e-05
Hl_0_0_l_0_0_0 = 7.54003e-05
Hl_0_0_l_0_0_0_0 = 6.98355e-05
Hl_0_0_l_0_0_0_0_0 = 6.50795e-05
Hl_0_0_l_0_0_0_0_0_0 = 6.09469e-05
Hl_0_0_l_0_0_0_0_0_0_0 = 5.73326e-05
Hl_0_0_l_0_0_0_0_0_0_0_0 = 5.4127e-05
Hl_0_0_l_0_0_0_0_0_0_0_0_0 = 5.12792e-05
Hl_0_0_l_0_0_0_0_0_0_0_0_0_0 = 4.87122e-05
Hl_0_0_l_0_0_0_0_0_0_0_0_0_0_0 = 4.64081e-05
Hl_0_0_l_0_0_0_0_0_0_0_0_0_0_0_0 = 4.42998e-05
Hl_0_0_l_0_0_0_0_0_0_0_0_0_0_0_0_0 = 4.23997e-05
Hl_0_0_l_0_0_0_0_0_0_0_0_0_0_0_0_0_0 = 4.0628e-05
Hl_0_0_l_0_0_0_0_0_0_0_0_0_0_0_0_0_0_0 = 3.90454e-05
Hl_0_0_l_0_0_0_0_0_0_0_0_0_0_0_0_0_0_0_0 = 3.75129e-05
Hl_0_0_l_0_0_0_0_0_0_0_0_0_0_0_0_0_0_0_0_0 = 3.62133e-05
Hl_0_0_l_0_0_0_0_0_0_0_0_0_0_0_0_0_0_0_0_0_0 = 3.47995e-05
Hl_0_0_l_0_0_0_0_0_0_0_0_0_0_0_0_0_0_0_0_0_0_0 = 3.38643e-05
Hl_0_0_l_0_0_0_0_0_0_0_0_0_0_0_0_0_0_0_0_0_0_0_0 = 3.22524e-05
Hr_0_0 = 0.000999898
I = 1
pi2_0_0_0_0 = 1.00483e-07
pi2_0_0_0_0_l_0 = 9.03775e-08
pi2_0_0_0_0_l_0_0 = 8.22969e-08
pi2_0_0_0_0_l_0_0_0 = 7.56401e-08
pi2_0_0_0_0_l_0_0_0_0 = 7.00344e-08
pi2_0_0_0_0_l_0_0_0_0_0 = 6.52412e-08
pi2_0_0_0_0_l_0_0_0_0_0_0 = 6.10846e-08
pi2_0_0_0_0_l_0_0_0_0_0_0_0 = 5.74461e-08
pi2_0_0_0_0_l_0_0_0_0_0_0_0_0 = 5.42256e-08
pi2_0_0_0_0_l_0_0_0_0_0_0_0_0_0 = 5.13612e-08
pi2_0_0_0_0_l_0_0_0_0_0_0_0_0_0_0 = 4.87845e-08
pi2_0_0_0_0_l_0_0_0_0_0_0_0_0_0_0_0 = 4.64687e-08
pi2_0_0_0_0_l_0_0_0_0_0_0_0_0_0_0_0_0 = 4.43538e-08
pi2_0_0_0_0_l_0_0_0_0_0_0_0_0_0_0_0_0_0 = 4.24452e-08
pi2_0_0_0_0_l_0_0_0_0_0_0_0_0_0_0_0_0_0_0 = 4.0669e-08
pi2_0_0_0_0_l_0_0_0_0_0_0_0_0_0_0_0_0_0_0_0 = 3.90798e-08
pi2_0_0_0_0_l_0_0_0_0_0_0_0_0_0_0_0_0_0_0_0_0 = 3.75447e-08
pi2_0_0_0_0_l_0_0_0_0_0_0_0_0_0_0_0_0_0_0_0_0_0 = 3.62393e-08
pi2_0_0_0_0_l_0_0_0_0_0_0_0_0_0_0_0_0_0_0_0_0_0_0 = 3.48247e-08
pi2_0_0_0_0_l_0_0_0_0_0_0_0_0_0_0_0_0_0_0_0_0_0_0_0 = 3.38834e-08
pi2_0_0_0_0_l_0_0_0_0_0_0_0_0_0_0_0_0_0_0_0_0_0_0_0_0 = 3.22703e-08
