DD_0_0 = 4.11863e-09
DD_0_0_l_0 = 4.55777e-09
DD_0_0_l_0_0 = 3.41924e-09
DD_0_0_l_0_0_0 = 3.18373e-09
DD_0_0_l_0_0_0_0 = 2.54788e-09
DD_0_0_l_0_0_0_0_0 = 2.37009e-09
DD_0_0_l_0_0_0_0_0_0 = 1.95243e-09
DD_0_0_l_0_0_0_0_0_0_0 = 1.84368e-09
DD_0_0_l_0_0_0_0_0_0_0_0 = 1.53644e-09
DD_0_0_l_0_0_0_0_0_0_0_0_0 = 1.48462e-09
DD_0_0_l_0_0_0_0_0_0_0_0_0_0 = 1.23134e-09
Dr_0_0 = 4.85165e-09
Dr_0_0_l_0 = 6.73321e-09
Dr_0_0_l_0_0 = 6.50294e-09
Dr_0_0_l_0_0_0 = 6.21754e-09
Dr_0_0_l_0_0_0_0 = 5.88839e-09
Dr_0_0_l_0_0_0_0_0 = 5.48557e-09
Dr_0_0_l_0_0_0_0_0_0 = 5.172e-09
Dr_0_0_l_0_0_0_0_0_0_0 = 4.82848e-09
Dr_0_0_l_0_0_0_0_0_0_0_0 = 4.52856e-09
Dr_0_0_l_0_0_0_0_0_0_0_0_0 = 4.28759e-09
Dr_0_0_l_0_0_0_0_0_0_0_0_0_0 = 3.9597e-09
Dr_0_0_l_0_0_0_0_0_0_0_0_0_0_0 = 3.66924e-09
Hl_0_0 = 9.63273e-05
Hl_0_0_l_0 = 9.03672e-05
Hl_0_0_l_0_0 = 8.07018e-05
Hl_0_0_l_0_0_0 = 7.57883e-05
Hl_0_0_l_0_0_0_0 = 6.89482e-05
Hl_0_0_l_0_0_0_0_0 = 6.55232e-05
Hl_0_0_l_0_0_0_0_0_0 = 6.01577e-05
Hl_0_0_l_0_0_0_0_0_0_0 = 5.7885e-05
Hl_0_0_l_0_0_0_0_0_0_0_0 = 5.32782e-05
Hl_0_0_l_0_0_0_0_0_0_0_0_0 = 5.20432e-05
Hl_0_0_l_0_0_0_0_0_0_0_0_0_0 = 4.76151e-05
Hr_0_0 = 0.000999941
I = 1
pi2_0_0_0_0 = 9.75967e-08
pi2_0_0_0_0_l_0 = 9.11924e-08
pi2_0_0_0_0_l_0_0 = 8.13027e-08
pi2_0_0_0_0_l_0_0_0 = 7.62587e-08
pi2_0_0_0_0_l_0_0_0_0 = 6.93233e-08
pi2_0_0_0_0_l_0_0_0_0_0 = 6.58287e-08
pi2_0_0_0_0_l_0_0_0_0_0_0 = 6.04155e-08
pi2_0_0_0_0_l_0_0_0_0_0_0_0 = 5.80974e-08
pi2_0_0_0_0_l_0_0_0_0_0_0_0_0 = 5.34656e-08
pi2_0_0_0_0_l_0_0_0_0_0_0_0_0_0 = 5.21975e-08
pi2_0_0_0_0_l_0_0_0_0_0_0_0_0_0_0 = 4.77462e-08
