DD_0_0 = 5.05851e-09
DD_0_0_l_0 = 4.11074e-09
DD_0_0_l_0_0 = 3.40737e-09
DD_0_0_l_0_0_0 = 2.89227e-09
DD_0_0_l_0_0_0_0 = 2.48064e-09
DD_0_0_l_0_0_0_0_0 = 2.1626e-09
DD_0_0_l_0_0_0_0_0_0 = 1.89619e-09
DD_0_0_l_0_0_0_0_0_0_0 = 1.68407e-09
DD_0_0_l_0_0_0_0_0_0_0_0 = 1.50049e-09
DD_0_0_l_0_0_0_0_0_0_0_0_0 = 1.35098e-09
DD_0_0_l_0_0_0_0_0_0_0_0_0_0 = 1.21881e-09
DD_0_0_l_0_0_0_0_0_0_0_0_0_0_0 = 1.109e-09
DD_0_0_l_0_0_0_0_0_0_0_0_0_0_0_0 = 1.01048e-09
DD_0_0_l_0_0_0_0_0_0_0_0_0_0_0_0_0 = 9.27425e-10
DD_0_0_l_0_0_0_0_0_0_0_0_0_0_0_0_0_0 = 8.5164e-10
DD_0_0_l_0_0_0_0_0_0_0_0_0_0_0_0_0_0_0 = 7.87709e-10
DD_0_0_l_0_0_0_0_0_0_0_0_0_0_0_0_0_0_0_0 = 7.27274e-10
DD_0_0_l_0_0_0_0_0_0_0_0_0_0_0_0_0_0_0_0_0 = 6.78439e-10
DD_0_0_l_0_0_0_0_0_0_0_0_0_0_0_0_0_0_0_0_0_0 = 6.26758e-10
DD_0_0_l_0_0_0_0_0_0_0_0_0_0_0_0_0_0_0_0_0_0_0 = 5.93881e-10
DD_0_0_l_0_0_0_0_0_0_0_0_0_0_0_0_0_0_0_0_0_0_0_0 = 5.38819e-10
Dr_0_0 = 7.5992e-09
Dr_0_0_l_0 = 7.07723e-09
Dr_0_0_l_0_0 = 6.53183e-09
Dr_0_0_l_0_0_0 = 6.03056e-09
Dr_0_0_l_0_0_0_0 = 5.58158e-09
Dr_0_0_l_0_0_0_0_0 = 5.17379e-09
Dr_0_0_l_0_0_0_0_0_0 = 4.81523e-09
Dr_0_0_l_0_0_0_0_0_0_0 = 4.48702e-09
Dr_0_0_l_0_0_0_0_0_0_0_0 = 4.19907e-09
Dr_0_0_l_0_0_0_0_0_0_0_0_0 = 3.93282e-09
Dr_0_0_l_0_0_0_0_0_0_0_0_0_0 = 3.69854e-09
Dr_0_0_l_0_0_0_0_0_0_0_0_0_0_0 = 3.4801e-09
Dr_0_0_l_0_0_0_0_0_0_0_0_0_0_0_0 = 3.28673e-09
Dr_0_0_l_0_0_0_0_0_0_0_0_0_0_0_0_0 = 3.10558e-09
Dr_0_0_l_0_0_0_0_0_0_0_0_0_0_0_0_0_0 = 2.94358e-09
Dr_0_0_l_0_0_0_0_0_0_0_0_0_0_0_0_0_0_0 = 2.79231e-09
Dr_0_0_l_0_0_0_0_0_0_0_0_0_0_0_0_0_0_0_0 = 2.65375e-09
Dr_0_0_l_0_0_0_0_0_0_0_0_0_0_0_0_0_0_0_0_0 = 2.52868e-09
Dr_0_0_l_0_0_0_0_0_0_0_0_0_0_0_0_0_0_0_0_0_0 = 2.40366e-09
Dr_0_0_l_0_0_0_0_0_0_0_0_0_0_0_0_0_0_0_0_0_0_0 = 2.31077e-09
Dr_0_0_l_0_0_0_0_0_0_0_0_0_0_0_0_0_0_0_0_0_0_0_0 = 2.17199e-09
Dr_0_0_l_0_0_0_0_0_0_0_0_0_0_0_0_0_0_0_0_0_0_0_0_0 = 2.07379e-09
Hl_0_0 = 9.99876e-05
Hl_0_0_l_0 = 9.00011e-05
Hl_0_0_l_0_0 = 8.19951e-05
Hl_0_0_l_0_0_0 = 7.54003e-05
Hl_0_0_l_0_0_0_0 = 6.98355e-05
Hl_0_0_l_0_0_0_0_0 = 6.50795e-05
Hl_0_0_l_0_0_0_0_0_0 = 6.09469e-05
Hl_0_0_l_0_0_0_0_0_0_0 = 5.73326e-05
Hl_0_0_l_0_0_0_0_0_0_0_0 = 5.4127e-05
Hl_0_0_l_0_0_0_0_0_0_0_0_0 = 5.12792e-05
Hl_0_0_l_0_0_0_0_0_0_0_0_0_0 = 4.87122e-05
Hl_0_0_l_0_0_0_0_0_0_0_0_0_0_0 = 4.64081e-05
Hl_0_0_l_0_0_0_0_0_0_0_0_0_0_0_0 = 4.42998e-05
Hl_0_0_l_0_0_0_0_0_0_0_0_0_0_0_0_0 = 4.23997e-05
Hl_0_0_l_0_0_0_0_0_0_0_0_0_0_0_0_0_0 = 4.0628e-05
Hl_0_0_l_0_0_0_0_0_0_0_0_0_0_0_0_0_0_0 = 3.90454e-05
Hl_0_0_l_0_0_0_0_0_0_0_0_0_0_0_0_0_0_0_0 = 3.75129e-05
Hl_0_0_l_0_0_0_0_0_0_0_0_0_0_0_0_0_0_0_0_0 = 3.62133e-05
Hl_0_0_l_0_0_0_0_0_0_0_0_0_0_0_0_0_0_0_0_0_0 = 3.47995e-05
Hl_0_0_l_0_0_0_0_0_0_0_0_0_0_0_0_0_0_0_0_0_0_0 = 3.38643e-05
Hl_0_0_l_0_0_0_0_0_0_0_0_0_0_0_0_0_0_0_0_0_0_0_0 = 3.22524e-05
Hr_0_0 = 0.000999914
I = 1
pi2_0_0_0_0 = 1.00424e-07
pi2_0_0_0_0_l_0 = 9.03449e-08
pi2_0_0_0_0_l_0_0 = 8.22678e-08
pi2_0_0_0_0_l_0_0_0 = 7.5624e-08
pi2_0_0_0_0_l_0_0_0_0 = 7.00185e-08
pi2_0_0_0_0_l_0_0_0_0_0 = 6.52336e-08
pi2_0_0_0_0_l_0_0_0_0_0_0 = 6.10755e-08
pi2_0_0_0_0_l_0_0_0_0_0_0_0 = 5.7443e-08
pi2_0_0_0_0_l_0_0_0_0_0_0_0_0 = 5.42205e-08
pi2_0_0_0_0_l_0_0_0_0_0_0_0_0_0 = 5.13606e-08
pi2_0_0_0_0_l_0_0_0_0_0_0_0_0_0_0 = 4.8782e-08
pi2_0_0_0_0_l_0_0_0_0_0_0_0_0_0_0_0 = 4.64694e-08
pi2_0_0_0_0_l_0_0_0_0_0_0_0_0_0_0_0_0 = 4.4353e-08
pi2_0_0_0_0_l_0_0_0_0_0_0_0_0_0_0_0_0_0 = 4.24466e-08
pi2_0_0_0_0_l_0_0_0_0_0_0_0_0_0_0_0_0_0_0 = 4.06693e-08
pi2_0_0_0_0_l_0_0_0_0_0_0_0_0_0_0_0_0_0_0_0 = 3.90817e-08
pi2_0_0_0_0_l_0_0_0_0_0_0_0_0_0_0_0_0_0_0_0_0 = 3.75455e-08
pi2_0_0_0_0_l_0_0_0_0_0_0_0_0_0_0_0_0_0_0_0_0_0 = 3.62414e-08
pi2_0_0_0_0_l_0_0_0_0_0_0_0_0_0_0_0_0_0_0_0_0_0_0 = 3.48259e-08
pi2_0_0_0_0_l_0_0_0_0_0_0_0_0_0_0_0_0_0_0_0_0_0_0_0 = 3.38857e-08
pi2_0_0_0_0_l_0_0_0_0_0_0_0_0_0_0_0_0_0_0_0_0_0_0_0_0 = 3.22721e-08
