DD_0_0 = 1.83853e-09
DD_0_0_l_0 = 2.27216e-09
DD_0_0_l_0_0 = 1.67181e-09
Dr_0_0 = 1.43603e-09
Dr_0_0_l_0 = 1.81002e-09
Dr_0_0_l_0_0 = 2.18813e-09
Dr_0_0_l_0_0_0 = 1.95194e-09
Hl_0_0 = 8.56304e-05
Hl_0_0_l_0 = 9.14369e-05
Hl_0_0_l_0_0 = 7.69222e-05
Hr_0_0 = 0.000999976
I = 1
pi2_0_0_0_0 = 8.59061e-08
pi2_0_0_0_0_l_0 = 9.17471e-08
pi2_0_0_0_0_l_0_0 = 7.71234e-08
