DD_0_0 = 5.48723e-07
DD_0_0_l_0 = 5.90306e-08
DD_0_0_l_0_0 = 9.23547e-08
DD_0_0_l_0_0_0 = 2.37524e-08
DD_0_0_l_0_0_0_0 = 3.51381e-08
DD_0_0_l_0_0_0_0_0 = 1.25888e-08
DD_0_0_l_0_0_0_0_0_0 = 1.78609e-08
DD_0_0_l_0_0_0_0_0_0_0 = 7.71992e-09
DD_0_0_l_0_0_0_0_0_0_0_0 = 1.06004e-08
DD_0_0_l_0_0_0_0_0_0_0_0_0 = 5.18591e-09
DD_0_0_l_0_0_0_0_0_0_0_0_0_0 = 6.9348e-09
DD_0_0_l_0_0_0_0_0_0_0_0_0_0_0 = 3.70847e-09
DD_0_0_l_0_0_0_0_0_0_0_0_0_0_0_0 = 4.85131e-09
DD_0_0_l_0_0_0_0_0_0_0_0_0_0_0_0_0 = 2.77572e-09
DD_0_0_l_0_0_0_0_0_0_0_0_0_0_0_0_0_0 = 3.56423e-09
DD_0_0_l_0_0_0_0_0_0_0_0_0_0_0_0_0_0_0 = 2.15107e-09
DD_0_0_l_0_0_0_0_0_0_0_0_0_0_0_0_0_0_0_0 = 2.71837e-09
DD_0_0_l_0_0_0_0_0_0_0_0_0_0_0_0_0_0_0_0_0 = 1.71326e-09
DD_0_0_l_0_0_0_0_0_0_0_0_0_0_0_0_0_0_0_0_0_0 = 2.13521e-09
DD_0_0_l_0_0_0_0_0_0_0_0_0_0_0_0_0_0_0_0_0_0_0 = 1.39506e-09
DD_0_0_l_0_0_0_0_0_0_0_0_0_0_0_0_0_0_0_0_0_0_0_0 = 1.71753e-09
Dr_0_0 = 5.20486e-15
Dr_0_0_l_0 = 4.38102e-07
Dr_0_0_l_0_0 = 5.89569e-08
Dr_0_0_l_0_0_0 = 2.01712e-07
Dr_0_0_l_0_0_0_0 = 4.31382e-08
Dr_0_0_l_0_0_0_0_0 = 1.18204e-07
Dr_0_0_l_0_0_0_0_0_0 = 3.16296e-08
Dr_0_0_l_0_0_0_0_0_0_0 = 7.84635e-08
Dr_0_0_l_0_0_0_0_0_0_0_0 = 2.40941e-08
Dr_0_0_l_0_0_0_0_0_0_0_0_0 = 5.62411e-08
Dr_0_0_l_0_0_0_0_0_0_0_0_0_0 = 1.89924e-08
Dr_0_0_l_0_0_0_0_0_0_0_0_0_0_0 = 4.24746e-08
Dr_0_0_l_0_0_0_0_0_0_0_0_0_0_0_0 = 1.53909e-08
Dr_0_0_l_0_0_0_0_0_0_0_0_0_0_0_0_0 = 3.33173e-08
Dr_0_0_l_0_0_0_0_0_0_0_0_0_0_0_0_0_0 = 1.27531e-08
Dr_0_0_l_0_0_0_0_0_0_0_0_0_0_0_0_0_0_0 = 2.68978e-08
Dr_0_0_l_0_0_0_0_0_0_0_0_0_0_0_0_0_0_0_0 = 1.07609e-08
Dr_0_0_l_0_0_0_0_0_0_0_0_0_0_0_0_0_0_0_0_0 = 2.22123e-08
Dr_0_0_l_0_0_0_0_0_0_0_0_0_0_0_0_0_0_0_0_0_0 = 9.21707e-09
Dr_0_0_l_0_0_0_0_0_0_0_0_0_0_0_0_0_0_0_0_0_0_0 = 1.86811e-08
Dr_0_0_l_0_0_0_0_0_0_0_0_0_0_0_0_0_0_0_0_0_0_0_0 = 7.99471e-09
Dr_0_0_l_0_0_0_0_0_0_0_0_0_0_0_0_0_0_0_0_0_0_0_0_0 = 1.59496e-08
Hl_0_0 = 0.00099999
Hl_0_0_l_0 = 0.000333323
Hl_0_0_l_0_0 = 0.000333323
Hl_0_0_l_0_0_0 = 0.00019999
Hl_0_0_l_0_0_0_0 = 0.00019999
Hl_0_0_l_0_0_0_0_0 = 0.000142847
Hl_0_0_l_0_0_0_0_0_0 = 0.000142847
Hl_0_0_l_0_0_0_0_0_0_0 = 0.000111101
Hl_0_0_l_0_0_0_0_0_0_0_0 = 0.000111101
Hl_0_0_l_0_0_0_0_0_0_0_0_0 = 9.08991e-05
Hl_0_0_l_0_0_0_0_0_0_0_0_0_0 = 9.08991e-05
Hl_0_0_l_0_0_0_0_0_0_0_0_0_0_0 = 7.69131e-05
Hl_0_0_l_0_0_0_0_0_0_0_0_0_0_0_0 = 7.69131e-05
Hl_0_0_l_0_0_0_0_0_0_0_0_0_0_0_0_0 = 6.66567e-05
Hl_0_0_l_0_0_0_0_0_0_0_0_0_0_0_0_0_0 = 6.66567e-05
Hl_0_0_l_0_0_0_0_0_0_0_0_0_0_0_0_0_0_0 = 5.88135e-05
Hl_0_0_l_0_0_0_0_0_0_0_0_0_0_0_0_0_0_0_0 = 5.88135e-05
Hl_0_0_l_0_0_0_0_0_0_0_0_0_0_0_0_0_0_0_0_0 = 5.26216e-05
Hl_0_0_l_0_0_0_0_0_0_0_0_0_0_0_0_0_0_0_0_0_0 = 5.26216e-05
Hl_0_0_l_0_0_0_0_0_0_0_0_0_0_0_0_0_0_0_0_0_0_0 = 4.7609e-05
Hl_0_0_l_0_0_0_0_0_0_0_0_0_0_0_0_0_0_0_0_0_0_0_0 = 4.7609e-05
Hr_0_0 = 0.00099999
I = 1
pi2_0_0_0_0 = 1.21902e-06
pi2_0_0_0_0_l_0 = 3.55424e-07
pi2_0_0_0_0_l_0_0 = 3.59655e-07
pi2_0_0_0_0_l_0_0_0 = 2.07779e-07
pi2_0_0_0_0_l_0_0_0_0 = 2.06812e-07
pi2_0_0_0_0_l_0_0_0_0_0 = 1.46516e-07
pi2_0_0_0_0_l_0_0_0_0_0_0 = 1.44969e-07
pi2_0_0_0_0_l_0_0_0_0_0_0_0 = 1.13121e-07
pi2_0_0_0_0_l_0_0_0_0_0_0_0_0 = 1.11682e-07
pi2_0_0_0_0_l_0_0_0_0_0_0_0_0_0 = 9.21263e-08
pi2_0_0_0_0_l_0_0_0_0_0_0_0_0_0_0 = 9.08955e-08
pi2_0_0_0_0_l_0_0_0_0_0_0_0_0_0_0_0 = 7.77111e-08
pi2_0_0_0_0_l_0_0_0_0_0_0_0_0_0_0_0_0 = 7.66751e-08
pi2_0_0_0_0_l_0_0_0_0_0_0_0_0_0_0_0_0_0 = 6.72022e-08
pi2_0_0_0_0_l_0_0_0_0_0_0_0_0_0_0_0_0_0_0 = 6.63284e-08
pi2_0_0_0_0_l_0_0_0_0_0_0_0_0_0_0_0_0_0_0_0 = 5.92009e-08
pi2_0_0_0_0_l_0_0_0_0_0_0_0_0_0_0_0_0_0_0_0_0 = 5.84584e-08
pi2_0_0_0_0_l_0_0_0_0_0_0_0_0_0_0_0_0_0_0_0_0_0 = 5.2905e-08
pi2_0_0_0_0_l_0_0_0_0_0_0_0_0_0_0_0_0_0_0_0_0_0_0 = 5.22683e-08
pi2_0_0_0_0_l_0_0_0_0_0_0_0_0_0_0_0_0_0_0_0_0_0_0_0 = 4.78214e-08
pi2_0_0_0_0_l_0_0_0_0_0_0_0_0_0_0_0_0_0_0_0_0_0_0_0_0 = 4.72706e-08
