DD_0_0 = 5.48723e-07
DD_0_0_l_0 = 5.90305e-08
DD_0_0_l_0_0 = 9.23547e-08
DD_0_0_l_0_0_0 = 2.37525e-08
DD_0_0_l_0_0_0_0 = 3.51381e-08
DD_0_0_l_0_0_0_0_0 = 1.25888e-08
Dr_0_0 = 1.11107e-15
Dr_0_0_l_0 = 4.38102e-07
Dr_0_0_l_0_0 = 5.89568e-08
Dr_0_0_l_0_0_0 = 2.01712e-07
Dr_0_0_l_0_0_0_0 = 4.31382e-08
Dr_0_0_l_0_0_0_0_0 = 1.18204e-07
Dr_0_0_l_0_0_0_0_0_0 = 3.16296e-08
Hl_0_0 = 0.00099999
Hl_0_0_l_0 = 0.000333323
Hl_0_0_l_0_0 = 0.000333323
Hl_0_0_l_0_0_0 = 0.00019999
Hl_0_0_l_0_0_0_0 = 0.00019999
Hl_0_0_l_0_0_0_0_0 = 0.000142847
Hr_0_0 = 0.00099999
I = 1
pi2_0_0_0_0 = 1.21902e-06
pi2_0_0_0_0_l_0 = 3.55424e-07
pi2_0_0_0_0_l_0_0 = 3.59655e-07
pi2_0_0_0_0_l_0_0_0 = 2.07779e-07
pi2_0_0_0_0_l_0_0_0_0 = 2.06812e-07
pi2_0_0_0_0_l_0_0_0_0_0 = 1.46516e-07
