DD_0_0 = 4.53445e-10
DD_0_0_l_0 = 4.02598e-10
DD_0_0_l_0_0 = 3.6197e-10
DD_0_0_l_0_0_0 = 3.28626e-10
DD_0_0_l_0_0_0_0 = 3.006e-10
DD_0_0_l_0_0_0_0_0 = 2.76746e-10
DD_0_0_l_0_0_0_0_0_0 = 2.56105e-10
DD_0_0_l_0_0_0_0_0_0_0 = 2.38132e-10
DD_0_0_l_0_0_0_0_0_0_0_0 = 2.22262e-10
DD_0_0_l_0_0_0_0_0_0_0_0_0 = 2.08226e-10
DD_0_0_l_0_0_0_0_0_0_0_0_0_0 = 1.95633e-10
DD_0_0_l_0_0_0_0_0_0_0_0_0_0_0 = 1.84381e-10
DD_0_0_l_0_0_0_0_0_0_0_0_0_0_0_0 = 1.74135e-10
DD_0_0_l_0_0_0_0_0_0_0_0_0_0_0_0_0 = 1.64942e-10
DD_0_0_l_0_0_0_0_0_0_0_0_0_0_0_0_0_0 = 1.56415e-10
DD_0_0_l_0_0_0_0_0_0_0_0_0_0_0_0_0_0_0 = 1.48828e-10
DD_0_0_l_0_0_0_0_0_0_0_0_0_0_0_0_0_0_0_0 = 1.41528e-10
DD_0_0_l_0_0_0_0_0_0_0_0_0_0_0_0_0_0_0_0_0 = 1.3535e-10
DD_0_0_l_0_0_0_0_0_0_0_0_0_0_0_0_0_0_0_0_0_0 = 1.28692e-10
DD_0_0_l_0_0_0_0_0_0_0_0_0_0_0_0_0_0_0_0_0_0_0 = 1.24268e-10
DD_0_0_l_0_0_0_0_0_0_0_0_0_0_0_0_0_0_0_0_0_0_0_0 = 1.16767e-10
Dr_0_0 = 7.97147e-11
Dr_0_0_l_0 = 8.50053e-11
Dr_0_0_l_0_0 = 8.85171e-11
Dr_0_0_l_0_0_0 = 9.08525e-11
Dr_0_0_l_0_0_0_0 = 9.23513e-11
Dr_0_0_l_0_0_0_0_0 = 9.32414e-11
Dr_0_0_l_0_0_0_0_0_0 = 9.36786e-11
Dr_0_0_l_0_0_0_0_0_0_0 = 9.377e-11
Dr_0_0_l_0_0_0_0_0_0_0_0 = 9.36016e-11
Dr_0_0_l_0_0_0_0_0_0_0_0_0 = 9.32254e-11
Dr_0_0_l_0_0_0_0_0_0_0_0_0_0 = 9.26989e-11
Dr_0_0_l_0_0_0_0_0_0_0_0_0_0_0 = 9.20406e-11
Dr_0_0_l_0_0_0_0_0_0_0_0_0_0_0_0 = 9.13009e-11
Dr_0_0_l_0_0_0_0_0_0_0_0_0_0_0_0_0 = 9.04697e-11
Dr_0_0_l_0_0_0_0_0_0_0_0_0_0_0_0_0_0 = 8.96092e-11
Dr_0_0_l_0_0_0_0_0_0_0_0_0_0_0_0_0_0_0 = 8.86662e-11
Dr_0_0_l_0_0_0_0_0_0_0_0_0_0_0_0_0_0_0_0 = 8.77541e-11
Dr_0_0_l_0_0_0_0_0_0_0_0_0_0_0_0_0_0_0_0_0 = 8.67198e-11
Dr_0_0_l_0_0_0_0_0_0_0_0_0_0_0_0_0_0_0_0_0_0 = 8.58341e-11
Dr_0_0_l_0_0_0_0_0_0_0_0_0_0_0_0_0_0_0_0_0_0_0 = 8.46682e-11
Dr_0_0_l_0_0_0_0_0_0_0_0_0_0_0_0_0_0_0_0_0_0_0_0 = 8.39331e-11
Dr_0_0_l_0_0_0_0_0_0_0_0_0_0_0_0_0_0_0_0_0_0_0_0_0 = 8.23771e-11
Hl_0_0 = 9.99876e-05
Hl_0_0_l_0 = 9.00011e-05
Hl_0_0_l_0_0 = 8.19951e-05
Hl_0_0_l_0_0_0 = 7.54003e-05
Hl_0_0_l_0_0_0_0 = 6.98355e-05
Hl_0_0_l_0_0_0_0_0 = 6.50795e-05
Hl_0_0_l_0_0_0_0_0_0 = 6.09469e-05
Hl_0_0_l_0_0_0_0_0_0_0 = 5.73326e-05
Hl_0_0_l_0_0_0_0_0_0_0_0 = 5.4127e-05
Hl_0_0_l_0_0_0_0_0_0_0_0_0 = 5.12792e-05
Hl_0_0_l_0_0_0_0_0_0_0_0_0_0 = 4.87121e-05
Hl_0_0_l_0_0_0_0_0_0_0_0_0_0_0 = 4.64081e-05
Hl_0_0_l_0_0_0_0_0_0_0_0_0_0_0_0 = 4.42998e-05
Hl_0_0_l_0_0_0_0_0_0_0_0_0_0_0_0_0 = 4.23997e-05
Hl_0_0_l_0_0_0_0_0_0_0_0_0_0_0_0_0_0 = 4.0628e-05
Hl_0_0_l_0_0_0_0_0_0_0_0_0_0_0_0_0_0_0 = 3.90454e-05
Hl_0_0_l_0_0_0_0_0_0_0_0_0_0_0_0_0_0_0_0 = 3.75129e-05
Hl_0_0_l_0_0_0_0_0_0_0_0_0_0_0_0_0_0_0_0_0 = 3.62133e-05
Hl_0_0_l_0_0_0_0_0_0_0_0_0_0_0_0_0_0_0_0_0_0 = 3.47995e-05
Hl_0_0_l_0_0_0_0_0_0_0_0_0_0_0_0_0_0_0_0_0_0_0 = 3.38643e-05
Hl_0_0_l_0_0_0_0_0_0_0_0_0_0_0_0_0_0_0_0_0_0_0_0 = 3.22524e-05
Hr_0_0 = 0.000999989
I = 1
pi2_0_0_0_0 = 9.99952e-08
pi2_0_0_0_0_l_0 = 9.0008e-08
pi2_0_0_0_0_l_0_0 = 8.20013e-08
pi2_0_0_0_0_l_0_0_0 = 7.5406e-08
pi2_0_0_0_0_l_0_0_0_0 = 6.98406e-08
pi2_0_0_0_0_l_0_0_0_0_0 = 6.50842e-08
pi2_0_0_0_0_l_0_0_0_0_0_0 = 6.09512e-08
pi2_0_0_0_0_l_0_0_0_0_0_0_0 = 5.73366e-08
pi2_0_0_0_0_l_0_0_0_0_0_0_0_0 = 5.41307e-08
pi2_0_0_0_0_l_0_0_0_0_0_0_0_0_0 = 5.12826e-08
pi2_0_0_0_0_l_0_0_0_0_0_0_0_0_0_0 = 4.87153e-08
pi2_0_0_0_0_l_0_0_0_0_0_0_0_0_0_0_0 = 4.6411e-08
pi2_0_0_0_0_l_0_0_0_0_0_0_0_0_0_0_0_0 = 4.43026e-08
pi2_0_0_0_0_l_0_0_0_0_0_0_0_0_0_0_0_0_0 = 4.24023e-08
pi2_0_0_0_0_l_0_0_0_0_0_0_0_0_0_0_0_0_0_0 = 4.06304e-08
pi2_0_0_0_0_l_0_0_0_0_0_0_0_0_0_0_0_0_0_0_0 = 3.90476e-08
pi2_0_0_0_0_l_0_0_0_0_0_0_0_0_0_0_0_0_0_0_0_0 = 3.75151e-08
pi2_0_0_0_0_l_0_0_0_0_0_0_0_0_0_0_0_0_0_0_0_0_0 = 3.62153e-08
pi2_0_0_0_0_l_0_0_0_0_0_0_0_0_0_0_0_0_0_0_0_0_0_0 = 3.48014e-08
pi2_0_0_0_0_l_0_0_0_0_0_0_0_0_0_0_0_0_0_0_0_0_0_0_0 = 3.38661e-08
pi2_0_0_0_0_l_0_0_0_0_0_0_0_0_0_0_0_0_0_0_0_0_0_0_0_0 = 3.2254e-08
