DD_0_0 = 3.09933e-09
DD_0_0_l_0 = 1.27125e-09
DD_0_0_l_0_0 = 1.4561e-09
DD_0_0_l_0_0_0 = 1.02536e-09
DD_0_0_l_0_0_0_0 = 1.06732e-09
DD_0_0_l_0_0_0_0_0 = 8.5434e-10
Dr_0_0 = 9.23897e-09
Dr_0_0_l_0 = 4.80815e-09
Dr_0_0_l_0_0 = 4.38485e-09
Dr_0_0_l_0_0_0 = 3.46722e-09
Dr_0_0_l_0_0_0_0 = 3.25622e-09
Dr_0_0_l_0_0_0_0_0 = 2.8117e-09
Dr_0_0_l_0_0_0_0_0_0 = 2.47448e-09
Hl_0_0 = 5.73832e-05
Hl_0_0_l_0 = 4.71308e-05
Hl_0_0_l_0_0 = 4.77478e-05
Hl_0_0_l_0_0_0 = 4.28375e-05
Hl_0_0_l_0_0_0_0 = 4.29086e-05
Hl_0_0_l_0_0_0_0_0 = 3.9272e-05
Hr_0_0 = 0.000999805
I = 1
pi2_0_0_0_0 = 5.5399e-08
pi2_0_0_0_0_l_0 = 4.63458e-08
pi2_0_0_0_0_l_0_0 = 4.7026e-08
pi2_0_0_0_0_l_0_0_0 = 4.24286e-08
pi2_0_0_0_0_l_0_0_0_0 = 4.24799e-08
pi2_0_0_0_0_l_0_0_0_0_0 = 3.89979e-08
