DD_0_0 = 5.36677e-10
DD_0_0_l_0 = 1.10518e-09
DD_0_0_l_0_0 = 9.40091e-10
Dr_0_0 = 4.62423e-10
Dr_0_0_l_0 = 1.00168e-09
Dr_0_0_l_0_0 = 1.52892e-09
Dr_0_0_l_0_0_0 = 1.57412e-09
Hl_0_0 = 4.47629e-05
Hl_0_0_l_0 = 4.77618e-05
Hl_0_0_l_0_0 = 4.3478e-05
Hr_0_0 = 0.000999981
I = 1
pi2_0_0_0_0 = 4.49207e-08
pi2_0_0_0_0_l_0 = 4.80613e-08
pi2_0_0_0_0_l_0_0 = 4.36537e-08
