DD_0_0 = -1.25625e-10
DD_0_0_l_0 = 1.16363e-09
DD_0_0_l_0_0 = 7.46131e-10
DD_0_0_l_0_0_0 = 9.58258e-10
DD_0_0_l_0_0_0_0 = 7.37955e-10
DD_0_0_l_0_0_0_0_0 = 8.06151e-10
DD_0_0_l_0_0_0_0_0_0 = 6.62951e-10
DD_0_0_l_0_0_0_0_0_0_0 = 6.88596e-10
DD_0_0_l_0_0_0_0_0_0_0_0 = 5.86496e-10
DD_0_0_l_0_0_0_0_0_0_0_0_0 = 5.9521e-10
DD_0_0_l_0_0_0_0_0_0_0_0_0_0 = 5.19173e-10
Dr_0_0 = -2.88094e-09
Dr_0_0_l_0 = 3.24955e-10
Dr_0_0_l_0_0 = 5.09388e-10
Dr_0_0_l_0_0_0 = 9.54621e-10
Dr_0_0_l_0_0_0_0 = 1.02252e-09
Dr_0_0_l_0_0_0_0_0 = 1.12802e-09
Dr_0_0_l_0_0_0_0_0_0 = 1.15141e-09
Dr_0_0_l_0_0_0_0_0_0_0 = 1.16481e-09
Dr_0_0_l_0_0_0_0_0_0_0_0 = 1.16622e-09
Dr_0_0_l_0_0_0_0_0_0_0_0_0 = 1.14934e-09
Dr_0_0_l_0_0_0_0_0_0_0_0_0_0 = 1.13769e-09
Dr_0_0_l_0_0_0_0_0_0_0_0_0_0_0 = 1.09936e-09
Hl_0_0 = 4.4275e-05
Hl_0_0_l_0 = 4.77862e-05
Hl_0_0_l_0_0 = 4.33129e-05
Hl_0_0_l_0_0_0 = 4.35027e-05
Hl_0_0_l_0_0_0_0 = 4.01539e-05
Hl_0_0_l_0_0_0_0_0 = 3.99607e-05
Hl_0_0_l_0_0_0_0_0_0 = 3.71927e-05
Hl_0_0_l_0_0_0_0_0_0_0 = 3.6981e-05
Hl_0_0_l_0_0_0_0_0_0_0_0 = 3.45695e-05
Hl_0_0_l_0_0_0_0_0_0_0_0_0 = 3.44414e-05
Hl_0_0_l_0_0_0_0_0_0_0_0_0_0 = 3.2256e-05
Hr_0_0 = 0.00100005
I = 1
pi2_0_0_0_0 = 4.55889e-08
pi2_0_0_0_0_l_0 = 4.85205e-08
pi2_0_0_0_0_l_0_0 = 4.38326e-08
pi2_0_0_0_0_l_0_0_0 = 4.39164e-08
pi2_0_0_0_0_l_0_0_0_0 = 4.04726e-08
pi2_0_0_0_0_l_0_0_0_0_0 = 4.02393e-08
pi2_0_0_0_0_l_0_0_0_0_0_0 = 3.74161e-08
pi2_0_0_0_0_l_0_0_0_0_0_0_0 = 3.71861e-08
pi2_0_0_0_0_l_0_0_0_0_0_0_0_0 = 3.4737e-08
pi2_0_0_0_0_l_0_0_0_0_0_0_0_0_0 = 3.46007e-08
pi2_0_0_0_0_l_0_0_0_0_0_0_0_0_0_0 = 3.23862e-08
