DD_0_0 = 5.63792e-10
DD_0_0_l_0 = 1.07817e-09
DD_0_0_l_0_0 = 9.09176e-10
Dr_0_0 = 5.27379e-10
Dr_0_0_l_0 = 1.0221e-09
Dr_0_0_l_0_0 = 1.48404e-09
Dr_0_0_l_0_0_0 = 1.50572e-09
Hl_0_0 = 4.47629e-05
Hl_0_0_l_0 = 4.77618e-05
Hl_0_0_l_0_0 = 4.3478e-05
Hr_0_0 = 0.000999979
I = 1
pi2_0_0_0_0 = 4.49206e-08
pi2_0_0_0_0_l_0 = 4.80348e-08
pi2_0_0_0_0_l_0_0 = 4.36391e-08
