DD_0_0 = 5.28639e-10
DD_0_0_l_0 = 8.33748e-10
DD_0_0_l_0_0 = 6.3067e-10
DD_0_0_l_0_0_0 = 6.89315e-10
DD_0_0_l_0_0_0_0 = 5.66883e-10
DD_0_0_l_0_0_0_0_0 = 5.86809e-10
DD_0_0_l_0_0_0_0_0_0 = 5.00013e-10
DD_0_0_l_0_0_0_0_0_0_0 = 5.07854e-10
DD_0_0_l_0_0_0_0_0_0_0_0 = 4.41744e-10
DD_0_0_l_0_0_0_0_0_0_0_0_0 = 4.44675e-10
DD_0_0_l_0_0_0_0_0_0_0_0_0_0 = 3.92607e-10
Dr_0_0 = 2.32111e-10
Dr_0_0_l_0 = 9.06386e-10
Dr_0_0_l_0_0 = 8.06226e-10
Dr_0_0_l_0_0_0 = 8.9351e-10
Dr_0_0_l_0_0_0_0 = 8.47679e-10
Dr_0_0_l_0_0_0_0_0 = 8.5648e-10
Dr_0_0_l_0_0_0_0_0_0 = 8.26549e-10
Dr_0_0_l_0_0_0_0_0_0_0 = 8.13987e-10
Dr_0_0_l_0_0_0_0_0_0_0_0 = 7.89778e-10
Dr_0_0_l_0_0_0_0_0_0_0_0_0 = 7.71584e-10
Dr_0_0_l_0_0_0_0_0_0_0_0_0_0 = 7.4881e-10
Dr_0_0_l_0_0_0_0_0_0_0_0_0_0_0 = 7.17172e-10
Hl_0_0 = 4.4275e-05
Hl_0_0_l_0 = 4.77862e-05
Hl_0_0_l_0_0 = 4.33129e-05
Hl_0_0_l_0_0_0 = 4.35027e-05
Hl_0_0_l_0_0_0_0 = 4.01539e-05
Hl_0_0_l_0_0_0_0_0 = 3.99607e-05
Hl_0_0_l_0_0_0_0_0_0 = 3.71927e-05
Hl_0_0_l_0_0_0_0_0_0_0 = 3.6981e-05
Hl_0_0_l_0_0_0_0_0_0_0_0 = 3.45695e-05
Hl_0_0_l_0_0_0_0_0_0_0_0_0 = 3.44414e-05
Hl_0_0_l_0_0_0_0_0_0_0_0_0_0 = 3.2256e-05
Hr_0_0 = 0.000999985
I = 1
pi2_0_0_0_0 = 4.45933e-08
pi2_0_0_0_0_l_0 = 4.7942e-08
pi2_0_0_0_0_l_0_0 = 4.34317e-08
pi2_0_0_0_0_l_0_0_0 = 4.35943e-08
pi2_0_0_0_0_l_0_0_0_0 = 4.02283e-08
pi2_0_0_0_0_l_0_0_0_0_0 = 4.00246e-08
pi2_0_0_0_0_l_0_0_0_0_0_0 = 3.72465e-08
pi2_0_0_0_0_l_0_0_0_0_0_0_0 = 3.70293e-08
pi2_0_0_0_0_l_0_0_0_0_0_0_0_0 = 3.4611e-08
pi2_0_0_0_0_l_0_0_0_0_0_0_0_0_0 = 3.44797e-08
pi2_0_0_0_0_l_0_0_0_0_0_0_0_0_0_0 = 3.22887e-08
