DD_0_0 = 2.45155e-10
DD_0_0_l_0 = 1.92523e-10
DD_0_0_l_0_0 = 1.9649e-10
DD_0_0_l_0_0_0 = 1.71347e-10
DD_0_0_l_0_0_0_0 = 1.72149e-10
DD_0_0_l_0_0_0_0_0 = 1.53841e-10
Dr_0_0 = 8.16763e-11
Dr_0_0_l_0 = 6.92562e-11
Dr_0_0_l_0_0 = 7.39296e-11
Dr_0_0_l_0_0_0 = 7.18065e-11
Dr_0_0_l_0_0_0_0 = 7.16863e-11
Dr_0_0_l_0_0_0_0_0 = 7.57439e-11
Dr_0_0_l_0_0_0_0_0_0 = 7.35845e-11
Hl_0_0 = 5.73832e-05
Hl_0_0_l_0 = 4.71308e-05
Hl_0_0_l_0_0 = 4.77478e-05
Hl_0_0_l_0_0_0 = 4.28375e-05
Hl_0_0_l_0_0_0_0 = 4.29086e-05
Hl_0_0_l_0_0_0_0_0 = 3.9272e-05
Hr_0_0 = 0.000999988
I = 1
pi2_0_0_0_0 = 5.738e-08
pi2_0_0_0_0_l_0 = 4.71315e-08
pi2_0_0_0_0_l_0_0 = 4.77486e-08
pi2_0_0_0_0_l_0_0_0 = 4.28386e-08
pi2_0_0_0_0_l_0_0_0_0 = 4.29101e-08
pi2_0_0_0_0_l_0_0_0_0_0 = 3.92735e-08
