DD_0_0 = 1.79587e-10
DD_0_0_l_0 = 1.97808e-10
DD_0_0_l_0_0 = 1.7451e-10
DD_0_0_l_0_0_0 = 1.75778e-10
DD_0_0_l_0_0_0_0 = 1.58647e-10
DD_0_0_l_0_0_0_0_0 = 1.579e-10
DD_0_0_l_0_0_0_0_0_0 = 1.43951e-10
DD_0_0_l_0_0_0_0_0_0_0 = 1.43061e-10
DD_0_0_l_0_0_0_0_0_0_0_0 = 1.3108e-10
DD_0_0_l_0_0_0_0_0_0_0_0_0 = 1.30555e-10
DD_0_0_l_0_0_0_0_0_0_0_0_0_0 = 1.19875e-10
Dr_0_0 = 5.63843e-11
Dr_0_0_l_0 = 6.8504e-11
Dr_0_0_l_0_0 = 6.64454e-11
Dr_0_0_l_0_0_0 = 7.01011e-11
Dr_0_0_l_0_0_0_0 = 6.92482e-11
Dr_0_0_l_0_0_0_0_0 = 7.07972e-11
Dr_0_0_l_0_0_0_0_0_0 = 7.04622e-11
Dr_0_0_l_0_0_0_0_0_0_0 = 7.07687e-11
Dr_0_0_l_0_0_0_0_0_0_0_0 = 7.10337e-11
Dr_0_0_l_0_0_0_0_0_0_0_0_0 = 6.99992e-11
Dr_0_0_l_0_0_0_0_0_0_0_0_0_0 = 7.16188e-11
Dr_0_0_l_0_0_0_0_0_0_0_0_0_0_0 = 7.0267e-11
Hl_0_0 = 4.4275e-05
Hl_0_0_l_0 = 4.77862e-05
Hl_0_0_l_0_0 = 4.33129e-05
Hl_0_0_l_0_0_0 = 4.35027e-05
Hl_0_0_l_0_0_0_0 = 4.01539e-05
Hl_0_0_l_0_0_0_0_0 = 3.99607e-05
Hl_0_0_l_0_0_0_0_0_0 = 3.71927e-05
Hl_0_0_l_0_0_0_0_0_0_0 = 3.6981e-05
Hl_0_0_l_0_0_0_0_0_0_0_0 = 3.45695e-05
Hl_0_0_l_0_0_0_0_0_0_0_0_0 = 3.44414e-05
Hl_0_0_l_0_0_0_0_0_0_0_0_0_0 = 3.2256e-05
Hr_0_0 = 0.000999989
I = 1
pi2_0_0_0_0 = 4.42819e-08
pi2_0_0_0_0_l_0 = 4.77904e-08
pi2_0_0_0_0_l_0_0 = 4.33165e-08
pi2_0_0_0_0_l_0_0_0 = 4.35059e-08
pi2_0_0_0_0_l_0_0_0_0 = 4.01567e-08
pi2_0_0_0_0_l_0_0_0_0_0 = 3.99633e-08
pi2_0_0_0_0_l_0_0_0_0_0_0 = 3.7195e-08
pi2_0_0_0_0_l_0_0_0_0_0_0_0 = 3.69833e-08
pi2_0_0_0_0_l_0_0_0_0_0_0_0_0 = 3.45715e-08
pi2_0_0_0_0_l_0_0_0_0_0_0_0_0_0 = 3.44434e-08
pi2_0_0_0_0_l_0_0_0_0_0_0_0_0_0_0 = 3.22578e-08
