DD_0_0 = 1.82007e-10
DD_0_0_l_0 = 1.97634e-10
DD_0_0_l_0_0 = 1.75396e-10
Dr_0_0 = 5.76804e-11
Dr_0_0_l_0 = 6.666e-11
Dr_0_0_l_0_0 = 7.34284e-11
Dr_0_0_l_0_0_0 = 7.10675e-11
Hl_0_0 = 4.47629e-05
Hl_0_0_l_0 = 4.77618e-05
Hl_0_0_l_0_0 = 4.3478e-05
Hr_0_0 = 0.000999989
I = 1
pi2_0_0_0_0 = 4.4768e-08
pi2_0_0_0_0_l_0 = 4.77675e-08
pi2_0_0_0_0_l_0_0 = 4.34816e-08
