DD_0_0 = 8.81685e-11
DD_0_0_l_0 = 5.21052e-11
DD_0_0_l_0_0 = 5.6283e-11
DD_0_0_l_0_0_0 = 4.91071e-11
DD_0_0_l_0_0_0_0 = 5.00957e-11
DD_0_0_l_0_0_0_0_0 = 4.686e-11
Dr_0_0 = 2.84892e-10
Dr_0_0_l_0 = 1.67761e-10
Dr_0_0_l_0_0 = 1.61183e-10
Dr_0_0_l_0_0_0 = 1.37213e-10
Dr_0_0_l_0_0_0_0 = 1.34114e-10
Dr_0_0_l_0_0_0_0_0 = 1.23106e-10
Dr_0_0_l_0_0_0_0_0_0 = 1.1497e-10
Hl_0_0 = 1.05903e-05
Hl_0_0_l_0 = 9.8941e-06
Hl_0_0_l_0_0 = 9.99887e-06
Hl_0_0_l_0_0_0 = 9.70002e-06
Hl_0_0_l_0_0_0_0 = 9.73003e-06
Hl_0_0_l_0_0_0_0_0 = 9.51346e-06
Hr_0_0 = 0.000999962
I = 1
pi2_0_0_0_0 = 1.0519e-08
pi2_0_0_0_0_l_0 = 9.86578e-09
pi2_0_0_0_0_l_0_0 = 9.97112e-09
pi2_0_0_0_0_l_0_0_0 = 9.68338e-09
pi2_0_0_0_0_l_0_0_0_0 = 9.71253e-09
pi2_0_0_0_0_l_0_0_0_0_0 = 9.5013e-09
