DD_0_0 = -1.61692e-11
DD_0_0_l_0 = 4.64317e-11
DD_0_0_l_0_0 = 3.52732e-11
DD_0_0_l_0_0_0 = 4.59721e-11
DD_0_0_l_0_0_0_0 = 4.10882e-11
DD_0_0_l_0_0_0_0_0 = 4.47354e-11
DD_0_0_l_0_0_0_0_0_0 = 4.19013e-11
DD_0_0_l_0_0_0_0_0_0_0 = 4.33226e-11
DD_0_0_l_0_0_0_0_0_0_0_0 = 4.14131e-11
DD_0_0_l_0_0_0_0_0_0_0_0_0 = 4.1884e-11
DD_0_0_l_0_0_0_0_0_0_0_0_0_0 = 4.04753e-11
Dr_0_0 = -1.9608e-10
Dr_0_0_l_0 = -2.6436e-11
Dr_0_0_l_0_0 = -3.00212e-12
Dr_0_0_l_0_0_0 = 2.30486e-11
Dr_0_0_l_0_0_0_0 = 3.52405e-11
Dr_0_0_l_0_0_0_0_0 = 4.31468e-11
Dr_0_0_l_0_0_0_0_0_0 = 5.08996e-11
Dr_0_0_l_0_0_0_0_0_0_0 = 5.34924e-11
Dr_0_0_l_0_0_0_0_0_0_0_0 = 5.89403e-11
Dr_0_0_l_0_0_0_0_0_0_0_0_0 = 5.94354e-11
Dr_0_0_l_0_0_0_0_0_0_0_0_0_0 = 6.35007e-11
Dr_0_0_l_0_0_0_0_0_0_0_0_0_0_0 = 6.58441e-11
Hl_0_0 = 9.19175e-06
Hl_0_0_l_0 = 9.90808e-06
Hl_0_0_l_0_0 = 9.53242e-06
Hl_0_0_l_0_0_0 = 9.71401e-06
Hl_0_0_l_0_0_0_0 = 9.44976e-06
Hl_0_0_l_0_0_0_0_0 = 9.52747e-06
Hl_0_0_l_0_0_0_0_0_0 = 9.31283e-06
Hl_0_0_l_0_0_0_0_0_0_0 = 9.34802e-06
Hl_0_0_l_0_0_0_0_0_0_0_0 = 9.16224e-06
Hl_0_0_l_0_0_0_0_0_0_0_0_0 = 9.17526e-06
Hl_0_0_l_0_0_0_0_0_0_0_0_0_0 = 9.00883e-06
Hr_0_0 = 0.00100001
I = 1
pi2_0_0_0_0 = 9.26352e-09
pi2_0_0_0_0_l_0 = 9.95465e-09
pi2_0_0_0_0_l_0_0 = 9.56396e-09
pi2_0_0_0_0_l_0_0_0 = 9.74169e-09
pi2_0_0_0_0_l_0_0_0_0 = 9.47041e-09
pi2_0_0_0_0_l_0_0_0_0_0 = 9.54703e-09
pi2_0_0_0_0_l_0_0_0_0_0_0 = 9.32812e-09
pi2_0_0_0_0_l_0_0_0_0_0_0_0 = 9.36306e-09
pi2_0_0_0_0_l_0_0_0_0_0_0_0_0 = 9.17434e-09
pi2_0_0_0_0_l_0_0_0_0_0_0_0_0_0 = 9.18743e-09
pi2_0_0_0_0_l_0_0_0_0_0_0_0_0_0_0 = 9.01891e-09
