DD_0_0 = 8.5785e-11
DD_0_0_l_0 = 5.12782e-11
DD_0_0_l_0_0 = 5.54041e-11
DD_0_0_l_0_0_0 = 4.84824e-11
DD_0_0_l_0_0_0_0 = 4.94592e-11
DD_0_0_l_0_0_0_0_0 = 4.63222e-11
Dr_0_0 = 2.7117e-10
Dr_0_0_l_0 = 1.60723e-10
Dr_0_0_l_0_0 = 1.54616e-10
Dr_0_0_l_0_0_0 = 1.3221e-10
Dr_0_0_l_0_0_0_0 = 1.29264e-10
Dr_0_0_l_0_0_0_0_0 = 1.1903e-10
Dr_0_0_l_0_0_0_0_0_0 = 1.1142e-10
Hl_0_0 = 1.05903e-05
Hl_0_0_l_0 = 9.8941e-06
Hl_0_0_l_0_0 = 9.99887e-06
Hl_0_0_l_0_0_0 = 9.70002e-06
Hl_0_0_l_0_0_0_0 = 9.73003e-06
Hl_0_0_l_0_0_0_0_0 = 9.51346e-06
Hr_0_0 = 0.000999963
I = 1
pi2_0_0_0_0 = 1.05232e-08
pi2_0_0_0_0_l_0 = 9.86743e-09
pi2_0_0_0_0_l_0_0 = 9.97278e-09
pi2_0_0_0_0_l_0_0_0 = 9.68438e-09
pi2_0_0_0_0_l_0_0_0_0 = 9.7136e-09
pi2_0_0_0_0_l_0_0_0_0_0 = 9.50204e-09
