DD_0_0 = -1.36524e-11
DD_0_0_l_0 = 4.65514e-11
DD_0_0_l_0_0 = 3.54145e-11
DD_0_0_l_0_0_0 = 4.57883e-11
DD_0_0_l_0_0_0_0 = 4.09038e-11
DD_0_0_l_0_0_0_0_0 = 4.44578e-11
DD_0_0_l_0_0_0_0_0_0 = 4.16207e-11
DD_0_0_l_0_0_0_0_0_0_0 = 4.30107e-11
DD_0_0_l_0_0_0_0_0_0_0_0 = 4.10989e-11
DD_0_0_l_0_0_0_0_0_0_0_0_0 = 4.15608e-11
DD_0_0_l_0_0_0_0_0_0_0_0_0_0 = 4.01511e-11
Dr_0_0 = -1.83986e-10
Dr_0_0_l_0 = -1.99452e-11
Dr_0_0_l_0_0 = 1.17169e-12
Dr_0_0_l_0_0_0 = 2.63272e-11
Dr_0_0_l_0_0_0_0 = 3.74208e-11
Dr_0_0_l_0_0_0_0_0 = 4.50361e-11
Dr_0_0_l_0_0_0_0_0_0 = 5.21299e-11
Dr_0_0_l_0_0_0_0_0_0_0 = 5.4613e-11
Dr_0_0_l_0_0_0_0_0_0_0_0 = 5.96144e-11
Dr_0_0_l_0_0_0_0_0_0_0_0_0 = 6.00737e-11
Dr_0_0_l_0_0_0_0_0_0_0_0_0_0 = 6.38131e-11
Dr_0_0_l_0_0_0_0_0_0_0_0_0_0_0 = 6.59297e-11
Hl_0_0 = 9.19175e-06
Hl_0_0_l_0 = 9.90808e-06
Hl_0_0_l_0_0 = 9.53241e-06
Hl_0_0_l_0_0_0 = 9.71401e-06
Hl_0_0_l_0_0_0_0 = 9.44976e-06
Hl_0_0_l_0_0_0_0_0 = 9.52747e-06
Hl_0_0_l_0_0_0_0_0_0 = 9.31283e-06
Hl_0_0_l_0_0_0_0_0_0_0 = 9.34802e-06
Hl_0_0_l_0_0_0_0_0_0_0_0 = 9.16224e-06
Hl_0_0_l_0_0_0_0_0_0_0_0_0 = 9.17526e-06
Hl_0_0_l_0_0_0_0_0_0_0_0_0_0 = 9.00883e-06
Hr_0_0 = 0.00100001
I = 1
pi2_0_0_0_0 = 9.26135e-09
pi2_0_0_0_0_l_0 = 9.95276e-09
pi2_0_0_0_0_l_0_0 = 9.56275e-09
pi2_0_0_0_0_l_0_0_0 = 9.74052e-09
pi2_0_0_0_0_l_0_0_0_0 = 9.46956e-09
pi2_0_0_0_0_l_0_0_0_0_0 = 9.54619e-09
pi2_0_0_0_0_l_0_0_0_0_0_0 = 9.32748e-09
pi2_0_0_0_0_l_0_0_0_0_0_0_0 = 9.36241e-09
pi2_0_0_0_0_l_0_0_0_0_0_0_0_0 = 9.17382e-09
pi2_0_0_0_0_l_0_0_0_0_0_0_0_0_0 = 9.18689e-09
pi2_0_0_0_0_l_0_0_0_0_0_0_0_0_0_0 = 9.01847e-09
