DD_0_0 = 6.95647e-11
DD_0_0_l_0 = 4.53319e-11
DD_0_0_l_0_0 = 4.89876e-11
DD_0_0_l_0_0_0 = 4.37359e-11
DD_0_0_l_0_0_0_0 = 4.46107e-11
DD_0_0_l_0_0_0_0_0 = 4.21244e-11
Dr_0_0 = 1.84103e-10
Dr_0_0_l_0 = 1.15194e-10
Dr_0_0_l_0_0 = 1.12142e-10
Dr_0_0_l_0_0_0 = 9.92208e-11
Dr_0_0_l_0_0_0_0 = 9.72709e-11
Dr_0_0_l_0_0_0_0_0 = 9.17033e-11
Dr_0_0_l_0_0_0_0_0_0 = 8.72812e-11
Hl_0_0 = 1.05903e-05
Hl_0_0_l_0 = 9.8941e-06
Hl_0_0_l_0_0 = 9.99887e-06
Hl_0_0_l_0_0_0 = 9.70002e-06
Hl_0_0_l_0_0_0_0 = 9.73003e-06
Hl_0_0_l_0_0_0_0_0 = 9.51346e-06
Hr_0_0 = 0.000999972
I = 1
pi2_0_0_0_0 = 1.05488e-08
pi2_0_0_0_0_l_0 = 9.8777e-09
pi2_0_0_0_0_l_0_0 = 9.98307e-09
pi2_0_0_0_0_l_0_0_0 = 9.69053e-09
pi2_0_0_0_0_l_0_0_0_0 = 9.72016e-09
pi2_0_0_0_0_l_0_0_0_0_0 = 9.50663e-09
