DD_0_0 = 1.8431e-11
DD_0_0_l_0 = 2.57526e-11
DD_0_0_l_0_0 = 2.21427e-11
DD_0_0_l_0_0_0 = 2.45182e-11
DD_0_0_l_0_0_0_0 = 2.23032e-11
DD_0_0_l_0_0_0_0_0 = 2.35915e-11
DD_0_0_l_0_0_0_0_0_0 = 2.19795e-11
DD_0_0_l_0_0_0_0_0_0_0 = 2.27873e-11
DD_0_0_l_0_0_0_0_0_0_0_0 = 2.15153e-11
DD_0_0_l_0_0_0_0_0_0_0_0_0 = 2.20545e-11
DD_0_0_l_0_0_0_0_0_0_0_0_0_0 = 2.10038e-11
DD_0_0_l_0_0_0_0_0_0_0_0_0_0_0 = 2.13724e-11
DD_0_0_l_0_0_0_0_0_0_0_0_0_0_0_0 = 2.04796e-11
DD_0_0_l_0_0_0_0_0_0_0_0_0_0_0_0_0 = 2.07308e-11
DD_0_0_l_0_0_0_0_0_0_0_0_0_0_0_0_0_0 = 1.99581e-11
DD_0_0_l_0_0_0_0_0_0_0_0_0_0_0_0_0_0_0 = 2.01231e-11
DD_0_0_l_0_0_0_0_0_0_0_0_0_0_0_0_0_0_0_0 = 1.94467e-11
DD_0_0_l_0_0_0_0_0_0_0_0_0_0_0_0_0_0_0_0_0 = 1.95452e-11
DD_0_0_l_0_0_0_0_0_0_0_0_0_0_0_0_0_0_0_0_0_0 = 1.89492e-11
DD_0_0_l_0_0_0_0_0_0_0_0_0_0_0_0_0_0_0_0_0_0_0 = 1.8994e-11
DD_0_0_l_0_0_0_0_0_0_0_0_0_0_0_0_0_0_0_0_0_0_0_0 = 1.84673e-11
Dr_0_0 = 1.12085e-11
Dr_0_0_l_0 = 2.53064e-11
Dr_0_0_l_0_0 = 2.083e-11
Dr_0_0_l_0_0_0 = 2.462e-11
Dr_0_0_l_0_0_0_0 = 2.24352e-11
Dr_0_0_l_0_0_0_0_0 = 2.42446e-11
Dr_0_0_l_0_0_0_0_0_0 = 2.2952e-11
Dr_0_0_l_0_0_0_0_0_0_0 = 2.39602e-11
Dr_0_0_l_0_0_0_0_0_0_0_0 = 2.31203e-11
Dr_0_0_l_0_0_0_0_0_0_0_0_0 = 2.3711e-11
Dr_0_0_l_0_0_0_0_0_0_0_0_0_0 = 2.31355e-11
Dr_0_0_l_0_0_0_0_0_0_0_0_0_0_0 = 2.34782e-11
Dr_0_0_l_0_0_0_0_0_0_0_0_0_0_0_0 = 2.30703e-11
Dr_0_0_l_0_0_0_0_0_0_0_0_0_0_0_0_0 = 2.32536e-11
Dr_0_0_l_0_0_0_0_0_0_0_0_0_0_0_0_0_0 = 2.29584e-11
Dr_0_0_l_0_0_0_0_0_0_0_0_0_0_0_0_0_0_0 = 2.30333e-11
Dr_0_0_l_0_0_0_0_0_0_0_0_0_0_0_0_0_0_0_0 = 2.2817e-11
Dr_0_0_l_0_0_0_0_0_0_0_0_0_0_0_0_0_0_0_0_0 = 2.28157e-11
Dr_0_0_l_0_0_0_0_0_0_0_0_0_0_0_0_0_0_0_0_0_0 = 2.2656e-11
Dr_0_0_l_0_0_0_0_0_0_0_0_0_0_0_0_0_0_0_0_0_0_0 = 2.26e-11
Dr_0_0_l_0_0_0_0_0_0_0_0_0_0_0_0_0_0_0_0_0_0_0_0 = 2.24816e-11
Dr_0_0_l_0_0_0_0_0_0_0_0_0_0_0_0_0_0_0_0_0_0_0_0_0 = 2.23185e-11
Hl_0_0 = 8.84926e-06
Hl_0_0_l_0 = 9.91151e-06
Hl_0_0_l_0_0 = 9.41818e-06
Hl_0_0_l_0_0_0 = 9.71744e-06
Hl_0_0_l_0_0_0_0 = 9.38113e-06
Hl_0_0_l_0_0_0_0_0 = 9.5309e-06
Hl_0_0_l_0_0_0_0_0_0 = 9.26369e-06
Hl_0_0_l_0_0_0_0_0_0_0 = 9.35146e-06
Hl_0_0_l_0_0_0_0_0_0_0_0 = 9.12391e-06
Hl_0_0_l_0_0_0_0_0_0_0_0_0 = 9.17871e-06
Hl_0_0_l_0_0_0_0_0_0_0_0_0_0 = 8.97735e-06
Hl_0_0_l_0_0_0_0_0_0_0_0_0_0_0 = 9.01229e-06
Hl_0_0_l_0_0_0_0_0_0_0_0_0_0_0_0 = 8.82977e-06
Hl_0_0_l_0_0_0_0_0_0_0_0_0_0_0_0_0 = 8.85186e-06
Hl_0_0_l_0_0_0_0_0_0_0_0_0_0_0_0_0_0 = 8.68371e-06
Hl_0_0_l_0_0_0_0_0_0_0_0_0_0_0_0_0_0_0 = 8.69709e-06
Hl_0_0_l_0_0_0_0_0_0_0_0_0_0_0_0_0_0_0_0 = 8.54037e-06
Hl_0_0_l_0_0_0_0_0_0_0_0_0_0_0_0_0_0_0_0_0 = 8.54769e-06
Hl_0_0_l_0_0_0_0_0_0_0_0_0_0_0_0_0_0_0_0_0_0 = 8.40035e-06
Hl_0_0_l_0_0_0_0_0_0_0_0_0_0_0_0_0_0_0_0_0_0_0 = 8.40338e-06
Hl_0_0_l_0_0_0_0_0_0_0_0_0_0_0_0_0_0_0_0_0_0_0_0 = 8.26392e-06
Hr_0_0 = 0.000999989
I = 1
pi2_0_0_0_0 = 8.85594e-09
pi2_0_0_0_0_l_0 = 9.91382e-09
pi2_0_0_0_0_l_0_0 = 9.42026e-09
pi2_0_0_0_0_l_0_0_0 = 9.71877e-09
pi2_0_0_0_0_l_0_0_0_0 = 9.38232e-09
pi2_0_0_0_0_l_0_0_0_0_0 = 9.53181e-09
pi2_0_0_0_0_l_0_0_0_0_0_0 = 9.26451e-09
pi2_0_0_0_0_l_0_0_0_0_0_0_0 = 9.35214e-09
pi2_0_0_0_0_l_0_0_0_0_0_0_0_0 = 9.12452e-09
pi2_0_0_0_0_l_0_0_0_0_0_0_0_0_0 = 9.17925e-09
pi2_0_0_0_0_l_0_0_0_0_0_0_0_0_0_0 = 8.97783e-09
pi2_0_0_0_0_l_0_0_0_0_0_0_0_0_0_0_0 = 9.01273e-09
pi2_0_0_0_0_l_0_0_0_0_0_0_0_0_0_0_0_0 = 8.83016e-09
pi2_0_0_0_0_l_0_0_0_0_0_0_0_0_0_0_0_0_0 = 8.85222e-09
pi2_0_0_0_0_l_0_0_0_0_0_0_0_0_0_0_0_0_0_0 = 8.68403e-09
pi2_0_0_0_0_l_0_0_0_0_0_0_0_0_0_0_0_0_0_0_0 = 8.69739e-09
pi2_0_0_0_0_l_0_0_0_0_0_0_0_0_0_0_0_0_0_0_0_0 = 8.54064e-09
pi2_0_0_0_0_l_0_0_0_0_0_0_0_0_0_0_0_0_0_0_0_0_0 = 8.54795e-09
pi2_0_0_0_0_l_0_0_0_0_0_0_0_0_0_0_0_0_0_0_0_0_0_0 = 8.40058e-09
pi2_0_0_0_0_l_0_0_0_0_0_0_0_0_0_0_0_0_0_0_0_0_0_0_0 = 8.40361e-09
pi2_0_0_0_0_l_0_0_0_0_0_0_0_0_0_0_0_0_0_0_0_0_0_0_0_0 = 8.26412e-09
