DD_0_0 = 4.92759e-09
DD_0_0_l_0 = 1.61117e-09
DD_0_0_l_0_0 = 1.59669e-09
DD_0_0_l_0_0_0 = 9.40437e-10
DD_0_0_l_0_0_0_0 = 9.32414e-10
DD_0_0_l_0_0_0_0_0 = 6.5424e-10
DD_0_0_l_0_0_0_0_0_0 = 6.48928e-10
DD_0_0_l_0_0_0_0_0_0_0 = 4.9611e-10
DD_0_0_l_0_0_0_0_0_0_0_0 = 4.92266e-10
DD_0_0_l_0_0_0_0_0_0_0_0_0 = 3.96116e-10
DD_0_0_l_0_0_0_0_0_0_0_0_0_0 = 3.93179e-10
DD_0_0_l_0_0_0_0_0_0_0_0_0_0_0 = 3.2737e-10
DD_0_0_l_0_0_0_0_0_0_0_0_0_0_0_0 = 3.25043e-10
DD_0_0_l_0_0_0_0_0_0_0_0_0_0_0_0_0 = 2.77332e-10
DD_0_0_l_0_0_0_0_0_0_0_0_0_0_0_0_0_0 = 2.75438e-10
DD_0_0_l_0_0_0_0_0_0_0_0_0_0_0_0_0_0_0 = 2.39369e-10
DD_0_0_l_0_0_0_0_0_0_0_0_0_0_0_0_0_0_0_0 = 2.37796e-10
DD_0_0_l_0_0_0_0_0_0_0_0_0_0_0_0_0_0_0_0_0 = 2.09643e-10
DD_0_0_l_0_0_0_0_0_0_0_0_0_0_0_0_0_0_0_0_0_0 = 2.08315e-10
DD_0_0_l_0_0_0_0_0_0_0_0_0_0_0_0_0_0_0_0_0_0_0 = 1.85782e-10
DD_0_0_l_0_0_0_0_0_0_0_0_0_0_0_0_0_0_0_0_0_0_0_0 = 1.84646e-10
Dr_0_0 = 1.55159e-16
Dr_0_0_l_0 = 1.87351e-10
Dr_0_0_l_0_0 = 1.19116e-10
Dr_0_0_l_0_0_0 = 1.75764e-10
Dr_0_0_l_0_0_0_0 = 1.34471e-10
Dr_0_0_l_0_0_0_0_0 = 1.65615e-10
Dr_0_0_l_0_0_0_0_0_0 = 1.36073e-10
Dr_0_0_l_0_0_0_0_0_0_0 = 1.56623e-10
Dr_0_0_l_0_0_0_0_0_0_0_0 = 1.33716e-10
Dr_0_0_l_0_0_0_0_0_0_0_0_0 = 1.48582e-10
Dr_0_0_l_0_0_0_0_0_0_0_0_0_0 = 1.29958e-10
Dr_0_0_l_0_0_0_0_0_0_0_0_0_0_0 = 1.41336e-10
Dr_0_0_l_0_0_0_0_0_0_0_0_0_0_0_0 = 1.25714e-10
Dr_0_0_l_0_0_0_0_0_0_0_0_0_0_0_0_0 = 1.34763e-10
Dr_0_0_l_0_0_0_0_0_0_0_0_0_0_0_0_0_0 = 1.21364e-10
Dr_0_0_l_0_0_0_0_0_0_0_0_0_0_0_0_0_0_0 = 1.28769e-10
Dr_0_0_l_0_0_0_0_0_0_0_0_0_0_0_0_0_0_0_0 = 1.17083e-10
Dr_0_0_l_0_0_0_0_0_0_0_0_0_0_0_0_0_0_0_0_0 = 1.23275e-10
Dr_0_0_l_0_0_0_0_0_0_0_0_0_0_0_0_0_0_0_0_0_0 = 1.12951e-10
Dr_0_0_l_0_0_0_0_0_0_0_0_0_0_0_0_0_0_0_0_0_0_0 = 1.18219e-10
Dr_0_0_l_0_0_0_0_0_0_0_0_0_0_0_0_0_0_0_0_0_0_0_0 = 1.09001e-10
Dr_0_0_l_0_0_0_0_0_0_0_0_0_0_0_0_0_0_0_0_0_0_0_0_0 = 1.13548e-10
Hl_0_0 = 0.00099999
Hl_0_0_l_0 = 0.000333323
Hl_0_0_l_0_0 = 0.000333323
Hl_0_0_l_0_0_0 = 0.00019999
Hl_0_0_l_0_0_0_0 = 0.00019999
Hl_0_0_l_0_0_0_0_0 = 0.000142847
Hl_0_0_l_0_0_0_0_0_0 = 0.000142847
Hl_0_0_l_0_0_0_0_0_0_0 = 0.000111101
Hl_0_0_l_0_0_0_0_0_0_0_0 = 0.000111101
Hl_0_0_l_0_0_0_0_0_0_0_0_0 = 9.08991e-05
Hl_0_0_l_0_0_0_0_0_0_0_0_0_0 = 9.08991e-05
Hl_0_0_l_0_0_0_0_0_0_0_0_0_0_0 = 7.69131e-05
Hl_0_0_l_0_0_0_0_0_0_0_0_0_0_0_0 = 7.69131e-05
Hl_0_0_l_0_0_0_0_0_0_0_0_0_0_0_0_0 = 6.66567e-05
Hl_0_0_l_0_0_0_0_0_0_0_0_0_0_0_0_0_0 = 6.66567e-05
Hl_0_0_l_0_0_0_0_0_0_0_0_0_0_0_0_0_0_0 = 5.88135e-05
Hl_0_0_l_0_0_0_0_0_0_0_0_0_0_0_0_0_0_0_0 = 5.88135e-05
Hl_0_0_l_0_0_0_0_0_0_0_0_0_0_0_0_0_0_0_0_0 = 5.26216e-05
Hl_0_0_l_0_0_0_0_0_0_0_0_0_0_0_0_0_0_0_0_0_0 = 5.26216e-05
Hl_0_0_l_0_0_0_0_0_0_0_0_0_0_0_0_0_0_0_0_0_0_0 = 4.7609e-05
Hl_0_0_l_0_0_0_0_0_0_0_0_0_0_0_0_0_0_0_0_0_0_0_0 = 4.7609e-05
Hr_0_0 = 0.00099999
I = 1
pi2_0_0_0_0 = 1.00006e-06
pi2_0_0_0_0_l_0 = 3.3336e-07
pi2_0_0_0_0_l_0_0 = 3.33353e-07
pi2_0_0_0_0_l_0_0_0 = 2.00011e-07
pi2_0_0_0_0_l_0_0_0_0 = 2.00008e-07
pi2_0_0_0_0_l_0_0_0_0_0 = 1.42862e-07
pi2_0_0_0_0_l_0_0_0_0_0_0 = 1.4286e-07
pi2_0_0_0_0_l_0_0_0_0_0_0_0 = 1.11112e-07
pi2_0_0_0_0_l_0_0_0_0_0_0_0_0 = 1.11111e-07
pi2_0_0_0_0_l_0_0_0_0_0_0_0_0_0 = 9.09075e-08
pi2_0_0_0_0_l_0_0_0_0_0_0_0_0_0_0 = 9.09066e-08
pi2_0_0_0_0_l_0_0_0_0_0_0_0_0_0_0_0 = 7.69199e-08
pi2_0_0_0_0_l_0_0_0_0_0_0_0_0_0_0_0_0 = 7.69192e-08
pi2_0_0_0_0_l_0_0_0_0_0_0_0_0_0_0_0_0_0 = 6.66622e-08
pi2_0_0_0_0_l_0_0_0_0_0_0_0_0_0_0_0_0_0_0 = 6.66617e-08
pi2_0_0_0_0_l_0_0_0_0_0_0_0_0_0_0_0_0_0_0_0 = 5.88182e-08
pi2_0_0_0_0_l_0_0_0_0_0_0_0_0_0_0_0_0_0_0_0_0 = 5.88178e-08
pi2_0_0_0_0_l_0_0_0_0_0_0_0_0_0_0_0_0_0_0_0_0_0 = 5.26255e-08
pi2_0_0_0_0_l_0_0_0_0_0_0_0_0_0_0_0_0_0_0_0_0_0_0 = 5.26252e-08
pi2_0_0_0_0_l_0_0_0_0_0_0_0_0_0_0_0_0_0_0_0_0_0_0_0 = 4.76125e-08
pi2_0_0_0_0_l_0_0_0_0_0_0_0_0_0_0_0_0_0_0_0_0_0_0_0_0 = 4.76122e-08
