DD_0_0 = 5.29871e-07
DD_0_0_l_0 = 6.07857e-08
DD_0_0_l_0_0 = 8.97404e-08
DD_0_0_l_0_0_0 = 2.43532e-08
DD_0_0_l_0_0_0_0 = 3.4285e-08
DD_0_0_l_0_0_0_0_0 = 1.28673e-08
DD_0_0_l_0_0_0_0_0_0 = 1.74793e-08
DD_0_0_l_0_0_0_0_0_0_0 = 7.87221e-09
DD_0_0_l_0_0_0_0_0_0_0_0 = 1.03975e-08
DD_0_0_l_0_0_0_0_0_0_0_0_0 = 5.28137e-09
DD_0_0_l_0_0_0_0_0_0_0_0_0_0 = 6.78643e-09
Dr_0_0 = 2.1168e-08
Dr_0_0_l_0 = 4.24473e-07
Dr_0_0_l_0_0 = 6.60704e-08
Dr_0_0_l_0_0_0 = 1.96097e-07
Dr_0_0_l_0_0_0_0 = 4.69148e-08
Dr_0_0_l_0_0_0_0_0 = 1.15172e-07
Dr_0_0_l_0_0_0_0_0_0 = 3.39973e-08
Dr_0_0_l_0_0_0_0_0_0_0 = 7.6575e-08
Dr_0_0_l_0_0_0_0_0_0_0_0 = 2.57243e-08
Dr_0_0_l_0_0_0_0_0_0_0_0_0 = 5.49541e-08
Dr_0_0_l_0_0_0_0_0_0_0_0_0_0 = 2.03696e-08
Dr_0_0_l_0_0_0_0_0_0_0_0_0_0_0 = 4.13343e-08
Hl_0_0 = 0.00096668
Hl_0_0_l_0 = 0.000333102
Hl_0_0_l_0_0 = 0.00032666
Hl_0_0_l_0_0_0 = 0.000199895
Hl_0_0_l_0_0_0_0 = 0.000197134
Hl_0_0_l_0_0_0_0_0 = 0.000142794
Hl_0_0_l_0_0_0_0_0_0 = 0.00014126
Hl_0_0_l_0_0_0_0_0_0_0 = 0.000111068
Hl_0_0_l_0_0_0_0_0_0_0_0 = 0.000110091
Hl_0_0_l_0_0_0_0_0_0_0_0_0 = 9.08771e-05
Hl_0_0_l_0_0_0_0_0_0_0_0_0_0 = 9.00803e-05
Hr_0_0 = 0.000999988
I = 1
pi2_0_0_0_0 = 1.17834e-06
pi2_0_0_0_0_l_0 = 3.5548e-07
pi2_0_0_0_0_l_0_0 = 3.5231e-07
pi2_0_0_0_0_l_0_0_0 = 2.07661e-07
pi2_0_0_0_0_l_0_0_0_0 = 2.03843e-07
pi2_0_0_0_0_l_0_0_0_0_0 = 1.46399e-07
pi2_0_0_0_0_l_0_0_0_0_0_0 = 1.4338e-07
pi2_0_0_0_0_l_0_0_0_0_0_0_0 = 1.13023e-07
pi2_0_0_0_0_l_0_0_0_0_0_0_0_0 = 1.10697e-07
pi2_0_0_0_0_l_0_0_0_0_0_0_0_0_0 = 9.20659e-08
pi2_0_0_0_0_l_0_0_0_0_0_0_0_0_0_0 = 9.00955e-08
