DD_0_0 = 5.24038e-07
DD_0_0_l_0 = 6.05491e-08
DD_0_0_l_0_0 = 8.89027e-08
DD_0_0_l_0_0_0 = 2.42752e-08
DD_0_0_l_0_0_0_0 = 3.39531e-08
DD_0_0_l_0_0_0_0_0 = 1.29113e-08
Dr_0_0 = 2.08972e-08
Dr_0_0_l_0 = 4.19052e-07
Dr_0_0_l_0_0 = 6.56958e-08
Dr_0_0_l_0_0_0 = 1.93757e-07
Dr_0_0_l_0_0_0_0 = 4.66948e-08
Dr_0_0_l_0_0_0_0_0 = 1.12804e-07
Dr_0_0_l_0_0_0_0_0_0 = 3.442e-08
Hl_0_0 = 0.00096668
Hl_0_0_l_0 = 0.000333102
Hl_0_0_l_0_0 = 0.00032666
Hl_0_0_l_0_0_0 = 0.000199895
Hl_0_0_l_0_0_0_0 = 0.000197135
Hl_0_0_l_0_0_0_0_0 = 0.000142769
Hr_0_0 = 0.000999988
I = 1
pi2_0_0_0_0 = 1.17563e-06
pi2_0_0_0_0_l_0 = 3.55369e-07
pi2_0_0_0_0_l_0_0 = 3.52029e-07
pi2_0_0_0_0_l_0_0_0 = 2.07634e-07
pi2_0_0_0_0_l_0_0_0_0 = 2.03585e-07
pi2_0_0_0_0_l_0_0_0_0_0 = 1.4647e-07
