DD_0_0 = 4.72177e-07
DD_0_0_l_0 = 5.83007e-08
DD_0_0_l_0_0 = 8.14327e-08
DD_0_0_l_0_0_0 = 2.35065e-08
DD_0_0_l_0_0_0_0 = 3.15017e-08
DD_0_0_l_0_0_0_0_0 = 1.24761e-08
DD_0_0_l_0_0_0_0_0_0 = 1.62098e-08
DD_0_0_l_0_0_0_0_0_0_0 = 7.65896e-09
DD_0_0_l_0_0_0_0_0_0_0_0 = 9.71225e-09
DD_0_0_l_0_0_0_0_0_0_0_0_0 = 5.14918e-09
DD_0_0_l_0_0_0_0_0_0_0_0_0_0 = 6.40236e-09
DD_0_0_l_0_0_0_0_0_0_0_0_0_0_0 = 3.68463e-09
DD_0_0_l_0_0_0_0_0_0_0_0_0_0_0_0 = 4.50707e-09
DD_0_0_l_0_0_0_0_0_0_0_0_0_0_0_0_0 = 2.75938e-09
DD_0_0_l_0_0_0_0_0_0_0_0_0_0_0_0_0_0 = 3.32887e-09
DD_0_0_l_0_0_0_0_0_0_0_0_0_0_0_0_0_0_0 = 2.13938e-09
DD_0_0_l_0_0_0_0_0_0_0_0_0_0_0_0_0_0_0_0 = 2.55037e-09
DD_0_0_l_0_0_0_0_0_0_0_0_0_0_0_0_0_0_0_0_0 = 1.7046e-09
DD_0_0_l_0_0_0_0_0_0_0_0_0_0_0_0_0_0_0_0_0_0 = 2.01111e-09
DD_0_0_l_0_0_0_0_0_0_0_0_0_0_0_0_0_0_0_0_0_0_0 = 1.38861e-09
DD_0_0_l_0_0_0_0_0_0_0_0_0_0_0_0_0_0_0_0_0_0_0_0 = 1.62103e-09
Dr_0_0 = 1.84956e-08
Dr_0_0_l_0 = 3.70973e-07
Dr_0_0_l_0_0 = 6.21837e-08
Dr_0_0_l_0_0_0 = 1.72978e-07
Dr_0_0_l_0_0_0_0 = 4.44109e-08
Dr_0_0_l_0_0_0_0_0 = 1.02256e-07
Dr_0_0_l_0_0_0_0_0_0 = 3.22982e-08
Dr_0_0_l_0_0_0_0_0_0_0 = 6.83216e-08
Dr_0_0_l_0_0_0_0_0_0_0_0 = 2.45031e-08
Dr_0_0_l_0_0_0_0_0_0_0_0_0 = 4.92238e-08
Dr_0_0_l_0_0_0_0_0_0_0_0_0_0 = 1.92672e-08
Dr_0_0_l_0_0_0_0_0_0_0_0_0_0_0 = 3.7331e-08
Dr_0_0_l_0_0_0_0_0_0_0_0_0_0_0_0 = 1.55879e-08
Dr_0_0_l_0_0_0_0_0_0_0_0_0_0_0_0_0 = 2.93856e-08
Dr_0_0_l_0_0_0_0_0_0_0_0_0_0_0_0_0_0 = 1.29011e-08
Dr_0_0_l_0_0_0_0_0_0_0_0_0_0_0_0_0_0_0 = 2.37949e-08
Dr_0_0_l_0_0_0_0_0_0_0_0_0_0_0_0_0_0_0_0 = 1.0876e-08
Dr_0_0_l_0_0_0_0_0_0_0_0_0_0_0_0_0_0_0_0_0 = 1.97012e-08
Dr_0_0_l_0_0_0_0_0_0_0_0_0_0_0_0_0_0_0_0_0_0 = 9.30912e-09
Dr_0_0_l_0_0_0_0_0_0_0_0_0_0_0_0_0_0_0_0_0_0_0 = 1.66071e-08
Dr_0_0_l_0_0_0_0_0_0_0_0_0_0_0_0_0_0_0_0_0_0_0_0 = 8.09859e-09
Dr_0_0_l_0_0_0_0_0_0_0_0_0_0_0_0_0_0_0_0_0_0_0_0_0 = 1.41756e-08
Hl_0_0 = 0.00096668
Hl_0_0_l_0 = 0.000333102
Hl_0_0_l_0_0 = 0.00032666
Hl_0_0_l_0_0_0 = 0.000199895
Hl_0_0_l_0_0_0_0 = 0.000197134
Hl_0_0_l_0_0_0_0_0 = 0.000142794
Hl_0_0_l_0_0_0_0_0_0 = 0.00014126
Hl_0_0_l_0_0_0_0_0_0_0 = 0.000111068
Hl_0_0_l_0_0_0_0_0_0_0_0 = 0.000110091
Hl_0_0_l_0_0_0_0_0_0_0_0_0 = 9.08759e-05
Hl_0_0_l_0_0_0_0_0_0_0_0_0_0 = 9.02e-05
Hl_0_0_l_0_0_0_0_0_0_0_0_0_0_0 = 7.68961e-05
Hl_0_0_l_0_0_0_0_0_0_0_0_0_0_0_0 = 7.64004e-05
Hl_0_0_l_0_0_0_0_0_0_0_0_0_0_0_0_0 = 6.66437e-05
Hl_0_0_l_0_0_0_0_0_0_0_0_0_0_0_0_0_0 = 6.62646e-05
Hl_0_0_l_0_0_0_0_0_0_0_0_0_0_0_0_0_0_0 = 5.88033e-05
Hl_0_0_l_0_0_0_0_0_0_0_0_0_0_0_0_0_0_0_0 = 5.8504e-05
Hl_0_0_l_0_0_0_0_0_0_0_0_0_0_0_0_0_0_0_0_0 = 5.26133e-05
Hl_0_0_l_0_0_0_0_0_0_0_0_0_0_0_0_0_0_0_0_0_0 = 5.2371e-05
Hl_0_0_l_0_0_0_0_0_0_0_0_0_0_0_0_0_0_0_0_0_0_0 = 4.76023e-05
Hl_0_0_l_0_0_0_0_0_0_0_0_0_0_0_0_0_0_0_0_0_0_0_0 = 4.73835e-05
Hr_0_0 = 0.000999988
I = 1
pi2_0_0_0_0 = 1.15163e-06
pi2_0_0_0_0_l_0 = 3.54316e-07
pi2_0_0_0_0_l_0_0 = 3.49531e-07
pi2_0_0_0_0_l_0_0_0 = 2.07304e-07
pi2_0_0_0_0_l_0_0_0_0 = 2.03268e-07
pi2_0_0_0_0_l_0_0_0_0_0 = 1.46251e-07
pi2_0_0_0_0_l_0_0_0_0_0_0 = 1.43281e-07
pi2_0_0_0_0_l_0_0_0_0_0_0_0 = 1.12952e-07
pi2_0_0_0_0_l_0_0_0_0_0_0_0_0 = 1.10731e-07
pi2_0_0_0_0_l_0_0_0_0_0_0_0_0_0 = 9.20088e-08
pi2_0_0_0_0_l_0_0_0_0_0_0_0_0_0_0 = 9.02993e-08
pi2_0_0_0_0_l_0_0_0_0_0_0_0_0_0_0_0 = 7.76248e-08
pi2_0_0_0_0_l_0_0_0_0_0_0_0_0_0_0_0_0 = 7.62728e-08
pi2_0_0_0_0_l_0_0_0_0_0_0_0_0_0_0_0_0_0 = 6.7136e-08
pi2_0_0_0_0_l_0_0_0_0_0_0_0_0_0_0_0_0_0_0 = 6.60418e-08
pi2_0_0_0_0_l_0_0_0_0_0_0_0_0_0_0_0_0_0_0_0 = 5.91485e-08
pi2_0_0_0_0_l_0_0_0_0_0_0_0_0_0_0_0_0_0_0_0_0 = 5.82455e-08
pi2_0_0_0_0_l_0_0_0_0_0_0_0_0_0_0_0_0_0_0_0_0_0 = 5.28625e-08
pi2_0_0_0_0_l_0_0_0_0_0_0_0_0_0_0_0_0_0_0_0_0_0_0 = 5.2105e-08
pi2_0_0_0_0_l_0_0_0_0_0_0_0_0_0_0_0_0_0_0_0_0_0_0_0 = 4.77878e-08
pi2_0_0_0_0_l_0_0_0_0_0_0_0_0_0_0_0_0_0_0_0_0_0_0_0_0 = 4.71237e-08
