D^2   = 2.385991911491958e-05
Dz    = 1.5925608101105485e-05
pi(A) = 0.019333144316201305
pi(B) = 0.020000000000000136
pi2   = 0.00010459241383928018
