DD_0_0 = 2.39628e-05
DD_0_0_l_0 = 4.30802e-06
DD_0_0_l_0_0 = 4.69385e-06
DD_0_0_l_0_0_0 = 1.82168e-06
DD_0_0_l_0_0_0_0 = 1.9707e-06
DD_0_0_l_0_0_0_0_0 = 9.99618e-07
DD_0_0_l_0_0_0_0_0_0 = 1.0748e-06
DD_0_0_l_0_0_0_0_0_0_0 = 6.2911e-07
DD_0_0_l_0_0_0_0_0_0_0_0 = 6.72908e-07
DD_0_0_l_0_0_0_0_0_0_0_0_0 = 4.31244e-07
DD_0_0_l_0_0_0_0_0_0_0_0_0_0 = 4.59207e-07
DD_0_0_l_0_0_0_0_0_0_0_0_0_0_0 = 3.1345e-07
DD_0_0_l_0_0_0_0_0_0_0_0_0_0_0_0 = 3.32483e-07
DD_0_0_l_0_0_0_0_0_0_0_0_0_0_0_0_0 = 2.37788e-07
DD_0_0_l_0_0_0_0_0_0_0_0_0_0_0_0_0_0 = 2.51371e-07
DD_0_0_l_0_0_0_0_0_0_0_0_0_0_0_0_0_0_0 = 1.86373e-07
DD_0_0_l_0_0_0_0_0_0_0_0_0_0_0_0_0_0_0_0 = 1.96429e-07
DD_0_0_l_0_0_0_0_0_0_0_0_0_0_0_0_0_0_0_0_0 = 1.49882e-07
DD_0_0_l_0_0_0_0_0_0_0_0_0_0_0_0_0_0_0_0_0_0 = 1.57548e-07
DD_0_0_l_0_0_0_0_0_0_0_0_0_0_0_0_0_0_0_0_0_0_0 = 1.23075e-07
DD_0_0_l_0_0_0_0_0_0_0_0_0_0_0_0_0_0_0_0_0_0_0_0 = 1.28932e-07
Dr_0_0 = 7.97495e-07
Dr_0_0_l_0 = 1.60247e-05
Dr_0_0_l_0_0 = 4.02144e-06
Dr_0_0_l_0_0_0 = 8.04771e-06
Dr_0_0_l_0_0_0_0 = 2.98767e-06
Dr_0_0_l_0_0_0_0_0 = 5.00238e-06
Dr_0_0_l_0_0_0_0_0_0 = 2.23013e-06
Dr_0_0_l_0_0_0_0_0_0_0 = 3.46856e-06
Dr_0_0_l_0_0_0_0_0_0_0_0 = 1.72522e-06
Dr_0_0_l_0_0_0_0_0_0_0_0_0 = 2.57237e-06
Dr_0_0_l_0_0_0_0_0_0_0_0_0_0 = 1.37774e-06
Dr_0_0_l_0_0_0_0_0_0_0_0_0_0_0 = 1.99718e-06
Dr_0_0_l_0_0_0_0_0_0_0_0_0_0_0_0 = 1.12893e-06
Dr_0_0_l_0_0_0_0_0_0_0_0_0_0_0_0_0 = 1.60317e-06
Dr_0_0_l_0_0_0_0_0_0_0_0_0_0_0_0_0_0 = 9.44429e-07
Dr_0_0_l_0_0_0_0_0_0_0_0_0_0_0_0_0_0_0 = 1.31998e-06
Dr_0_0_l_0_0_0_0_0_0_0_0_0_0_0_0_0_0_0_0 = 8.03567e-07
Dr_0_0_l_0_0_0_0_0_0_0_0_0_0_0_0_0_0_0_0_0 = 1.10879e-06
Dr_0_0_l_0_0_0_0_0_0_0_0_0_0_0_0_0_0_0_0_0_0 = 6.93368e-07
Dr_0_0_l_0_0_0_0_0_0_0_0_0_0_0_0_0_0_0_0_0_0_0 = 9.46585e-07
Dr_0_0_l_0_0_0_0_0_0_0_0_0_0_0_0_0_0_0_0_0_0_0_0 = 6.06365e-07
Dr_0_0_l_0_0_0_0_0_0_0_0_0_0_0_0_0_0_0_0_0_0_0_0_0 = 8.17719e-07
Hl_0_0 = 0.0096668
Hl_0_0_l_0 = 0.00333102
Hl_0_0_l_0_0 = 0.0032666
Hl_0_0_l_0_0_0 = 0.00199895
Hl_0_0_l_0_0_0_0 = 0.00197134
Hl_0_0_l_0_0_0_0_0 = 0.00142794
Hl_0_0_l_0_0_0_0_0_0 = 0.0014126
Hl_0_0_l_0_0_0_0_0_0_0 = 0.00111068
Hl_0_0_l_0_0_0_0_0_0_0_0 = 0.00110091
Hl_0_0_l_0_0_0_0_0_0_0_0_0 = 0.000908759
Hl_0_0_l_0_0_0_0_0_0_0_0_0_0 = 0.000902
Hl_0_0_l_0_0_0_0_0_0_0_0_0_0_0 = 0.000768961
Hl_0_0_l_0_0_0_0_0_0_0_0_0_0_0_0 = 0.000764004
Hl_0_0_l_0_0_0_0_0_0_0_0_0_0_0_0_0 = 0.000666437
Hl_0_0_l_0_0_0_0_0_0_0_0_0_0_0_0_0_0 = 0.000662646
Hl_0_0_l_0_0_0_0_0_0_0_0_0_0_0_0_0_0_0 = 0.000588033
Hl_0_0_l_0_0_0_0_0_0_0_0_0_0_0_0_0_0_0_0 = 0.00058504
Hl_0_0_l_0_0_0_0_0_0_0_0_0_0_0_0_0_0_0_0_0 = 0.000526133
Hl_0_0_l_0_0_0_0_0_0_0_0_0_0_0_0_0_0_0_0_0_0 = 0.00052371
Hl_0_0_l_0_0_0_0_0_0_0_0_0_0_0_0_0_0_0_0_0_0_0 = 0.000476023
Hl_0_0_l_0_0_0_0_0_0_0_0_0_0_0_0_0_0_0_0_0_0_0_0 = 0.000473835
Hr_0_0 = 0.00999982
I = 1
pi2_0_0_0_0 = 0.000104648
pi2_0_0_0_0_l_0 = 3.47242e-05
pi2_0_0_0_0_l_0_0 = 3.38172e-05
pi2_0_0_0_0_l_0_0_0 = 2.05059e-05
pi2_0_0_0_0_l_0_0_0_0 = 2.00774e-05
pi2_0_0_0_0_l_0_0_0_0_0 = 1.45293e-05
pi2_0_0_0_0_l_0_0_0_0_0_0 = 1.42753e-05
pi2_0_0_0_0_l_0_0_0_0_0_0_0 = 1.12473e-05
pi2_0_0_0_0_l_0_0_0_0_0_0_0_0 = 1.1078e-05
pi2_0_0_0_0_l_0_0_0_0_0_0_0_0_0 = 9.17452e-06
pi2_0_0_0_0_l_0_0_0_0_0_0_0_0_0_0 = 9.05313e-06
pi2_0_0_0_0_l_0_0_0_0_0_0_0_0_0_0_0 = 7.74703e-06
pi2_0_0_0_0_l_0_0_0_0_0_0_0_0_0_0_0_0 = 7.65552e-06
pi2_0_0_0_0_l_0_0_0_0_0_0_0_0_0_0_0_0_0 = 6.70416e-06
pi2_0_0_0_0_l_0_0_0_0_0_0_0_0_0_0_0_0_0_0 = 6.63261e-06
pi2_0_0_0_0_l_0_0_0_0_0_0_0_0_0_0_0_0_0_0_0 = 5.90894e-06
pi2_0_0_0_0_l_0_0_0_0_0_0_0_0_0_0_0_0_0_0_0_0 = 5.8514e-06
pi2_0_0_0_0_l_0_0_0_0_0_0_0_0_0_0_0_0_0_0_0_0_0 = 5.28251e-06
pi2_0_0_0_0_l_0_0_0_0_0_0_0_0_0_0_0_0_0_0_0_0_0_0 = 5.2352e-06
pi2_0_0_0_0_l_0_0_0_0_0_0_0_0_0_0_0_0_0_0_0_0_0_0_0 = 4.77633e-06
pi2_0_0_0_0_l_0_0_0_0_0_0_0_0_0_0_0_0_0_0_0_0_0_0_0_0 = 4.73483e-06
