DD_0_0 = 4.26687e-06
DD_0_0_l_0 = 1.25967e-06
DD_0_0_l_0_0 = 1.18193e-06
DD_0_0_l_0_0_0 = 6.4051e-07
DD_0_0_l_0_0_0_0 = 6.10237e-07
DD_0_0_l_0_0_0_0_0 = 3.98942e-07
Dr_0_0 = 5.68004e-08
Dr_0_0_l_0 = 1.14889e-06
Dr_0_0_l_0_0 = 5.7349e-07
Dr_0_0_l_0_0_0 = 8.05186e-07
Dr_0_0_l_0_0_0_0 = 5.106e-07
Dr_0_0_l_0_0_0_0_0 = 6.14826e-07
Dr_0_0_l_0_0_0_0_0_0 = 4.3308e-07
Hl_0_0 = 0.0096668
Hl_0_0_l_0 = 0.00333102
Hl_0_0_l_0_0 = 0.0032666
Hl_0_0_l_0_0_0 = 0.00199895
Hl_0_0_l_0_0_0_0 = 0.00197135
Hl_0_0_l_0_0_0_0_0 = 0.00142769
Hr_0_0 = 0.00999989
I = 1
pi2_0_0_0_0 = 9.72365e-05
pi2_0_0_0_0_l_0 = 3.35167e-05
pi2_0_0_0_0_l_0_0 = 3.28127e-05
pi2_0_0_0_0_l_0_0_0 = 2.00834e-05
pi2_0_0_0_0_l_0_0_0_0 = 1.9783e-05
pi2_0_0_0_0_l_0_0_0_0_0 = 1.43303e-05
