DD_0_0 = 4.26687e-06
DD_0_0_l_0 = 1.25967e-06
DD_0_0_l_0_0 = 1.18193e-06
DD_0_0_l_0_0_0 = 6.4051e-07
DD_0_0_l_0_0_0_0 = 6.10252e-07
DD_0_0_l_0_0_0_0_0 = 3.99106e-07
DD_0_0_l_0_0_0_0_0_0 = 3.83845e-07
DD_0_0_l_0_0_0_0_0_0_0 = 2.7611e-07
DD_0_0_l_0_0_0_0_0_0_0_0 = 2.67263e-07
DD_0_0_l_0_0_0_0_0_0_0_0_0 = 2.03817e-07
DD_0_0_l_0_0_0_0_0_0_0_0_0_0 = 1.97826e-07
Dr_0_0 = 5.68004e-08
Dr_0_0_l_0 = 1.14889e-06
Dr_0_0_l_0_0 = 5.7349e-07
Dr_0_0_l_0_0_0 = 8.05186e-07
Dr_0_0_l_0_0_0_0 = 5.10592e-07
Dr_0_0_l_0_0_0_0_0 = 6.1549e-07
Dr_0_0_l_0_0_0_0_0_0 = 4.32496e-07
Dr_0_0_l_0_0_0_0_0_0_0 = 4.94005e-07
Dr_0_0_l_0_0_0_0_0_0_0_0 = 3.68254e-07
Dr_0_0_l_0_0_0_0_0_0_0_0_0 = 4.09493e-07
Dr_0_0_l_0_0_0_0_0_0_0_0_0_0 = 3.17665e-07
Dr_0_0_l_0_0_0_0_0_0_0_0_0_0_0 = 3.46824e-07
Hl_0_0 = 0.0096668
Hl_0_0_l_0 = 0.00333102
Hl_0_0_l_0_0 = 0.0032666
Hl_0_0_l_0_0_0 = 0.00199895
Hl_0_0_l_0_0_0_0 = 0.00197134
Hl_0_0_l_0_0_0_0_0 = 0.00142794
Hl_0_0_l_0_0_0_0_0_0 = 0.0014126
Hl_0_0_l_0_0_0_0_0_0_0 = 0.00111068
Hl_0_0_l_0_0_0_0_0_0_0_0 = 0.00110091
Hl_0_0_l_0_0_0_0_0_0_0_0_0 = 0.000908771
Hl_0_0_l_0_0_0_0_0_0_0_0_0_0 = 0.000900803
Hr_0_0 = 0.00999989
I = 1
pi2_0_0_0_0 = 9.72365e-05
pi2_0_0_0_0_l_0 = 3.35167e-05
pi2_0_0_0_0_l_0_0 = 3.28127e-05
pi2_0_0_0_0_l_0_0_0 = 2.00834e-05
pi2_0_0_0_0_l_0_0_0_0 = 1.9783e-05
pi2_0_0_0_0_l_0_0_0_0_0 = 1.43328e-05
pi2_0_0_0_0_l_0_0_0_0_0_0 = 1.41664e-05
pi2_0_0_0_0_l_0_0_0_0_0_0_0 = 1.11408e-05
pi2_0_0_0_0_l_0_0_0_0_0_0_0_0 = 1.10352e-05
pi2_0_0_0_0_l_0_0_0_0_0_0_0_0_0 = 9.11116e-06
pi2_0_0_0_0_l_0_0_0_0_0_0_0_0_0_0 = 9.02601e-06
