D^2   = 4.21742542539254e-06
Dz    = 1.0971282571945018e-06
pi(A) = 0.01933314431620129
pi(B) = 0.020000000000000122
pi2   = 9.720082214700677e-05
