D^2   = -3.069449567769415e-05
Dz    = -0.00011967329515080351
pi(A) = 0.01933314431620129
pi(B) = 0.020000000000000122
pi2   = 5.399235061159722e-05
