DD_0_0 = 4.76188e-07
DD_0_0_l_0 = 1.60938e-07
DD_0_0_l_0_0 = 1.56389e-07
DD_0_0_l_0_0_0 = 9.39585e-08
DD_0_0_l_0_0_0_0 = 9.18511e-08
DD_0_0_l_0_0_0_0_0 = 6.53728e-08
DD_0_0_l_0_0_0_0_0_0 = 6.4129e-08
DD_0_0_l_0_0_0_0_0_0_0 = 4.95764e-08
DD_0_0_l_0_0_0_0_0_0_0_0 = 4.8746e-08
DD_0_0_l_0_0_0_0_0_0_0_0_0 = 3.9587e-08
DD_0_0_l_0_0_0_0_0_0_0_0_0_0 = 3.89322e-08
Dr_0_0 = 9.05874e-10
Dr_0_0_l_0 = 1.83944e-08
Dr_0_0_l_0_0 = 1.2181e-08
Dr_0_0_l_0_0_0 = 1.73701e-08
Dr_0_0_l_0_0_0_0 = 1.35938e-08
Dr_0_0_l_0_0_0_0_0 = 1.6414e-08
Dr_0_0_l_0_0_0_0_0_0 = 1.37034e-08
Dr_0_0_l_0_0_0_0_0_0_0 = 1.55479e-08
Dr_0_0_l_0_0_0_0_0_0_0_0 = 1.34407e-08
Dr_0_0_l_0_0_0_0_0_0_0_0_0 = 1.47652e-08
Dr_0_0_l_0_0_0_0_0_0_0_0_0_0 = 1.30529e-08
Dr_0_0_l_0_0_0_0_0_0_0_0_0_0_0 = 1.40434e-08
Hl_0_0 = 0.0096668
Hl_0_0_l_0 = 0.00333102
Hl_0_0_l_0_0 = 0.0032666
Hl_0_0_l_0_0_0 = 0.00199895
Hl_0_0_l_0_0_0_0 = 0.00197134
Hl_0_0_l_0_0_0_0_0 = 0.00142794
Hl_0_0_l_0_0_0_0_0_0 = 0.0014126
Hl_0_0_l_0_0_0_0_0_0_0 = 0.00111068
Hl_0_0_l_0_0_0_0_0_0_0_0 = 0.00110091
Hl_0_0_l_0_0_0_0_0_0_0_0_0 = 0.000908771
Hl_0_0_l_0_0_0_0_0_0_0_0_0_0 = 0.000900803
Hr_0_0 = 0.0099999
I = 1
pi2_0_0_0_0 = 9.66752e-05
pi2_0_0_0_0_l_0 = 3.33138e-05
pi2_0_0_0_0_l_0_0 = 3.26689e-05
pi2_0_0_0_0_l_0_0_0 = 1.99916e-05
pi2_0_0_0_0_l_0_0_0_0 = 1.97152e-05
pi2_0_0_0_0_l_0_0_0_0_0 = 1.42809e-05
pi2_0_0_0_0_l_0_0_0_0_0_0 = 1.41273e-05
pi2_0_0_0_0_l_0_0_0_0_0_0_0 = 1.11078e-05
pi2_0_0_0_0_l_0_0_0_0_0_0_0_0 = 1.10101e-05
pi2_0_0_0_0_l_0_0_0_0_0_0_0_0_0 = 9.08855e-06
pi2_0_0_0_0_l_0_0_0_0_0_0_0_0_0_0 = 9.00878e-06
