DD_0_0 = 4.76188e-07
DD_0_0_l_0 = 1.60938e-07
DD_0_0_l_0_0 = 1.56389e-07
DD_0_0_l_0_0_0 = 9.39585e-08
DD_0_0_l_0_0_0_0 = 9.18511e-08
DD_0_0_l_0_0_0_0_0 = 6.53728e-08
DD_0_0_l_0_0_0_0_0_0 = 6.4129e-08
DD_0_0_l_0_0_0_0_0_0_0 = 4.95764e-08
DD_0_0_l_0_0_0_0_0_0_0_0 = 4.8746e-08
DD_0_0_l_0_0_0_0_0_0_0_0_0 = 3.95864e-08
DD_0_0_l_0_0_0_0_0_0_0_0_0_0 = 3.8989e-08
DD_0_0_l_0_0_0_0_0_0_0_0_0_0_0 = 3.27178e-08
DD_0_0_l_0_0_0_0_0_0_0_0_0_0_0_0 = 3.22658e-08
DD_0_0_l_0_0_0_0_0_0_0_0_0_0_0_0_0 = 2.77181e-08
DD_0_0_l_0_0_0_0_0_0_0_0_0_0_0_0_0_0 = 2.73635e-08
DD_0_0_l_0_0_0_0_0_0_0_0_0_0_0_0_0_0_0 = 2.39246e-08
DD_0_0_l_0_0_0_0_0_0_0_0_0_0_0_0_0_0_0_0 = 2.36389e-08
DD_0_0_l_0_0_0_0_0_0_0_0_0_0_0_0_0_0_0_0_0 = 2.09542e-08
DD_0_0_l_0_0_0_0_0_0_0_0_0_0_0_0_0_0_0_0_0_0 = 2.07189e-08
DD_0_0_l_0_0_0_0_0_0_0_0_0_0_0_0_0_0_0_0_0_0_0 = 1.85697e-08
DD_0_0_l_0_0_0_0_0_0_0_0_0_0_0_0_0_0_0_0_0_0_0_0 = 1.83642e-08
Dr_0_0 = 9.05872e-10
Dr_0_0_l_0 = 1.83944e-08
Dr_0_0_l_0_0 = 1.2181e-08
Dr_0_0_l_0_0_0 = 1.73701e-08
Dr_0_0_l_0_0_0_0 = 1.35938e-08
Dr_0_0_l_0_0_0_0_0 = 1.6414e-08
Dr_0_0_l_0_0_0_0_0_0 = 1.37034e-08
Dr_0_0_l_0_0_0_0_0_0_0 = 1.55479e-08
Dr_0_0_l_0_0_0_0_0_0_0_0 = 1.34408e-08
Dr_0_0_l_0_0_0_0_0_0_0_0_0 = 1.47652e-08
Dr_0_0_l_0_0_0_0_0_0_0_0_0_0 = 1.30485e-08
Dr_0_0_l_0_0_0_0_0_0_0_0_0_0_0 = 1.40555e-08
Dr_0_0_l_0_0_0_0_0_0_0_0_0_0_0_0 = 1.26131e-08
Dr_0_0_l_0_0_0_0_0_0_0_0_0_0_0_0_0 = 1.34094e-08
Dr_0_0_l_0_0_0_0_0_0_0_0_0_0_0_0_0_0 = 1.21704e-08
Dr_0_0_l_0_0_0_0_0_0_0_0_0_0_0_0_0_0_0 = 1.28185e-08
Dr_0_0_l_0_0_0_0_0_0_0_0_0_0_0_0_0_0_0_0 = 1.17367e-08
Dr_0_0_l_0_0_0_0_0_0_0_0_0_0_0_0_0_0_0_0_0 = 1.2276e-08
Dr_0_0_l_0_0_0_0_0_0_0_0_0_0_0_0_0_0_0_0_0_0 = 1.13191e-08
Dr_0_0_l_0_0_0_0_0_0_0_0_0_0_0_0_0_0_0_0_0_0_0 = 1.17758e-08
Dr_0_0_l_0_0_0_0_0_0_0_0_0_0_0_0_0_0_0_0_0_0_0_0 = 1.09222e-08
Dr_0_0_l_0_0_0_0_0_0_0_0_0_0_0_0_0_0_0_0_0_0_0_0_0 = 1.13098e-08
Hl_0_0 = 0.0096668
Hl_0_0_l_0 = 0.00333102
Hl_0_0_l_0_0 = 0.0032666
Hl_0_0_l_0_0_0 = 0.00199895
Hl_0_0_l_0_0_0_0 = 0.00197134
Hl_0_0_l_0_0_0_0_0 = 0.00142794
Hl_0_0_l_0_0_0_0_0_0 = 0.0014126
Hl_0_0_l_0_0_0_0_0_0_0 = 0.00111068
Hl_0_0_l_0_0_0_0_0_0_0_0 = 0.00110091
Hl_0_0_l_0_0_0_0_0_0_0_0_0 = 0.000908759
Hl_0_0_l_0_0_0_0_0_0_0_0_0_0 = 0.000902
Hl_0_0_l_0_0_0_0_0_0_0_0_0_0_0 = 0.000768961
Hl_0_0_l_0_0_0_0_0_0_0_0_0_0_0_0 = 0.000764004
Hl_0_0_l_0_0_0_0_0_0_0_0_0_0_0_0_0 = 0.000666437
Hl_0_0_l_0_0_0_0_0_0_0_0_0_0_0_0_0_0 = 0.000662646
Hl_0_0_l_0_0_0_0_0_0_0_0_0_0_0_0_0_0_0 = 0.000588033
Hl_0_0_l_0_0_0_0_0_0_0_0_0_0_0_0_0_0_0_0 = 0.00058504
Hl_0_0_l_0_0_0_0_0_0_0_0_0_0_0_0_0_0_0_0_0 = 0.000526133
Hl_0_0_l_0_0_0_0_0_0_0_0_0_0_0_0_0_0_0_0_0_0 = 0.00052371
Hl_0_0_l_0_0_0_0_0_0_0_0_0_0_0_0_0_0_0_0_0_0_0 = 0.000476023
Hl_0_0_l_0_0_0_0_0_0_0_0_0_0_0_0_0_0_0_0_0_0_0_0 = 0.000473835
Hr_0_0 = 0.0099999
I = 1
pi2_0_0_0_0 = 9.66752e-05
pi2_0_0_0_0_l_0 = 3.33138e-05
pi2_0_0_0_0_l_0_0 = 3.26689e-05
pi2_0_0_0_0_l_0_0_0 = 1.99916e-05
pi2_0_0_0_0_l_0_0_0_0 = 1.97152e-05
pi2_0_0_0_0_l_0_0_0_0_0 = 1.42809e-05
pi2_0_0_0_0_l_0_0_0_0_0_0 = 1.41273e-05
pi2_0_0_0_0_l_0_0_0_0_0_0_0 = 1.11078e-05
pi2_0_0_0_0_l_0_0_0_0_0_0_0_0 = 1.10101e-05
pi2_0_0_0_0_l_0_0_0_0_0_0_0_0_0 = 9.08843e-06
pi2_0_0_0_0_l_0_0_0_0_0_0_0_0_0_0 = 9.02075e-06
pi2_0_0_0_0_l_0_0_0_0_0_0_0_0_0_0_0 = 7.69028e-06
pi2_0_0_0_0_l_0_0_0_0_0_0_0_0_0_0_0_0 = 7.64065e-06
pi2_0_0_0_0_l_0_0_0_0_0_0_0_0_0_0_0_0_0 = 6.66492e-06
pi2_0_0_0_0_l_0_0_0_0_0_0_0_0_0_0_0_0_0_0 = 6.62697e-06
pi2_0_0_0_0_l_0_0_0_0_0_0_0_0_0_0_0_0_0_0_0 = 5.88079e-06
pi2_0_0_0_0_l_0_0_0_0_0_0_0_0_0_0_0_0_0_0_0_0 = 5.85083e-06
pi2_0_0_0_0_l_0_0_0_0_0_0_0_0_0_0_0_0_0_0_0_0_0 = 5.26172e-06
pi2_0_0_0_0_l_0_0_0_0_0_0_0_0_0_0_0_0_0_0_0_0_0_0 = 5.23747e-06
pi2_0_0_0_0_l_0_0_0_0_0_0_0_0_0_0_0_0_0_0_0_0_0_0_0 = 4.76057e-06
pi2_0_0_0_0_l_0_0_0_0_0_0_0_0_0_0_0_0_0_0_0_0_0_0_0_0 = 4.73866e-06
