DD_0_0 = 3.12421e-05
DD_0_0_l_0 = 6.18197e-06
DD_0_0_l_0_0 = 5.9333e-06
DD_0_0_l_0_0_0 = 2.48302e-06
DD_0_0_l_0_0_0_0 = 2.43057e-06
DD_0_0_l_0_0_0_0_0 = 1.31295e-06
DD_0_0_l_0_0_0_0_0_0 = 1.2997e-06
DD_0_0_l_0_0_0_0_0_0_0 = 8.03304e-07
DD_0_0_l_0_0_0_0_0_0_0_0 = 8.00397e-07
DD_0_0_l_0_0_0_0_0_0_0_0_0 = 5.40321e-07
DD_0_0_l_0_0_0_0_0_0_0_0_0_0 = 5.25992e-07
Dr_0_0 = 1.21881e-05
Dr_0_0_l_0 = 2.59066e-05
Dr_0_0_l_0_0 = 9.24441e-06
Dr_0_0_l_0_0_0 = 1.2726e-05
Dr_0_0_l_0_0_0_0 = 6.01075e-06
Dr_0_0_l_0_0_0_0_0 = 7.77292e-06
Dr_0_0_l_0_0_0_0_0_0 = 4.21115e-06
Dr_0_0_l_0_0_0_0_0_0_0 = 5.31279e-06
Dr_0_0_l_0_0_0_0_0_0_0_0 = 3.12819e-06
Dr_0_0_l_0_0_0_0_0_0_0_0_0 = 3.88832e-06
Dr_0_0_l_0_0_0_0_0_0_0_0_0_0 = 2.47161e-06
Dr_0_0_l_0_0_0_0_0_0_0_0_0_0_0 = 2.90923e-06
Hl_0_0 = 0.00686964
Hl_0_0_l_0 = 0.00313029
Hl_0_0_l_0_0 = 0.00269578
Hl_0_0_l_0_0_0 = 0.00191239
Hl_0_0_l_0_0_0_0 = 0.00172397
Hl_0_0_l_0_0_0_0_0 = 0.00137967
Hl_0_0_l_0_0_0_0_0_0 = 0.0012742
Hl_0_0_l_0_0_0_0_0_0_0 = 0.00107988
Hl_0_0_l_0_0_0_0_0_0_0_0 = 0.00101233
Hl_0_0_l_0_0_0_0_0_0_0_0_0 = 0.000888118
Hl_0_0_l_0_0_0_0_0_0_0_0_0_0 = 0.000833247
Hr_0_0 = 0.00998771
I = 1
pi2_0_0_0_0 = 8.02443e-05
pi2_0_0_0_0_l_0 = 3.32527e-05
pi2_0_0_0_0_l_0_0 = 2.85093e-05
pi2_0_0_0_0_l_0_0_0 = 1.97485e-05
pi2_0_0_0_0_l_0_0_0_0 = 1.7681e-05
pi2_0_0_0_0_l_0_0_0_0_0 = 1.40597e-05
pi2_0_0_0_0_l_0_0_0_0_0_0 = 1.28951e-05
pi2_0_0_0_0_l_0_0_0_0_0_0_0 = 1.09255e-05
pi2_0_0_0_0_l_0_0_0_0_0_0_0_0 = 1.01743e-05
pi2_0_0_0_0_l_0_0_0_0_0_0_0_0_0 = 8.95074e-06
pi2_0_0_0_0_l_0_0_0_0_0_0_0_0_0_0 = 8.33974e-06
