D^2   = 3.123109185295512e-05
Dz    = 2.5899641345246378e-05
pi(A) = 0.013734349562049854
pi(B) = 0.020000000000000122
pi2   = 8.02427047680697e-05
