DD_0_0 = 2.96262e-05
DD_0_0_l_0 = 6.77807e-06
DD_0_0_l_0_0 = 4.88619e-06
Dr_0_0 = 1.15749e-05
Dr_0_0_l_0 = 2.44108e-05
Dr_0_0_l_0_0 = 1.03662e-05
Dr_0_0_l_0_0_0 = 1.08331e-05
Hl_0_0 = 0.00678571
Hl_0_0_l_0 = 0.00321422
Hl_0_0_l_0_0 = 0.00249994
Hr_0_0 = 0.00998833
I = 1
pi2_0_0_0_0 = 7.86146e-05
pi2_0_0_0_0_l_0 = 3.4617e-05
pi2_0_0_0_0_l_0_0 = 2.61514e-05
