D^2   = 3.092446618471078e-05
Dz    = 2.5603899214950766e-05
pi(A) = 0.013734349562049854
pi(B) = 0.020000000000000122
pi2   = 8.010837758530533e-05
