DD_0_0 = 3.09368e-05
DD_0_0_l_0 = 6.14813e-06
DD_0_0_l_0_0 = 5.88698e-06
DD_0_0_l_0_0_0 = 2.47148e-06
DD_0_0_l_0_0_0_0 = 2.41453e-06
DD_0_0_l_0_0_0_0_0 = 1.30762e-06
DD_0_0_l_0_0_0_0_0_0 = 1.29222e-06
DD_0_0_l_0_0_0_0_0_0_0 = 8.00398e-07
DD_0_0_l_0_0_0_0_0_0_0_0 = 7.96295e-07
DD_0_0_l_0_0_0_0_0_0_0_0_0 = 5.3854e-07
DD_0_0_l_0_0_0_0_0_0_0_0_0_0 = 5.23607e-07
Dr_0_0 = 1.20467e-05
Dr_0_0_l_0 = 2.56119e-05
Dr_0_0_l_0_0 = 9.16706e-06
Dr_0_0_l_0_0_0 = 1.25944e-05
Dr_0_0_l_0_0_0_0 = 5.96531e-06
Dr_0_0_l_0_0_0_0_0 = 7.69788e-06
Dr_0_0_l_0_0_0_0_0_0 = 4.18139e-06
Dr_0_0_l_0_0_0_0_0_0_0 = 5.26416e-06
Dr_0_0_l_0_0_0_0_0_0_0_0 = 3.1072e-06
Dr_0_0_l_0_0_0_0_0_0_0_0_0 = 3.85427e-06
Dr_0_0_l_0_0_0_0_0_0_0_0_0_0 = 2.45523e-06
Dr_0_0_l_0_0_0_0_0_0_0_0_0_0_0 = 2.88496e-06
Hl_0_0 = 0.00686964
Hl_0_0_l_0 = 0.00313029
Hl_0_0_l_0_0 = 0.00269578
Hl_0_0_l_0_0_0 = 0.00191239
Hl_0_0_l_0_0_0_0 = 0.00172397
Hl_0_0_l_0_0_0_0_0 = 0.00137967
Hl_0_0_l_0_0_0_0_0_0 = 0.0012742
Hl_0_0_l_0_0_0_0_0_0_0 = 0.00107988
Hl_0_0_l_0_0_0_0_0_0_0_0 = 0.00101233
Hl_0_0_l_0_0_0_0_0_0_0_0_0 = 0.000888118
Hl_0_0_l_0_0_0_0_0_0_0_0_0_0 = 0.000833247
Hr_0_0 = 0.00998785
I = 1
pi2_0_0_0_0 = 8.01117e-05
pi2_0_0_0_0_l_0 = 3.32405e-05
pi2_0_0_0_0_l_0_0 = 2.84953e-05
pi2_0_0_0_0_l_0_0_0 = 1.97455e-05
pi2_0_0_0_0_l_0_0_0_0 = 1.76783e-05
pi2_0_0_0_0_l_0_0_0_0_0 = 1.40588e-05
pi2_0_0_0_0_l_0_0_0_0_0_0 = 1.28948e-05
pi2_0_0_0_0_l_0_0_0_0_0_0_0 = 1.09253e-05
pi2_0_0_0_0_l_0_0_0_0_0_0_0_0 = 1.01747e-05
pi2_0_0_0_0_l_0_0_0_0_0_0_0_0_0 = 8.95077e-06
pi2_0_0_0_0_l_0_0_0_0_0_0_0_0_0_0 = 8.34034e-06
