DD_0_0 = 3.09332e-05
DD_0_0_l_0 = 6.15071e-06
DD_0_0_l_0_0 = 5.88258e-06
DD_0_0_l_0_0_0 = 2.48017e-06
DD_0_0_l_0_0_0_0 = 2.39669e-06
DD_0_0_l_0_0_0_0_0 = 1.30681e-06
Dr_0_0 = 1.20455e-05
Dr_0_0_l_0 = 2.56082e-05
Dr_0_0_l_0_0 = 9.17265e-06
Dr_0_0_l_0_0_0 = 1.25755e-05
Dr_0_0_l_0_0_0_0 = 6.04088e-06
Dr_0_0_l_0_0_0_0_0 = 7.30239e-06
Dr_0_0_l_0_0_0_0_0_0 = 4.30745e-06
Hl_0_0 = 0.00686975
Hl_0_0_l_0 = 0.00313018
Hl_0_0_l_0_0 = 0.00269603
Hl_0_0_l_0_0_0 = 0.00191164
Hl_0_0_l_0_0_0_0 = 0.00172698
Hl_0_0_l_0_0_0_0_0 = 0.00136461
Hr_0_0 = 0.00998785
I = 1
pi2_0_0_0_0 = 8.01096e-05
pi2_0_0_0_0_l_0 = 3.32439e-05
pi2_0_0_0_0_l_0_0 = 2.84885e-05
pi2_0_0_0_0_l_0_0_0 = 1.9763e-05
pi2_0_0_0_0_l_0_0_0_0 = 1.7633e-05
pi2_0_0_0_0_l_0_0_0_0_0 = 1.39293e-05
