DD_0_0 = 2.81949e-05
DD_0_0_l_0 = 5.83582e-06
DD_0_0_l_0_0 = 5.46876e-06
DD_0_0_l_0_0_0 = 2.36468e-06
DD_0_0_l_0_0_0_0 = 2.26927e-06
DD_0_0_l_0_0_0_0_0 = 1.25819e-06
DD_0_0_l_0_0_0_0_0_0 = 1.2243e-06
DD_0_0_l_0_0_0_0_0_0_0 = 7.73376e-07
DD_0_0_l_0_0_0_0_0_0_0_0 = 7.59232e-07
DD_0_0_l_0_0_0_0_0_0_0_0_0 = 5.2028e-07
DD_0_0_l_0_0_0_0_0_0_0_0_0_0 = 5.13827e-07
DD_0_0_l_0_0_0_0_0_0_0_0_0_0_0 = 3.72403e-07
DD_0_0_l_0_0_0_0_0_0_0_0_0_0_0_0 = 3.69338e-07
DD_0_0_l_0_0_0_0_0_0_0_0_0_0_0_0_0 = 2.78906e-07
DD_0_0_l_0_0_0_0_0_0_0_0_0_0_0_0_0_0 = 2.7746e-07
DD_0_0_l_0_0_0_0_0_0_0_0_0_0_0_0_0_0_0 = 2.16225e-07
DD_0_0_l_0_0_0_0_0_0_0_0_0_0_0_0_0_0_0_0 = 2.15597e-07
DD_0_0_l_0_0_0_0_0_0_0_0_0_0_0_0_0_0_0_0_0 = 1.72258e-07
DD_0_0_l_0_0_0_0_0_0_0_0_0_0_0_0_0_0_0_0_0_0 = 1.7205e-07
DD_0_0_l_0_0_0_0_0_0_0_0_0_0_0_0_0_0_0_0_0_0_0 = 1.40369e-07
DD_0_0_l_0_0_0_0_0_0_0_0_0_0_0_0_0_0_0_0_0_0_0_0 = 1.39217e-07
Dr_0_0 = 1.07803e-05
Dr_0_0_l_0 = 2.29698e-05
Dr_0_0_l_0_0 = 8.46298e-06
Dr_0_0_l_0_0_0 = 1.14118e-05
Dr_0_0_l_0_0_0_0 = 5.55017e-06
Dr_0_0_l_0_0_0_0_0 = 7.02221e-06
Dr_0_0_l_0_0_0_0_0_0 = 3.909e-06
Dr_0_0_l_0_0_0_0_0_0_0 = 4.82572e-06
Dr_0_0_l_0_0_0_0_0_0_0_0 = 2.91438e-06
Dr_0_0_l_0_0_0_0_0_0_0_0_0 = 3.5508e-06
Dr_0_0_l_0_0_0_0_0_0_0_0_0_0 = 2.26598e-06
Dr_0_0_l_0_0_0_0_0_0_0_0_0_0_0 = 2.73769e-06
Dr_0_0_l_0_0_0_0_0_0_0_0_0_0_0_0 = 1.81855e-06
Dr_0_0_l_0_0_0_0_0_0_0_0_0_0_0_0_0 = 2.18399e-06
Dr_0_0_l_0_0_0_0_0_0_0_0_0_0_0_0_0_0 = 1.49585e-06
Dr_0_0_l_0_0_0_0_0_0_0_0_0_0_0_0_0_0_0 = 1.78821e-06
Dr_0_0_l_0_0_0_0_0_0_0_0_0_0_0_0_0_0_0_0 = 1.25485e-06
Dr_0_0_l_0_0_0_0_0_0_0_0_0_0_0_0_0_0_0_0_0 = 1.49454e-06
Dr_0_0_l_0_0_0_0_0_0_0_0_0_0_0_0_0_0_0_0_0_0 = 1.06971e-06
Dr_0_0_l_0_0_0_0_0_0_0_0_0_0_0_0_0_0_0_0_0_0_0 = 1.26969e-06
Dr_0_0_l_0_0_0_0_0_0_0_0_0_0_0_0_0_0_0_0_0_0_0_0 = 9.31784e-07
Dr_0_0_l_0_0_0_0_0_0_0_0_0_0_0_0_0_0_0_0_0_0_0_0_0 = 1.08177e-06
Hl_0_0 = 0.00686964
Hl_0_0_l_0 = 0.00313029
Hl_0_0_l_0_0 = 0.00269578
Hl_0_0_l_0_0_0 = 0.00191239
Hl_0_0_l_0_0_0_0 = 0.00172397
Hl_0_0_l_0_0_0_0_0 = 0.00137967
Hl_0_0_l_0_0_0_0_0_0 = 0.00127421
Hl_0_0_l_0_0_0_0_0_0_0 = 0.00107987
Hl_0_0_l_0_0_0_0_0_0_0_0 = 0.00101241
Hl_0_0_l_0_0_0_0_0_0_0_0_0 = 0.000887392
Hl_0_0_l_0_0_0_0_0_0_0_0_0_0 = 0.000840513
Hl_0_0_l_0_0_0_0_0_0_0_0_0_0_0 = 0.000753268
Hl_0_0_l_0_0_0_0_0_0_0_0_0_0_0_0 = 0.000718791
Hl_0_0_l_0_0_0_0_0_0_0_0_0_0_0_0_0 = 0.000654423
Hl_0_0_l_0_0_0_0_0_0_0_0_0_0_0_0_0_0 = 0.000627998
Hl_0_0_l_0_0_0_0_0_0_0_0_0_0_0_0_0_0_0 = 0.000578539
Hl_0_0_l_0_0_0_0_0_0_0_0_0_0_0_0_0_0_0_0 = 0.000557639
Hl_0_0_l_0_0_0_0_0_0_0_0_0_0_0_0_0_0_0_0_0 = 0.000518442
Hl_0_0_l_0_0_0_0_0_0_0_0_0_0_0_0_0_0_0_0_0_0 = 0.000501494
Hl_0_0_l_0_0_0_0_0_0_0_0_0_0_0_0_0_0_0_0_0_0_0 = 0.000469724
Hl_0_0_l_0_0_0_0_0_0_0_0_0_0_0_0_0_0_0_0_0_0_0_0 = 0.000454453
Hr_0_0 = 0.00998912
I = 1
pi2_0_0_0_0 = 7.89235e-05
pi2_0_0_0_0_l_0 = 3.3128e-05
pi2_0_0_0_0_l_0_0 = 2.83691e-05
pi2_0_0_0_0_l_0_0_0 = 1.97177e-05
pi2_0_0_0_0_l_0_0_0_0 = 1.76531e-05
pi2_0_0_0_0_l_0_0_0_0_0 = 1.40509e-05
pi2_0_0_0_0_l_0_0_0_0_0_0 = 1.28918e-05
pi2_0_0_0_0_l_0_0_0_0_0_0_0 = 1.09235e-05
pi2_0_0_0_0_l_0_0_0_0_0_0_0_0 = 1.01793e-05
pi2_0_0_0_0_l_0_0_0_0_0_0_0_0_0 = 8.9398e-06
pi2_0_0_0_0_l_0_0_0_0_0_0_0_0_0_0 = 8.42077e-06
pi2_0_0_0_0_l_0_0_0_0_0_0_0_0_0_0_0 = 7.56855e-06
pi2_0_0_0_0_l_0_0_0_0_0_0_0_0_0_0_0_0 = 7.18555e-06
pi2_0_0_0_0_l_0_0_0_0_0_0_0_0_0_0_0_0_0 = 6.56359e-06
pi2_0_0_0_0_l_0_0_0_0_0_0_0_0_0_0_0_0_0_0 = 6.26914e-06
pi2_0_0_0_0_l_0_0_0_0_0_0_0_0_0_0_0_0_0_0_0 = 5.79517e-06
pi2_0_0_0_0_l_0_0_0_0_0_0_0_0_0_0_0_0_0_0_0_0 = 5.56165e-06
pi2_0_0_0_0_l_0_0_0_0_0_0_0_0_0_0_0_0_0_0_0_0_0 = 5.18843e-06
pi2_0_0_0_0_l_0_0_0_0_0_0_0_0_0_0_0_0_0_0_0_0_0_0 = 4.99857e-06
pi2_0_0_0_0_l_0_0_0_0_0_0_0_0_0_0_0_0_0_0_0_0_0_0_0 = 4.69803e-06
pi2_0_0_0_0_l_0_0_0_0_0_0_0_0_0_0_0_0_0_0_0_0_0_0_0_0 = 4.52802e-06
