DD_0_0 = 2.81923e-05
DD_0_0_l_0 = 5.83791e-06
DD_0_0_l_0_0 = 5.46517e-06
DD_0_0_l_0_0_0 = 2.37195e-06
DD_0_0_l_0_0_0_0 = 2.25448e-06
DD_0_0_l_0_0_0_0_0 = 1.25433e-06
Dr_0_0 = 1.07795e-05
Dr_0_0_l_0 = 2.29672e-05
Dr_0_0_l_0_0 = 8.46766e-06
Dr_0_0_l_0_0_0 = 1.13958e-05
Dr_0_0_l_0_0_0_0 = 5.61564e-06
Dr_0_0_l_0_0_0_0_0 = 6.67658e-06
Dr_0_0_l_0_0_0_0_0_0 = 4.01396e-06
Hl_0_0 = 0.00686975
Hl_0_0_l_0 = 0.00313018
Hl_0_0_l_0_0 = 0.00269603
Hl_0_0_l_0_0_0 = 0.00191164
Hl_0_0_l_0_0_0_0 = 0.00172698
Hl_0_0_l_0_0_0_0_0 = 0.00136461
Hr_0_0 = 0.00998912
I = 1
pi2_0_0_0_0 = 7.89221e-05
pi2_0_0_0_0_l_0 = 3.31306e-05
pi2_0_0_0_0_l_0_0 = 2.83636e-05
pi2_0_0_0_0_l_0_0_0 = 1.97318e-05
pi2_0_0_0_0_l_0_0_0_0 = 1.76175e-05
pi2_0_0_0_0_l_0_0_0_0_0 = 1.39175e-05
