D^2   = 2.8169082581179837e-05
Dz    = 2.2951144347093778e-05
pi(A) = 0.013734349562049854
pi(B) = 0.020000000000000122
pi2   = 7.890410757009502e-05
