DD_0_0 = 1.5208e-05
DD_0_0_l_0 = 4.0414e-06
DD_0_0_l_0_0 = 3.39731e-06
DD_0_0_l_0_0_0 = 1.73839e-06
DD_0_0_l_0_0_0_0 = 1.52643e-06
DD_0_0_l_0_0_0_0_0 = 9.49253e-07
Dr_0_0 = 4.92966e-06
Dr_0_0_l_0 = 1.06967e-05
Dr_0_0_l_0_0 = 4.79885e-06
Dr_0_0_l_0_0_0 = 5.78091e-06
Dr_0_0_l_0_0_0_0 = 3.35207e-06
Dr_0_0_l_0_0_0_0_0 = 3.62803e-06
Dr_0_0_l_0_0_0_0_0_0 = 2.45272e-06
Hl_0_0 = 0.00686975
Hl_0_0_l_0 = 0.00313018
Hl_0_0_l_0_0 = 0.00269603
Hl_0_0_l_0_0_0 = 0.00191164
Hl_0_0_l_0_0_0_0 = 0.00172698
Hl_0_0_l_0_0_0_0_0 = 0.00136461
Hr_0_0 = 0.00999497
I = 1
pi2_0_0_0_0 = 7.34235e-05
pi2_0_0_0_0_l_0 = 3.24611e-05
pi2_0_0_0_0_l_0_0 = 2.77454e-05
pi2_0_0_0_0_l_0_0_0 = 1.95365e-05
pi2_0_0_0_0_l_0_0_0_0 = 1.75205e-05
pi2_0_0_0_0_l_0_0_0_0_0 = 1.38413e-05
