DD_0_0 = 1.48335e-05
DD_0_0_l_0 = 4.32207e-06
DD_0_0_l_0_0 = 2.94054e-06
Dr_0_0 = 4.81593e-06
Dr_0_0_l_0 = 1.04027e-05
Dr_0_0_l_0_0 = 5.31259e-06
Dr_0_0_l_0_0_0 = 5.18346e-06
Hl_0_0 = 0.00678571
Hl_0_0_l_0 = 0.00321422
Hl_0_0_l_0_0 = 0.00249994
Hr_0_0 = 0.00999508
I = 1
pi2_0_0_0_0 = 7.24065e-05
pi2_0_0_0_0_l_0 = 3.35187e-05
pi2_0_0_0_0_l_0_0 = 2.56481e-05
