DD_0_0 = 1.5208e-05
DD_0_0_l_0 = 4.0411e-06
DD_0_0_l_0_0 = 3.39797e-06
DD_0_0_l_0_0_0 = 1.7368e-06
DD_0_0_l_0_0_0_0 = 1.52905e-06
DD_0_0_l_0_0_0_0_0 = 9.6263e-07
DD_0_0_l_0_0_0_0_0_0 = 8.70981e-07
DD_0_0_l_0_0_0_0_0_0_0 = 6.09949e-07
DD_0_0_l_0_0_0_0_0_0_0_0 = 5.61833e-07
DD_0_0_l_0_0_0_0_0_0_0_0_0 = 4.20998e-07
DD_0_0_l_0_0_0_0_0_0_0_0_0_0 = 3.84804e-07
Dr_0_0 = 4.92964e-06
Dr_0_0_l_0 = 1.06969e-05
Dr_0_0_l_0_0 = 4.79772e-06
Dr_0_0_l_0_0_0 = 5.78553e-06
Dr_0_0_l_0_0_0_0 = 3.32951e-06
Dr_0_0_l_0_0_0_0_0 = 3.75751e-06
Dr_0_0_l_0_0_0_0_0_0 = 2.42988e-06
Dr_0_0_l_0_0_0_0_0_0_0 = 2.68338e-06
Dr_0_0_l_0_0_0_0_0_0_0_0 = 1.85941e-06
Dr_0_0_l_0_0_0_0_0_0_0_0_0 = 2.03205e-06
Dr_0_0_l_0_0_0_0_0_0_0_0_0_0 = 1.48686e-06
Dr_0_0_l_0_0_0_0_0_0_0_0_0_0_0 = 1.57306e-06
Hl_0_0 = 0.00686964
Hl_0_0_l_0 = 0.00313029
Hl_0_0_l_0_0 = 0.00269578
Hl_0_0_l_0_0_0 = 0.00191239
Hl_0_0_l_0_0_0_0 = 0.00172397
Hl_0_0_l_0_0_0_0_0 = 0.00137967
Hl_0_0_l_0_0_0_0_0_0 = 0.0012742
Hl_0_0_l_0_0_0_0_0_0_0 = 0.00107988
Hl_0_0_l_0_0_0_0_0_0_0_0 = 0.00101233
Hl_0_0_l_0_0_0_0_0_0_0_0_0 = 0.000888118
Hl_0_0_l_0_0_0_0_0_0_0_0_0_0 = 0.000833247
Hr_0_0 = 0.00999497
I = 1
pi2_0_0_0_0 = 7.34229e-05
pi2_0_0_0_0_l_0 = 3.24611e-05
pi2_0_0_0_0_l_0_0 = 2.77455e-05
pi2_0_0_0_0_l_0_0_0 = 1.95364e-05
pi2_0_0_0_0_l_0_0_0_0 = 1.75145e-05
pi2_0_0_0_0_l_0_0_0_0_0 = 1.39895e-05
pi2_0_0_0_0_l_0_0_0_0_0_0 = 1.28645e-05
pi2_0_0_0_0_l_0_0_0_0_0_0_0 = 1.09029e-05
pi2_0_0_0_0_l_0_0_0_0_0_0_0_0 = 1.01845e-05
pi2_0_0_0_0_l_0_0_0_0_0_0_0_0_0 = 8.94355e-06
pi2_0_0_0_0_l_0_0_0_0_0_0_0_0_0_0 = 8.36384e-06
