D^2   = 1.5121226532737996e-05
Dz    = 1.061981520480483e-05
pi(A) = 0.013734349562049863
pi(B) = 0.020000000000000042
pi2   = 7.33279779905222e-05
