DD_0_0 = 2.94183e-06
DD_0_0_l_0 = 1.15611e-06
DD_0_0_l_0_0 = 9.3893e-07
DD_0_0_l_0_0_0 = 6.0009e-07
DD_0_0_l_0_0_0_0 = 5.14496e-07
DD_0_0_l_0_0_0_0_0 = 3.78524e-07
DD_0_0_l_0_0_0_0_0_0 = 3.34656e-07
DD_0_0_l_0_0_0_0_0_0_0 = 2.64027e-07
DD_0_0_l_0_0_0_0_0_0_0_0 = 2.38154e-07
DD_0_0_l_0_0_0_0_0_0_0_0_0 = 1.96048e-07
DD_0_0_l_0_0_0_0_0_0_0_0_0_0 = 1.79367e-07
DD_0_0_l_0_0_0_0_0_0_0_0_0_0_0 = 1.51977e-07
DD_0_0_l_0_0_0_0_0_0_0_0_0_0_0_0 = 1.40535e-07
DD_0_0_l_0_0_0_0_0_0_0_0_0_0_0_0_0 = 1.21602e-07
DD_0_0_l_0_0_0_0_0_0_0_0_0_0_0_0_0_0 = 1.13384e-07
DD_0_0_l_0_0_0_0_0_0_0_0_0_0_0_0_0_0_0 = 9.96947e-08
DD_0_0_l_0_0_0_0_0_0_0_0_0_0_0_0_0_0_0_0 = 9.35794e-08
DD_0_0_l_0_0_0_0_0_0_0_0_0_0_0_0_0_0_0_0_0 = 8.33307e-08
DD_0_0_l_0_0_0_0_0_0_0_0_0_0_0_0_0_0_0_0_0_0 = 7.86485e-08
DD_0_0_l_0_0_0_0_0_0_0_0_0_0_0_0_0_0_0_0_0_0_0 = 7.07748e-08
DD_0_0_l_0_0_0_0_0_0_0_0_0_0_0_0_0_0_0_0_0_0_0_0 = 6.68073e-08
Dr_0_0 = 3.84098e-07
Dr_0_0_l_0 = 8.89859e-07
Dr_0_0_l_0_0 = 6.14319e-07
Dr_0_0_l_0_0_0 = 6.70654e-07
Dr_0_0_l_0_0_0_0 = 5.2083e-07
Dr_0_0_l_0_0_0_0_0 = 5.31214e-07
Dr_0_0_l_0_0_0_0_0_0 = 4.35388e-07
Dr_0_0_l_0_0_0_0_0_0_0 = 4.3576e-07
Dr_0_0_l_0_0_0_0_0_0_0_0 = 3.6885e-07
Dr_0_0_l_0_0_0_0_0_0_0_0_0 = 3.66668e-07
Dr_0_0_l_0_0_0_0_0_0_0_0_0_0 = 3.17228e-07
Dr_0_0_l_0_0_0_0_0_0_0_0_0_0_0 = 3.14545e-07
Dr_0_0_l_0_0_0_0_0_0_0_0_0_0_0_0 = 2.7652e-07
Dr_0_0_l_0_0_0_0_0_0_0_0_0_0_0_0_0 = 2.73959e-07
Dr_0_0_l_0_0_0_0_0_0_0_0_0_0_0_0_0_0 = 2.43819e-07
Dr_0_0_l_0_0_0_0_0_0_0_0_0_0_0_0_0_0_0 = 2.41557e-07
Dr_0_0_l_0_0_0_0_0_0_0_0_0_0_0_0_0_0_0_0 = 2.17097e-07
Dr_0_0_l_0_0_0_0_0_0_0_0_0_0_0_0_0_0_0_0_0 = 2.15161e-07
Dr_0_0_l_0_0_0_0_0_0_0_0_0_0_0_0_0_0_0_0_0_0 = 1.94929e-07
Dr_0_0_l_0_0_0_0_0_0_0_0_0_0_0_0_0_0_0_0_0_0_0 = 1.93295e-07
Dr_0_0_l_0_0_0_0_0_0_0_0_0_0_0_0_0_0_0_0_0_0_0_0 = 1.76268e-07
Dr_0_0_l_0_0_0_0_0_0_0_0_0_0_0_0_0_0_0_0_0_0_0_0_0 = 1.74278e-07
Hl_0_0 = 0.00686964
Hl_0_0_l_0 = 0.00313029
Hl_0_0_l_0_0 = 0.00269578
Hl_0_0_l_0_0_0 = 0.00191239
Hl_0_0_l_0_0_0_0 = 0.00172397
Hl_0_0_l_0_0_0_0_0 = 0.00137967
Hl_0_0_l_0_0_0_0_0_0 = 0.00127421
Hl_0_0_l_0_0_0_0_0_0_0 = 0.00107987
Hl_0_0_l_0_0_0_0_0_0_0_0 = 0.00101241
Hl_0_0_l_0_0_0_0_0_0_0_0_0 = 0.000887392
Hl_0_0_l_0_0_0_0_0_0_0_0_0_0 = 0.000840513
Hl_0_0_l_0_0_0_0_0_0_0_0_0_0_0 = 0.000753268
Hl_0_0_l_0_0_0_0_0_0_0_0_0_0_0_0 = 0.000718791
Hl_0_0_l_0_0_0_0_0_0_0_0_0_0_0_0_0 = 0.000654423
Hl_0_0_l_0_0_0_0_0_0_0_0_0_0_0_0_0_0 = 0.000627998
Hl_0_0_l_0_0_0_0_0_0_0_0_0_0_0_0_0_0_0 = 0.000578539
Hl_0_0_l_0_0_0_0_0_0_0_0_0_0_0_0_0_0_0_0 = 0.000557639
Hl_0_0_l_0_0_0_0_0_0_0_0_0_0_0_0_0_0_0_0_0 = 0.000518442
Hl_0_0_l_0_0_0_0_0_0_0_0_0_0_0_0_0_0_0_0_0_0 = 0.000501494
Hl_0_0_l_0_0_0_0_0_0_0_0_0_0_0_0_0_0_0_0_0_0_0 = 0.000469724
Hl_0_0_l_0_0_0_0_0_0_0_0_0_0_0_0_0_0_0_0_0_0_0_0 = 0.000454453
Hr_0_0 = 0.00999952
I = 1
pi2_0_0_0_0 = 6.90809e-05
pi2_0_0_0_0_l_0 = 3.14741e-05
pi2_0_0_0_0_l_0_0 = 2.70744e-05
pi2_0_0_0_0_l_0_0_0 = 1.92039e-05
pi2_0_0_0_0_l_0_0_0_0 = 1.72988e-05
pi2_0_0_0_0_l_0_0_0_0_0 = 1.38428e-05
pi2_0_0_0_0_l_0_0_0_0_0_0 = 1.27776e-05
pi2_0_0_0_0_l_0_0_0_0_0_0_0 = 1.08284e-05
pi2_0_0_0_0_l_0_0_0_0_0_0_0_0 = 1.01477e-05
pi2_0_0_0_0_l_0_0_0_0_0_0_0_0_0 = 8.89442e-06
pi2_0_0_0_0_l_0_0_0_0_0_0_0_0_0_0 = 8.42169e-06
pi2_0_0_0_0_l_0_0_0_0_0_0_0_0_0_0_0 = 7.54756e-06
pi2_0_0_0_0_l_0_0_0_0_0_0_0_0_0_0_0_0 = 7.20008e-06
pi2_0_0_0_0_l_0_0_0_0_0_0_0_0_0_0_0_0_0 = 6.55542e-06
pi2_0_0_0_0_l_0_0_0_0_0_0_0_0_0_0_0_0_0_0 = 6.28921e-06
pi2_0_0_0_0_l_0_0_0_0_0_0_0_0_0_0_0_0_0_0_0 = 5.79405e-06
pi2_0_0_0_0_l_0_0_0_0_0_0_0_0_0_0_0_0_0_0_0_0 = 5.58358e-06
pi2_0_0_0_0_l_0_0_0_0_0_0_0_0_0_0_0_0_0_0_0_0_0 = 5.19127e-06
pi2_0_0_0_0_l_0_0_0_0_0_0_0_0_0_0_0_0_0_0_0_0_0_0 = 5.02065e-06
pi2_0_0_0_0_l_0_0_0_0_0_0_0_0_0_0_0_0_0_0_0_0_0_0_0 = 4.70276e-06
pi2_0_0_0_0_l_0_0_0_0_0_0_0_0_0_0_0_0_0_0_0_0_0_0_0_0 = 4.54913e-06
