DD_0_0 = 2.94183e-06
DD_0_0_l_0 = 1.15611e-06
DD_0_0_l_0_0 = 9.3893e-07
DD_0_0_l_0_0_0 = 6.0009e-07
DD_0_0_l_0_0_0_0 = 5.14496e-07
DD_0_0_l_0_0_0_0_0 = 3.78524e-07
DD_0_0_l_0_0_0_0_0_0 = 3.34656e-07
DD_0_0_l_0_0_0_0_0_0_0 = 2.64031e-07
DD_0_0_l_0_0_0_0_0_0_0_0 = 2.38126e-07
DD_0_0_l_0_0_0_0_0_0_0_0_0 = 1.96288e-07
DD_0_0_l_0_0_0_0_0_0_0_0_0_0 = 1.77039e-07
Dr_0_0 = 3.84098e-07
Dr_0_0_l_0 = 8.89859e-07
Dr_0_0_l_0_0 = 6.14319e-07
Dr_0_0_l_0_0_0 = 6.70654e-07
Dr_0_0_l_0_0_0_0 = 5.2083e-07
Dr_0_0_l_0_0_0_0_0 = 5.31214e-07
Dr_0_0_l_0_0_0_0_0_0 = 4.35388e-07
Dr_0_0_l_0_0_0_0_0_0_0 = 4.3576e-07
Dr_0_0_l_0_0_0_0_0_0_0_0 = 3.68854e-07
Dr_0_0_l_0_0_0_0_0_0_0_0_0 = 3.66634e-07
Dr_0_0_l_0_0_0_0_0_0_0_0_0_0 = 3.17554e-07
Dr_0_0_l_0_0_0_0_0_0_0_0_0_0_0 = 3.11442e-07
Hl_0_0 = 0.00686964
Hl_0_0_l_0 = 0.00313029
Hl_0_0_l_0_0 = 0.00269578
Hl_0_0_l_0_0_0 = 0.00191239
Hl_0_0_l_0_0_0_0 = 0.00172397
Hl_0_0_l_0_0_0_0_0 = 0.00137967
Hl_0_0_l_0_0_0_0_0_0 = 0.0012742
Hl_0_0_l_0_0_0_0_0_0_0 = 0.00107988
Hl_0_0_l_0_0_0_0_0_0_0_0 = 0.00101233
Hl_0_0_l_0_0_0_0_0_0_0_0_0 = 0.000888118
Hl_0_0_l_0_0_0_0_0_0_0_0_0_0 = 0.000833247
Hr_0_0 = 0.00999952
I = 1
pi2_0_0_0_0 = 6.90809e-05
pi2_0_0_0_0_l_0 = 3.14741e-05
pi2_0_0_0_0_l_0_0 = 2.70744e-05
pi2_0_0_0_0_l_0_0_0 = 1.92039e-05
pi2_0_0_0_0_l_0_0_0_0 = 1.72988e-05
pi2_0_0_0_0_l_0_0_0_0_0 = 1.38428e-05
pi2_0_0_0_0_l_0_0_0_0_0_0 = 1.27776e-05
pi2_0_0_0_0_l_0_0_0_0_0_0_0 = 1.08285e-05
pi2_0_0_0_0_l_0_0_0_0_0_0_0_0 = 1.01469e-05
pi2_0_0_0_0_l_0_0_0_0_0_0_0_0_0 = 8.90172e-06
pi2_0_0_0_0_l_0_0_0_0_0_0_0_0_0_0 = 8.34878e-06
