DD_0_0 = 2.90097e-06
DD_0_0_l_0 = 1.19691e-06
DD_0_0_l_0_0 = 8.52604e-07
Dr_0_0 = 3.78607e-07
Dr_0_0_l_0 = 8.79526e-07
Dr_0_0_l_0_0 = 6.61272e-07
Dr_0_0_l_0_0_0 = 6.35308e-07
Hl_0_0 = 0.00678571
Hl_0_0_l_0 = 0.00321422
Hl_0_0_l_0_0 = 0.00249994
Hr_0_0 = 0.00999952
I = 1
pi2_0_0_0_0 = 6.82331e-05
pi2_0_0_0_0_l_0 = 3.23332e-05
pi2_0_0_0_0_l_0_0 = 2.51051e-05
