D^2   = 2.9007762454288214e-06
Dz    = 8.428417819600025e-07
pi(A) = 0.013734349562049868
pi(B) = 0.020000000000000136
pi2   = 6.895320626643121e-05
