DD_0_0 = 2.94188e-06
DD_0_0_l_0 = 1.15606e-06
DD_0_0_l_0_0 = 9.39038e-07
DD_0_0_l_0_0_0 = 5.99785e-07
DD_0_0_l_0_0_0_0 = 5.15684e-07
DD_0_0_l_0_0_0_0_0 = 3.72429e-07
Dr_0_0 = 3.84105e-07
Dr_0_0_l_0 = 8.89867e-07
Dr_0_0_l_0_0 = 6.14307e-07
Dr_0_0_l_0_0_0 = 6.70683e-07
Dr_0_0_l_0_0_0_0 = 5.20849e-07
Dr_0_0_l_0_0_0_0_0 = 5.30201e-07
Dr_0_0_l_0_0_0_0_0_0 = 4.33751e-07
Hl_0_0 = 0.00686975
Hl_0_0_l_0 = 0.00313018
Hl_0_0_l_0_0 = 0.00269603
Hl_0_0_l_0_0_0 = 0.00191164
Hl_0_0_l_0_0_0_0 = 0.00172698
Hl_0_0_l_0_0_0_0_0 = 0.00136461
Hr_0_0 = 0.00999952
I = 1
pi2_0_0_0_0 = 6.9082e-05
pi2_0_0_0_0_l_0 = 3.1473e-05
pi2_0_0_0_0_l_0_0 = 2.70769e-05
pi2_0_0_0_0_l_0_0_0 = 1.91964e-05
pi2_0_0_0_0_l_0_0_0_0 = 1.73288e-05
pi2_0_0_0_0_l_0_0_0_0_0 = 1.36914e-05
