DD_0_0 = 3.37045e-07
DD_0_0_l_0 = 1.50584e-07
DD_0_0_l_0_0 = 1.28296e-07
DD_0_0_l_0_0_0 = 8.94885e-08
DD_0_0_l_0_0_0_0 = 7.98106e-08
DD_0_0_l_0_0_0_0_0 = 6.28817e-08
DD_0_0_l_0_0_0_0_0_0 = 5.74679e-08
DD_0_0_l_0_0_0_0_0_0_0 = 4.79909e-08
DD_0_0_l_0_0_0_0_0_0_0_0 = 4.45309e-08
DD_0_0_l_0_0_0_0_0_0_0_0_0 = 3.85248e-08
DD_0_0_l_0_0_0_0_0_0_0_0_0_0 = 3.57506e-08
Dr_0_0 = 6.38749e-09
Dr_0_0_l_0 = 1.55189e-08
Dr_0_0_l_0_0 = 1.34204e-08
Dr_0_0_l_0_0_0 = 1.55958e-08
Dr_0_0_l_0_0_0_0 = 1.41443e-08
Dr_0_0_l_0_0_0_0_0 = 1.51313e-08
Dr_0_0_l_0_0_0_0_0_0 = 1.40041e-08
Dr_0_0_l_0_0_0_0_0_0_0 = 1.45469e-08
Dr_0_0_l_0_0_0_0_0_0_0_0 = 1.36219e-08
Dr_0_0_l_0_0_0_0_0_0_0_0_0 = 1.39458e-08
Dr_0_0_l_0_0_0_0_0_0_0_0_0_0 = 1.32061e-08
Dr_0_0_l_0_0_0_0_0_0_0_0_0_0_0 = 1.33042e-08
Hl_0_0 = 0.00686964
Hl_0_0_l_0 = 0.00313029
Hl_0_0_l_0_0 = 0.00269578
Hl_0_0_l_0_0_0 = 0.00191239
Hl_0_0_l_0_0_0_0 = 0.00172397
Hl_0_0_l_0_0_0_0_0 = 0.00137967
Hl_0_0_l_0_0_0_0_0_0 = 0.0012742
Hl_0_0_l_0_0_0_0_0_0_0 = 0.00107988
Hl_0_0_l_0_0_0_0_0_0_0_0 = 0.00101233
Hl_0_0_l_0_0_0_0_0_0_0_0_0 = 0.000888118
Hl_0_0_l_0_0_0_0_0_0_0_0_0_0 = 0.000833247
Hr_0_0 = 0.00999989
I = 1
pi2_0_0_0_0 = 6.87017e-05
pi2_0_0_0_0_l_0 = 3.13061e-05
pi2_0_0_0_0_l_0_0 = 2.69602e-05
pi2_0_0_0_0_l_0_0_0 = 1.91258e-05
pi2_0_0_0_0_l_0_0_0_0 = 1.72413e-05
pi2_0_0_0_0_l_0_0_0_0_0 = 1.3798e-05
pi2_0_0_0_0_l_0_0_0_0_0_0 = 1.27432e-05
pi2_0_0_0_0_l_0_0_0_0_0_0_0 = 1.07998e-05
pi2_0_0_0_0_l_0_0_0_0_0_0_0_0 = 1.01242e-05
pi2_0_0_0_0_l_0_0_0_0_0_0_0_0_0 = 8.88197e-06
pi2_0_0_0_0_l_0_0_0_0_0_0_0_0_0_0 = 8.33316e-06
