D^2   = 2.016284927986684e-05
Dz    = -8.944095555241492e-05
pi(A) = 0.013734349562049854
pi(B) = 0.020000000000000122
pi2   = 8.096835300046804e-05
