DD_0_0 = 3.32868e-07
DD_0_0_l_0 = 1.54751e-07
DD_0_0_l_0_0 = 1.18642e-07
Dr_0_0 = 6.30736e-09
Dr_0_0_l_0 = 1.54273e-08
Dr_0_0_l_0_0 = 1.42414e-08
Dr_0_0_l_0_0_0 = 1.50712e-08
Hl_0_0 = 0.00678571
Hl_0_0_l_0 = 0.00321422
Hl_0_0_l_0_0 = 0.00249994
Hr_0_0 = 0.00999989
I = 1
pi2_0_0_0_0 = 6.78624e-05
pi2_0_0_0_0_l_0 = 3.21457e-05
pi2_0_0_0_0_l_0_0 = 2.50016e-05
