D^2   = 5.663254814178968e-07
Dz    = 8.620035068729889e-07
pi(A) = 0.001993360094567493
pi(B) = 0.020000000000000122
pi2   = 9.99217226016138e-06
