DD_0_0 = 4.11959e-07
DD_0_0_l_0 = 4.6013e-07
DD_0_0_l_0_0 = 3.44579e-07
DD_0_0_l_0_0_0 = 3.21221e-07
DD_0_0_l_0_0_0_0 = 2.56799e-07
DD_0_0_l_0_0_0_0_0 = 2.38966e-07
DD_0_0_l_0_0_0_0_0_0 = 1.96709e-07
DD_0_0_l_0_0_0_0_0_0_0 = 1.85777e-07
DD_0_0_l_0_0_0_0_0_0_0_0 = 1.54728e-07
DD_0_0_l_0_0_0_0_0_0_0_0_0 = 1.49517e-07
DD_0_0_l_0_0_0_0_0_0_0_0_0_0 = 1.2395e-07
Dr_0_0 = 4.82078e-07
Dr_0_0_l_0 = 6.79242e-07
Dr_0_0_l_0_0 = 6.57565e-07
Dr_0_0_l_0_0_0 = 6.29267e-07
Dr_0_0_l_0_0_0_0 = 5.96321e-07
Dr_0_0_l_0_0_0_0_0 = 5.55583e-07
Dr_0_0_l_0_0_0_0_0_0 = 5.23893e-07
Dr_0_0_l_0_0_0_0_0_0_0 = 4.8909e-07
Dr_0_0_l_0_0_0_0_0_0_0_0 = 4.58669e-07
Dr_0_0_l_0_0_0_0_0_0_0_0_0 = 4.34269e-07
Dr_0_0_l_0_0_0_0_0_0_0_0_0_0 = 4.00967e-07
Dr_0_0_l_0_0_0_0_0_0_0_0_0_0_0 = 3.7152e-07
Hl_0_0 = 0.000963273
Hl_0_0_l_0 = 0.000903672
Hl_0_0_l_0_0 = 0.000807018
Hl_0_0_l_0_0_0 = 0.000757883
Hl_0_0_l_0_0_0_0 = 0.000689482
Hl_0_0_l_0_0_0_0_0 = 0.000655232
Hl_0_0_l_0_0_0_0_0_0 = 0.000601577
Hl_0_0_l_0_0_0_0_0_0_0 = 0.00057885
Hl_0_0_l_0_0_0_0_0_0_0_0 = 0.000532782
Hl_0_0_l_0_0_0_0_0_0_0_0_0 = 0.000520432
Hl_0_0_l_0_0_0_0_0_0_0_0_0_0 = 0.000476151
Hr_0_0 = 0.00999508
I = 1
pi2_0_0_0_0 = 9.75957e-06
pi2_0_0_0_0_l_0 = 9.11811e-06
pi2_0_0_0_0_l_0_0 = 8.12874e-06
pi2_0_0_0_0_l_0_0_0 = 7.62415e-06
pi2_0_0_0_0_l_0_0_0_0 = 6.93057e-06
pi2_0_0_0_0_l_0_0_0_0_0 = 6.58105e-06
pi2_0_0_0_0_l_0_0_0_0_0_0 = 6.03978e-06
pi2_0_0_0_0_l_0_0_0_0_0_0_0 = 5.80795e-06
pi2_0_0_0_0_l_0_0_0_0_0_0_0_0 = 5.34486e-06
pi2_0_0_0_0_l_0_0_0_0_0_0_0_0_0 = 5.21803e-06
pi2_0_0_0_0_l_0_0_0_0_0_0_0_0_0_0 = 4.77301e-06
