DD_0_0 = 5.5486e-05
DD_0_0_l_0 = 5.92355e-06
DD_0_0_l_0_0 = 9.32335e-06
DD_0_0_l_0_0_0 = 2.38225e-06
DD_0_0_l_0_0_0_0 = 3.54315e-06
DD_0_0_l_0_0_0_0_0 = 1.26212e-06
DD_0_0_l_0_0_0_0_0_0 = 1.79944e-06
DD_0_0_l_0_0_0_0_0_0_0 = 7.73761e-07
DD_0_0_l_0_0_0_0_0_0_0_0 = 1.06723e-06
DD_0_0_l_0_0_0_0_0_0_0_0_0 = 5.19663e-07
DD_0_0_l_0_0_0_0_0_0_0_0_0_0 = 6.97794e-07
DD_0_0_l_0_0_0_0_0_0_0_0_0_0_0 = 3.71546e-07
DD_0_0_l_0_0_0_0_0_0_0_0_0_0_0_0 = 4.87922e-07
DD_0_0_l_0_0_0_0_0_0_0_0_0_0_0_0_0 = 2.78054e-07
DD_0_0_l_0_0_0_0_0_0_0_0_0_0_0_0_0_0 = 3.58333e-07
DD_0_0_l_0_0_0_0_0_0_0_0_0_0_0_0_0_0_0 = 2.15454e-07
DD_0_0_l_0_0_0_0_0_0_0_0_0_0_0_0_0_0_0_0 = 2.73201e-07
DD_0_0_l_0_0_0_0_0_0_0_0_0_0_0_0_0_0_0_0_0 = 1.71583e-07
DD_0_0_l_0_0_0_0_0_0_0_0_0_0_0_0_0_0_0_0_0_0 = 2.14529e-07
DD_0_0_l_0_0_0_0_0_0_0_0_0_0_0_0_0_0_0_0_0_0_0 = 1.39703e-07
DD_0_0_l_0_0_0_0_0_0_0_0_0_0_0_0_0_0_0_0_0_0_0_0 = 1.72519e-07
Dr_0_0 = -2.92597e-15
Dr_0_0_l_0 = 4.43799e-05
Dr_0_0_l_0_0 = 5.92281e-06
Dr_0_0_l_0_0_0 = 2.04166e-05
Dr_0_0_l_0_0_0_0 = 4.33227e-06
Dr_0_0_l_0_0_0_0_0 = 1.19573e-05
Dr_0_0_l_0_0_0_0_0_0 = 3.17572e-06
Dr_0_0_l_0_0_0_0_0_0_0 = 7.93365e-06
Dr_0_0_l_0_0_0_0_0_0_0_0 = 2.41868e-06
Dr_0_0_l_0_0_0_0_0_0_0_0_0 = 5.68467e-06
Dr_0_0_l_0_0_0_0_0_0_0_0_0_0 = 1.90626e-06
Dr_0_0_l_0_0_0_0_0_0_0_0_0_0_0 = 4.29194e-06
Dr_0_0_l_0_0_0_0_0_0_0_0_0_0_0_0 = 1.54458e-06
Dr_0_0_l_0_0_0_0_0_0_0_0_0_0_0_0_0 = 3.3658e-06
Dr_0_0_l_0_0_0_0_0_0_0_0_0_0_0_0_0_0 = 1.27972e-06
Dr_0_0_l_0_0_0_0_0_0_0_0_0_0_0_0_0_0_0 = 2.71671e-06
Dr_0_0_l_0_0_0_0_0_0_0_0_0_0_0_0_0_0_0_0 = 1.07971e-06
Dr_0_0_l_0_0_0_0_0_0_0_0_0_0_0_0_0_0_0_0_0 = 2.24305e-06
Dr_0_0_l_0_0_0_0_0_0_0_0_0_0_0_0_0_0_0_0_0_0 = 9.24731e-07
Dr_0_0_l_0_0_0_0_0_0_0_0_0_0_0_0_0_0_0_0_0_0_0 = 1.88615e-06
Dr_0_0_l_0_0_0_0_0_0_0_0_0_0_0_0_0_0_0_0_0_0_0_0 = 8.02036e-07
Dr_0_0_l_0_0_0_0_0_0_0_0_0_0_0_0_0_0_0_0_0_0_0_0_0 = 1.61012e-06
Hl_0_0 = 0.0099999
Hl_0_0_l_0 = 0.00333323
Hl_0_0_l_0_0 = 0.00333323
Hl_0_0_l_0_0_0 = 0.0019999
Hl_0_0_l_0_0_0_0 = 0.0019999
Hl_0_0_l_0_0_0_0_0 = 0.00142847
Hl_0_0_l_0_0_0_0_0_0 = 0.00142847
Hl_0_0_l_0_0_0_0_0_0_0 = 0.00111101
Hl_0_0_l_0_0_0_0_0_0_0_0 = 0.00111101
Hl_0_0_l_0_0_0_0_0_0_0_0_0 = 0.000908991
Hl_0_0_l_0_0_0_0_0_0_0_0_0_0 = 0.000908991
Hl_0_0_l_0_0_0_0_0_0_0_0_0_0_0 = 0.000769131
Hl_0_0_l_0_0_0_0_0_0_0_0_0_0_0_0 = 0.000769131
Hl_0_0_l_0_0_0_0_0_0_0_0_0_0_0_0_0 = 0.000666567
Hl_0_0_l_0_0_0_0_0_0_0_0_0_0_0_0_0_0 = 0.000666567
Hl_0_0_l_0_0_0_0_0_0_0_0_0_0_0_0_0_0_0 = 0.000588135
Hl_0_0_l_0_0_0_0_0_0_0_0_0_0_0_0_0_0_0_0 = 0.000588135
Hl_0_0_l_0_0_0_0_0_0_0_0_0_0_0_0_0_0_0_0_0 = 0.000526216
Hl_0_0_l_0_0_0_0_0_0_0_0_0_0_0_0_0_0_0_0_0_0 = 0.000526216
Hl_0_0_l_0_0_0_0_0_0_0_0_0_0_0_0_0_0_0_0_0_0_0 = 0.00047609
Hl_0_0_l_0_0_0_0_0_0_0_0_0_0_0_0_0_0_0_0_0_0_0_0 = 0.00047609
Hr_0_0 = 0.0099999
I = 1
pi2_0_0_0_0 = 0.000122187
pi2_0_0_0_0_l_0 = 3.55526e-05
pi2_0_0_0_0_l_0_0 = 3.59949e-05
pi2_0_0_0_0_l_0_0_0 = 2.07812e-05
pi2_0_0_0_0_l_0_0_0_0 = 2.06872e-05
pi2_0_0_0_0_l_0_0_0_0_0 = 1.4653e-05
pi2_0_0_0_0_l_0_0_0_0_0_0 = 1.44979e-05
pi2_0_0_0_0_l_0_0_0_0_0_0_0 = 1.13128e-05
pi2_0_0_0_0_l_0_0_0_0_0_0_0_0 = 1.11678e-05
pi2_0_0_0_0_l_0_0_0_0_0_0_0_0_0 = 9.21304e-06
pi2_0_0_0_0_l_0_0_0_0_0_0_0_0_0_0 = 9.08875e-06
pi2_0_0_0_0_l_0_0_0_0_0_0_0_0_0_0_0 = 7.77136e-06
pi2_0_0_0_0_l_0_0_0_0_0_0_0_0_0_0_0_0 = 7.66663e-06
pi2_0_0_0_0_l_0_0_0_0_0_0_0_0_0_0_0_0_0 = 6.72038e-06
pi2_0_0_0_0_l_0_0_0_0_0_0_0_0_0_0_0_0_0_0 = 6.63198e-06
pi2_0_0_0_0_l_0_0_0_0_0_0_0_0_0_0_0_0_0_0_0 = 5.92019e-06
pi2_0_0_0_0_l_0_0_0_0_0_0_0_0_0_0_0_0_0_0_0_0 = 5.84504e-06
pi2_0_0_0_0_l_0_0_0_0_0_0_0_0_0_0_0_0_0_0_0_0_0 = 5.29057e-06
pi2_0_0_0_0_l_0_0_0_0_0_0_0_0_0_0_0_0_0_0_0_0_0_0 = 5.22611e-06
pi2_0_0_0_0_l_0_0_0_0_0_0_0_0_0_0_0_0_0_0_0_0_0_0_0 = 4.78219e-06
pi2_0_0_0_0_l_0_0_0_0_0_0_0_0_0_0_0_0_0_0_0_0_0_0_0_0 = 4.72642e-06
