DD_0_0 = 5.5486e-05
DD_0_0_l_0 = 5.92355e-06
DD_0_0_l_0_0 = 9.32335e-06
Dr_0_0 = 5.45858e-14
Dr_0_0_l_0 = 4.43799e-05
Dr_0_0_l_0_0 = 5.92281e-06
Dr_0_0_l_0_0_0 = 2.04166e-05
Hl_0_0 = 0.0099999
Hl_0_0_l_0 = 0.00333323
Hl_0_0_l_0_0 = 0.00333323
Hr_0_0 = 0.0099999
I = 1
pi2_0_0_0_0 = 0.000122187
pi2_0_0_0_0_l_0 = 3.55526e-05
pi2_0_0_0_0_l_0_0 = 3.59949e-05
