D^2   = 5.548644360451369e-05
Dz    = 4.438026893266511e-05
pi(A) = 0.02000000000000002
pi(B) = 0.02000000000000014
pi2   = 0.00012219013446633148
