DD_0_0 = 5.71773e-07
DD_0_0_l_0 = 4.58773e-07
DD_0_0_l_0_0 = 3.78368e-07
DD_0_0_l_0_0_0 = 3.18643e-07
DD_0_0_l_0_0_0_0 = 2.72428e-07
DD_0_0_l_0_0_0_0_0 = 2.36005e-07
DD_0_0_l_0_0_0_0_0_0 = 2.06521e-07
DD_0_0_l_0_0_0_0_0_0_0 = 1.82433e-07
DD_0_0_l_0_0_0_0_0_0_0_0 = 1.62325e-07
DD_0_0_l_0_0_0_0_0_0_0_0_0 = 1.45491e-07
DD_0_0_l_0_0_0_0_0_0_0_0_0_0 = 1.31103e-07
DD_0_0_l_0_0_0_0_0_0_0_0_0_0_0 = 1.18855e-07
DD_0_0_l_0_0_0_0_0_0_0_0_0_0_0_0 = 1.08167e-07
DD_0_0_l_0_0_0_0_0_0_0_0_0_0_0_0_0 = 9.8984e-08
DD_0_0_l_0_0_0_0_0_0_0_0_0_0_0_0_0_0 = 9.07841e-08
DD_0_0_l_0_0_0_0_0_0_0_0_0_0_0_0_0_0_0 = 8.37681e-08
DD_0_0_l_0_0_0_0_0_0_0_0_0_0_0_0_0_0_0_0 = 7.72463e-08
DD_0_0_l_0_0_0_0_0_0_0_0_0_0_0_0_0_0_0_0_0 = 7.19176e-08
DD_0_0_l_0_0_0_0_0_0_0_0_0_0_0_0_0_0_0_0_0_0 = 6.63559e-08
DD_0_0_l_0_0_0_0_0_0_0_0_0_0_0_0_0_0_0_0_0_0_0 = 6.27824e-08
DD_0_0_l_0_0_0_0_0_0_0_0_0_0_0_0_0_0_0_0_0_0_0_0 = 5.68628e-08
Dr_0_0 = 9.37193e-07
Dr_0_0_l_0 = 8.61443e-07
Dr_0_0_l_0_0 = 7.88815e-07
Dr_0_0_l_0_0_0 = 7.23506e-07
Dr_0_0_l_0_0_0_0 = 6.65592e-07
Dr_0_0_l_0_0_0_0_0 = 6.14246e-07
Dr_0_0_l_0_0_0_0_0_0 = 5.68827e-07
Dr_0_0_l_0_0_0_0_0_0_0 = 5.28362e-07
Dr_0_0_l_0_0_0_0_0_0_0_0 = 4.92344e-07
Dr_0_0_l_0_0_0_0_0_0_0_0_0 = 4.60002e-07
Dr_0_0_l_0_0_0_0_0_0_0_0_0_0 = 4.30991e-07
Dr_0_0_l_0_0_0_0_0_0_0_0_0_0_0 = 4.04746e-07
Dr_0_0_l_0_0_0_0_0_0_0_0_0_0_0_0 = 3.81012e-07
Dr_0_0_l_0_0_0_0_0_0_0_0_0_0_0_0_0 = 3.59428e-07
Dr_0_0_l_0_0_0_0_0_0_0_0_0_0_0_0_0_0 = 3.39697e-07
Dr_0_0_l_0_0_0_0_0_0_0_0_0_0_0_0_0_0_0 = 3.21796e-07
Dr_0_0_l_0_0_0_0_0_0_0_0_0_0_0_0_0_0_0_0 = 3.05033e-07
Dr_0_0_l_0_0_0_0_0_0_0_0_0_0_0_0_0_0_0_0_0 = 2.90328e-07
Dr_0_0_l_0_0_0_0_0_0_0_0_0_0_0_0_0_0_0_0_0_0 = 2.75291e-07
Dr_0_0_l_0_0_0_0_0_0_0_0_0_0_0_0_0_0_0_0_0_0_0 = 2.64457e-07
Dr_0_0_l_0_0_0_0_0_0_0_0_0_0_0_0_0_0_0_0_0_0_0_0 = 2.47894e-07
Dr_0_0_l_0_0_0_0_0_0_0_0_0_0_0_0_0_0_0_0_0_0_0_0_0 = 2.36429e-07
Hl_0_0 = 0.000999876
Hl_0_0_l_0 = 0.000900011
Hl_0_0_l_0_0 = 0.000819951
Hl_0_0_l_0_0_0 = 0.000754003
Hl_0_0_l_0_0_0_0 = 0.000698355
Hl_0_0_l_0_0_0_0_0 = 0.000650795
Hl_0_0_l_0_0_0_0_0_0 = 0.000609469
Hl_0_0_l_0_0_0_0_0_0_0 = 0.000573326
Hl_0_0_l_0_0_0_0_0_0_0_0 = 0.00054127
Hl_0_0_l_0_0_0_0_0_0_0_0_0 = 0.000512792
Hl_0_0_l_0_0_0_0_0_0_0_0_0_0 = 0.000487122
Hl_0_0_l_0_0_0_0_0_0_0_0_0_0_0 = 0.000464081
Hl_0_0_l_0_0_0_0_0_0_0_0_0_0_0_0 = 0.000442998
Hl_0_0_l_0_0_0_0_0_0_0_0_0_0_0_0_0 = 0.000423997
Hl_0_0_l_0_0_0_0_0_0_0_0_0_0_0_0_0_0 = 0.00040628
Hl_0_0_l_0_0_0_0_0_0_0_0_0_0_0_0_0_0_0 = 0.000390454
Hl_0_0_l_0_0_0_0_0_0_0_0_0_0_0_0_0_0_0_0 = 0.000375129
Hl_0_0_l_0_0_0_0_0_0_0_0_0_0_0_0_0_0_0_0_0 = 0.000362133
Hl_0_0_l_0_0_0_0_0_0_0_0_0_0_0_0_0_0_0_0_0_0 = 0.000347995
Hl_0_0_l_0_0_0_0_0_0_0_0_0_0_0_0_0_0_0_0_0_0_0 = 0.000338643
Hl_0_0_l_0_0_0_0_0_0_0_0_0_0_0_0_0_0_0_0_0_0_0_0 = 0.000322524
Hr_0_0 = 0.00999053
I = 1
pi2_0_0_0_0 = 1.00403e-05
pi2_0_0_0_0_l_0 = 9.03127e-06
pi2_0_0_0_0_l_0_0 = 8.22329e-06
pi2_0_0_0_0_l_0_0_0 = 7.55843e-06
pi2_0_0_0_0_l_0_0_0_0 = 6.99791e-06
pi2_0_0_0_0_l_0_0_0_0_0 = 6.51923e-06
pi2_0_0_0_0_l_0_0_0_0_0_0 = 6.10357e-06
pi2_0_0_0_0_l_0_0_0_0_0_0_0 = 5.74024e-06
pi2_0_0_0_0_l_0_0_0_0_0_0_0_0 = 5.41818e-06
pi2_0_0_0_0_l_0_0_0_0_0_0_0_0_0 = 5.13217e-06
pi2_0_0_0_0_l_0_0_0_0_0_0_0_0_0_0 = 4.87449e-06
pi2_0_0_0_0_l_0_0_0_0_0_0_0_0_0_0_0 = 4.64325e-06
pi2_0_0_0_0_l_0_0_0_0_0_0_0_0_0_0_0_0 = 4.43178e-06
pi2_0_0_0_0_l_0_0_0_0_0_0_0_0_0_0_0_0_0 = 4.24118e-06
pi2_0_0_0_0_l_0_0_0_0_0_0_0_0_0_0_0_0_0_0 = 4.0636e-06
pi2_0_0_0_0_l_0_0_0_0_0_0_0_0_0_0_0_0_0_0_0 = 3.90488e-06
pi2_0_0_0_0_l_0_0_0_0_0_0_0_0_0_0_0_0_0_0_0_0 = 3.75141e-06
pi2_0_0_0_0_l_0_0_0_0_0_0_0_0_0_0_0_0_0_0_0_0_0 = 3.62103e-06
pi2_0_0_0_0_l_0_0_0_0_0_0_0_0_0_0_0_0_0_0_0_0_0_0 = 3.47964e-06
pi2_0_0_0_0_l_0_0_0_0_0_0_0_0_0_0_0_0_0_0_0_0_0_0_0 = 3.38561e-06
pi2_0_0_0_0_l_0_0_0_0_0_0_0_0_0_0_0_0_0_0_0_0_0_0_0_0 = 3.22441e-06
