D^2   = 5.65632831757006e-07
Dz    = 8.603085900597635e-07
pi(A) = 0.001993360094567493
pi(B) = 0.020000000000000122
pi2   = 9.9920361013373e-06
