DD_0_0 = 1.02745e-06
DD_0_0_l_0 = 4.62098e-07
DD_0_0_l_0_0 = 4.74192e-07
DD_0_0_l_0_0_0 = 3.15724e-07
DD_0_0_l_0_0_0_0 = 3.15845e-07
DD_0_0_l_0_0_0_0_0 = 2.3124e-07
Dr_0_0 = 2.27033e-06
Dr_0_0_l_0 = 1.37152e-06
Dr_0_0_l_0_0 = 1.18877e-06
Dr_0_0_l_0_0_0 = 9.82166e-07
Dr_0_0_l_0_0_0_0 = 8.86175e-07
Dr_0_0_l_0_0_0_0_0 = 7.6899e-07
Dr_0_0_l_0_0_0_0_0_0 = 6.64711e-07
Hl_0_0 = 0.00112258
Hl_0_0_l_0 = 0.000887741
Hl_0_0_l_0_0 = 0.000863306
Hl_0_0_l_0_0_0 = 0.000740996
Hl_0_0_l_0_0_0_0 = 0.000728098
Hl_0_0_l_0_0_0_0_0 = 0.000635922
Hr_0_0 = 0.0099772
I = 1
pi2_0_0_0_0 = 1.09728e-05
pi2_0_0_0_0_l_0 = 8.77184e-06
pi2_0_0_0_0_l_0_0 = 8.53992e-06
pi2_0_0_0_0_l_0_0_0 = 7.35747e-06
pi2_0_0_0_0_l_0_0_0_0 = 7.22232e-06
pi2_0_0_0_0_l_0_0_0_0_0 = 6.3222e-06
