D^2   = 5.588092869490928e-07
Dz    = 8.436517409609555e-07
pi(A) = 0.001993360094567493
pi(B) = 0.020000000000000122
pi2   = 9.990694972859044e-06
