DD_0_0 = 1.00484e-06
DD_0_0_l_0 = 4.54866e-07
DD_0_0_l_0_0 = 4.67225e-07
DD_0_0_l_0_0_0 = 3.11826e-07
DD_0_0_l_0_0_0_0 = 3.12052e-07
DD_0_0_l_0_0_0_0_0 = 2.28828e-07
Dr_0_0 = 2.1948e-06
Dr_0_0_l_0 = 1.32926e-06
Dr_0_0_l_0_0 = 1.15406e-06
Dr_0_0_l_0_0_0 = 9.56111e-07
Dr_0_0_l_0_0_0_0 = 8.62891e-07
Dr_0_0_l_0_0_0_0_0 = 7.50684e-07
Dr_0_0_l_0_0_0_0_0_0 = 6.49526e-07
Hl_0_0 = 0.00112258
Hl_0_0_l_0 = 0.000887741
Hl_0_0_l_0_0 = 0.000863306
Hl_0_0_l_0_0_0 = 0.000740996
Hl_0_0_l_0_0_0_0 = 0.000728098
Hl_0_0_l_0_0_0_0_0 = 0.000635922
Hr_0_0 = 0.00997795
I = 1
pi2_0_0_0_0 = 1.0983e-05
pi2_0_0_0_0_l_0 = 8.77654e-06
pi2_0_0_0_0_l_0_0 = 8.5443e-06
pi2_0_0_0_0_l_0_0_0 = 7.36011e-06
pi2_0_0_0_0_l_0_0_0_0 = 7.22518e-06
pi2_0_0_0_0_l_0_0_0_0_0 = 6.32414e-06
