DD_0_0 = 4.00738e-07
DD_0_0_l_0 = 4.16688e-07
DD_0_0_l_0_0 = 3.17278e-07
DD_0_0_l_0_0_0 = 2.93101e-07
DD_0_0_l_0_0_0_0 = 2.36645e-07
DD_0_0_l_0_0_0_0_0 = 2.19624e-07
DD_0_0_l_0_0_0_0_0_0 = 1.82077e-07
DD_0_0_l_0_0_0_0_0_0_0 = 1.718e-07
DD_0_0_l_0_0_0_0_0_0_0_0 = 1.43889e-07
DD_0_0_l_0_0_0_0_0_0_0_0_0 = 1.38998e-07
DD_0_0_l_0_0_0_0_0_0_0_0_0_0 = 1.1577e-07
Dr_0_0 = 4.82016e-07
Dr_0_0_l_0 = 6.08664e-07
Dr_0_0_l_0_0 = 5.79623e-07
Dr_0_0_l_0_0_0 = 5.51525e-07
Dr_0_0_l_0_0_0_0 = 5.20766e-07
Dr_0_0_l_0_0_0_0_0 = 4.85208e-07
Dr_0_0_l_0_0_0_0_0_0 = 4.57543e-07
Dr_0_0_l_0_0_0_0_0_0_0 = 4.27392e-07
Dr_0_0_l_0_0_0_0_0_0_0_0 = 4.0152e-07
Dr_0_0_l_0_0_0_0_0_0_0_0_0 = 3.80172e-07
Dr_0_0_l_0_0_0_0_0_0_0_0_0_0 = 3.52065e-07
Dr_0_0_l_0_0_0_0_0_0_0_0_0_0_0 = 3.2659e-07
Hl_0_0 = 0.000963273
Hl_0_0_l_0 = 0.000903672
Hl_0_0_l_0_0 = 0.000807018
Hl_0_0_l_0_0_0 = 0.000757883
Hl_0_0_l_0_0_0_0 = 0.000689482
Hl_0_0_l_0_0_0_0_0 = 0.000655232
Hl_0_0_l_0_0_0_0_0_0 = 0.000601577
Hl_0_0_l_0_0_0_0_0_0_0 = 0.00057885
Hl_0_0_l_0_0_0_0_0_0_0_0 = 0.000532782
Hl_0_0_l_0_0_0_0_0_0_0_0_0 = 0.000520432
Hl_0_0_l_0_0_0_0_0_0_0_0_0_0 = 0.000476151
Hr_0_0 = 0.00999508
I = 1
pi2_0_0_0_0 = 9.72814e-06
pi2_0_0_0_0_l_0 = 9.09787e-06
pi2_0_0_0_0_l_0_0 = 8.11468e-06
pi2_0_0_0_0_l_0_0_0 = 7.61343e-06
pi2_0_0_0_0_l_0_0_0_0 = 6.92227e-06
pi2_0_0_0_0_l_0_0_0_0_0 = 6.57443e-06
pi2_0_0_0_0_l_0_0_0_0_0_0 = 6.03434e-06
pi2_0_0_0_0_l_0_0_0_0_0_0_0 = 5.8035e-06
pi2_0_0_0_0_l_0_0_0_0_0_0_0_0 = 5.34106e-06
pi2_0_0_0_0_l_0_0_0_0_0_0_0_0_0 = 5.21486e-06
pi2_0_0_0_0_l_0_0_0_0_0_0_0_0_0_0 = 4.77042e-06
