DD_0_0 = 5.07025e-07
DD_0_0_l_0 = 4.10475e-07
DD_0_0_l_0_0 = 3.40949e-07
DD_0_0_l_0_0_0 = 2.88813e-07
DD_0_0_l_0_0_0_0 = 2.48172e-07
DD_0_0_l_0_0_0_0_0 = 2.15934e-07
DD_0_0_l_0_0_0_0_0_0 = 1.89696e-07
DD_0_0_l_0_0_0_0_0_0_0 = 1.68153e-07
DD_0_0_l_0_0_0_0_0_0_0_0 = 1.50092e-07
DD_0_0_l_0_0_0_0_0_0_0_0_0 = 1.34912e-07
DD_0_0_l_0_0_0_0_0_0_0_0_0_0 = 1.21891e-07
DD_0_0_l_0_0_0_0_0_0_0_0_0_0_0 = 1.1077e-07
DD_0_0_l_0_0_0_0_0_0_0_0_0_0_0_0 = 1.01035e-07
DD_0_0_l_0_0_0_0_0_0_0_0_0_0_0_0_0 = 9.26495e-08
DD_0_0_l_0_0_0_0_0_0_0_0_0_0_0_0_0_0 = 8.51394e-08
DD_0_0_l_0_0_0_0_0_0_0_0_0_0_0_0_0_0_0 = 7.87015e-08
DD_0_0_l_0_0_0_0_0_0_0_0_0_0_0_0_0_0_0_0 = 7.26984e-08
DD_0_0_l_0_0_0_0_0_0_0_0_0_0_0_0_0_0_0_0_0 = 6.77896e-08
DD_0_0_l_0_0_0_0_0_0_0_0_0_0_0_0_0_0_0_0_0_0 = 6.26458e-08
DD_0_0_l_0_0_0_0_0_0_0_0_0_0_0_0_0_0_0_0_0_0_0 = 5.93448e-08
DD_0_0_l_0_0_0_0_0_0_0_0_0_0_0_0_0_0_0_0_0_0_0_0 = 5.3851e-08
Dr_0_0 = 7.63834e-07
Dr_0_0_l_0 = 7.08506e-07
Dr_0_0_l_0_0 = 6.53685e-07
Dr_0_0_l_0_0_0 = 6.03394e-07
Dr_0_0_l_0_0_0_0 = 5.58144e-07
Dr_0_0_l_0_0_0_0_0 = 5.17569e-07
Dr_0_0_l_0_0_0_0_0_0 = 4.81349e-07
Dr_0_0_l_0_0_0_0_0_0_0 = 4.48824e-07
Dr_0_0_l_0_0_0_0_0_0_0_0 = 4.19684e-07
Dr_0_0_l_0_0_0_0_0_0_0_0_0 = 3.93357e-07
Dr_0_0_l_0_0_0_0_0_0_0_0_0_0 = 3.69628e-07
Dr_0_0_l_0_0_0_0_0_0_0_0_0_0_0 = 3.48048e-07
Dr_0_0_l_0_0_0_0_0_0_0_0_0_0_0_0 = 3.28463e-07
Dr_0_0_l_0_0_0_0_0_0_0_0_0_0_0_0_0 = 3.10566e-07
Dr_0_0_l_0_0_0_0_0_0_0_0_0_0_0_0_0_0 = 2.9417e-07
Dr_0_0_l_0_0_0_0_0_0_0_0_0_0_0_0_0_0_0 = 2.79217e-07
Dr_0_0_l_0_0_0_0_0_0_0_0_0_0_0_0_0_0_0_0 = 2.65209e-07
Dr_0_0_l_0_0_0_0_0_0_0_0_0_0_0_0_0_0_0_0_0 = 2.52837e-07
Dr_0_0_l_0_0_0_0_0_0_0_0_0_0_0_0_0_0_0_0_0_0 = 2.40223e-07
Dr_0_0_l_0_0_0_0_0_0_0_0_0_0_0_0_0_0_0_0_0_0_0 = 2.31025e-07
Dr_0_0_l_0_0_0_0_0_0_0_0_0_0_0_0_0_0_0_0_0_0_0_0 = 2.17093e-07
Dr_0_0_l_0_0_0_0_0_0_0_0_0_0_0_0_0_0_0_0_0_0_0_0_0 = 2.07311e-07
Hl_0_0 = 0.000999876
Hl_0_0_l_0 = 0.000900011
Hl_0_0_l_0_0 = 0.000819951
Hl_0_0_l_0_0_0 = 0.000754003
Hl_0_0_l_0_0_0_0 = 0.000698355
Hl_0_0_l_0_0_0_0_0 = 0.000650795
Hl_0_0_l_0_0_0_0_0_0 = 0.000609469
Hl_0_0_l_0_0_0_0_0_0_0 = 0.000573326
Hl_0_0_l_0_0_0_0_0_0_0_0 = 0.00054127
Hl_0_0_l_0_0_0_0_0_0_0_0_0 = 0.000512792
Hl_0_0_l_0_0_0_0_0_0_0_0_0_0 = 0.000487122
Hl_0_0_l_0_0_0_0_0_0_0_0_0_0_0 = 0.000464081
Hl_0_0_l_0_0_0_0_0_0_0_0_0_0_0_0 = 0.000442998
Hl_0_0_l_0_0_0_0_0_0_0_0_0_0_0_0_0 = 0.000423997
Hl_0_0_l_0_0_0_0_0_0_0_0_0_0_0_0_0_0 = 0.00040628
Hl_0_0_l_0_0_0_0_0_0_0_0_0_0_0_0_0_0_0 = 0.000390454
Hl_0_0_l_0_0_0_0_0_0_0_0_0_0_0_0_0_0_0_0 = 0.000375129
Hl_0_0_l_0_0_0_0_0_0_0_0_0_0_0_0_0_0_0_0_0 = 0.000362133
Hl_0_0_l_0_0_0_0_0_0_0_0_0_0_0_0_0_0_0_0_0_0 = 0.000347995
Hl_0_0_l_0_0_0_0_0_0_0_0_0_0_0_0_0_0_0_0_0_0_0 = 0.000338643
Hl_0_0_l_0_0_0_0_0_0_0_0_0_0_0_0_0_0_0_0_0_0_0_0 = 0.000322524
Hr_0_0 = 0.00999226
I = 1
pi2_0_0_0_0 = 1.00355e-05
pi2_0_0_0_0_l_0 = 9.02823e-06
pi2_0_0_0_0_l_0_0 = 8.22139e-06
pi2_0_0_0_0_l_0_0_0 = 7.55729e-06
pi2_0_0_0_0_l_0_0_0_0 = 6.99731e-06
pi2_0_0_0_0_l_0_0_0_0_0 = 6.51899e-06
pi2_0_0_0_0_l_0_0_0_0_0_0 = 6.1036e-06
pi2_0_0_0_0_l_0_0_0_0_0_0_0 = 5.74047e-06
pi2_0_0_0_0_l_0_0_0_0_0_0_0_0 = 5.41855e-06
pi2_0_0_0_0_l_0_0_0_0_0_0_0_0_0 = 5.13264e-06
pi2_0_0_0_0_l_0_0_0_0_0_0_0_0_0_0 = 4.87504e-06
pi2_0_0_0_0_l_0_0_0_0_0_0_0_0_0_0_0 = 4.64386e-06
pi2_0_0_0_0_l_0_0_0_0_0_0_0_0_0_0_0_0 = 4.43241e-06
pi2_0_0_0_0_l_0_0_0_0_0_0_0_0_0_0_0_0_0 = 4.24185e-06
pi2_0_0_0_0_l_0_0_0_0_0_0_0_0_0_0_0_0_0_0 = 4.06427e-06
pi2_0_0_0_0_l_0_0_0_0_0_0_0_0_0_0_0_0_0_0_0 = 3.90558e-06
pi2_0_0_0_0_l_0_0_0_0_0_0_0_0_0_0_0_0_0_0_0_0 = 3.7521e-06
pi2_0_0_0_0_l_0_0_0_0_0_0_0_0_0_0_0_0_0_0_0_0_0 = 3.62174e-06
pi2_0_0_0_0_l_0_0_0_0_0_0_0_0_0_0_0_0_0_0_0_0_0_0 = 3.48031e-06
pi2_0_0_0_0_l_0_0_0_0_0_0_0_0_0_0_0_0_0_0_0_0_0_0_0 = 3.38633e-06
pi2_0_0_0_0_l_0_0_0_0_0_0_0_0_0_0_0_0_0_0_0_0_0_0_0_0 = 3.22508e-06
