D^2   = 4.993934734166869e-07
Dz    = 7.020432340478282e-07
pi(A) = 0.001993360094567493
pi(B) = 0.020000000000000122
pi2   = 9.979002276595459e-06
