D^2   = 2.490456142193301e-07
Dz    = 2.0369644868533958e-07
pi(A) = 0.0019933600945674936
pi(B) = 0.020000000000000073
pi2   = 9.926532769242752e-06
