DD_0_0 = 2.56604e-07
DD_0_0_l_0 = 2.1671e-07
DD_0_0_l_0_0 = 1.86356e-07
DD_0_0_l_0_0_0 = 1.62529e-07
DD_0_0_l_0_0_0_0 = 1.43278e-07
DD_0_0_l_0_0_0_0_0 = 1.27496e-07
DD_0_0_l_0_0_0_0_0_0 = 1.14297e-07
DD_0_0_l_0_0_0_0_0_0_0 = 1.03175e-07
DD_0_0_l_0_0_0_0_0_0_0_0 = 9.36443e-08
DD_0_0_l_0_0_0_0_0_0_0_0_0 = 8.54612e-08
DD_0_0_l_0_0_0_0_0_0_0_0_0_0 = 7.83118e-08
DD_0_0_l_0_0_0_0_0_0_0_0_0_0_0 = 7.20948e-08
DD_0_0_l_0_0_0_0_0_0_0_0_0_0_0_0 = 6.65665e-08
DD_0_0_l_0_0_0_0_0_0_0_0_0_0_0_0_0 = 6.17306e-08
DD_0_0_l_0_0_0_0_0_0_0_0_0_0_0_0_0_0 = 5.73379e-08
DD_0_0_l_0_0_0_0_0_0_0_0_0_0_0_0_0_0_0 = 5.35246e-08
DD_0_0_l_0_0_0_0_0_0_0_0_0_0_0_0_0_0_0_0 = 4.99188e-08
DD_0_0_l_0_0_0_0_0_0_0_0_0_0_0_0_0_0_0_0_0 = 4.69448e-08
DD_0_0_l_0_0_0_0_0_0_0_0_0_0_0_0_0_0_0_0_0_0 = 4.37781e-08
DD_0_0_l_0_0_0_0_0_0_0_0_0_0_0_0_0_0_0_0_0_0_0 = 4.17415e-08
DD_0_0_l_0_0_0_0_0_0_0_0_0_0_0_0_0_0_0_0_0_0_0_0 = 3.82921e-08
Dr_0_0 = 2.25361e-07
Dr_0_0_l_0 = 2.20207e-07
Dr_0_0_l_0_0 = 2.12247e-07
Dr_0_0_l_0_0_0 = 2.0335e-07
Dr_0_0_l_0_0_0_0 = 1.94264e-07
Dr_0_0_l_0_0_0_0_0 = 1.85348e-07
Dr_0_0_l_0_0_0_0_0_0 = 1.76804e-07
Dr_0_0_l_0_0_0_0_0_0_0 = 1.68678e-07
Dr_0_0_l_0_0_0_0_0_0_0_0 = 1.61038e-07
Dr_0_0_l_0_0_0_0_0_0_0_0_0 = 1.53839e-07
Dr_0_0_l_0_0_0_0_0_0_0_0_0_0 = 1.47116e-07
Dr_0_0_l_0_0_0_0_0_0_0_0_0_0_0 = 1.40789e-07
Dr_0_0_l_0_0_0_0_0_0_0_0_0_0_0_0 = 1.34895e-07
Dr_0_0_l_0_0_0_0_0_0_0_0_0_0_0_0_0 = 1.29339e-07
Dr_0_0_l_0_0_0_0_0_0_0_0_0_0_0_0_0_0 = 1.24162e-07
Dr_0_0_l_0_0_0_0_0_0_0_0_0_0_0_0_0_0_0 = 1.19281e-07
Dr_0_0_l_0_0_0_0_0_0_0_0_0_0_0_0_0_0_0_0 = 1.14694e-07
Dr_0_0_l_0_0_0_0_0_0_0_0_0_0_0_0_0_0_0_0_0 = 1.1045e-07
Dr_0_0_l_0_0_0_0_0_0_0_0_0_0_0_0_0_0_0_0_0_0 = 1.06225e-07
Dr_0_0_l_0_0_0_0_0_0_0_0_0_0_0_0_0_0_0_0_0_0_0 = 1.0286e-07
Dr_0_0_l_0_0_0_0_0_0_0_0_0_0_0_0_0_0_0_0_0_0_0_0 = 9.81376e-08
Dr_0_0_l_0_0_0_0_0_0_0_0_0_0_0_0_0_0_0_0_0_0_0_0_0 = 9.44403e-08
Hl_0_0 = 0.000999876
Hl_0_0_l_0 = 0.000900011
Hl_0_0_l_0_0 = 0.000819951
Hl_0_0_l_0_0_0 = 0.000754003
Hl_0_0_l_0_0_0_0 = 0.000698355
Hl_0_0_l_0_0_0_0_0 = 0.000650795
Hl_0_0_l_0_0_0_0_0_0 = 0.000609469
Hl_0_0_l_0_0_0_0_0_0_0 = 0.000573326
Hl_0_0_l_0_0_0_0_0_0_0_0 = 0.00054127
Hl_0_0_l_0_0_0_0_0_0_0_0_0 = 0.000512792
Hl_0_0_l_0_0_0_0_0_0_0_0_0_0 = 0.000487122
Hl_0_0_l_0_0_0_0_0_0_0_0_0_0_0 = 0.000464081
Hl_0_0_l_0_0_0_0_0_0_0_0_0_0_0_0 = 0.000442998
Hl_0_0_l_0_0_0_0_0_0_0_0_0_0_0_0_0 = 0.000423997
Hl_0_0_l_0_0_0_0_0_0_0_0_0_0_0_0_0_0 = 0.00040628
Hl_0_0_l_0_0_0_0_0_0_0_0_0_0_0_0_0_0_0 = 0.000390454
Hl_0_0_l_0_0_0_0_0_0_0_0_0_0_0_0_0_0_0_0 = 0.000375129
Hl_0_0_l_0_0_0_0_0_0_0_0_0_0_0_0_0_0_0_0_0 = 0.000362133
Hl_0_0_l_0_0_0_0_0_0_0_0_0_0_0_0_0_0_0_0_0_0 = 0.000347995
Hl_0_0_l_0_0_0_0_0_0_0_0_0_0_0_0_0_0_0_0_0_0_0 = 0.000338643
Hl_0_0_l_0_0_0_0_0_0_0_0_0_0_0_0_0_0_0_0_0_0_0_0 = 0.000322524
Hr_0_0 = 0.00999765
I = 1
pi2_0_0_0_0 = 1.00145e-05
pi2_0_0_0_0_l_0 = 9.01323e-06
pi2_0_0_0_0_l_0_0 = 8.21051e-06
pi2_0_0_0_0_l_0_0_0 = 7.54935e-06
pi2_0_0_0_0_l_0_0_0_0 = 6.99151e-06
pi2_0_0_0_0_l_0_0_0_0_0 = 6.5148e-06
pi2_0_0_0_0_l_0_0_0_0_0_0 = 6.10062e-06
pi2_0_0_0_0_l_0_0_0_0_0_0_0 = 5.73843e-06
pi2_0_0_0_0_l_0_0_0_0_0_0_0_0 = 5.41723e-06
pi2_0_0_0_0_l_0_0_0_0_0_0_0_0_0 = 5.1319e-06
pi2_0_0_0_0_l_0_0_0_0_0_0_0_0_0_0 = 4.87473e-06
pi2_0_0_0_0_l_0_0_0_0_0_0_0_0_0_0_0 = 4.64392e-06
pi2_0_0_0_0_l_0_0_0_0_0_0_0_0_0_0_0_0 = 4.43275e-06
pi2_0_0_0_0_l_0_0_0_0_0_0_0_0_0_0_0_0_0 = 4.24243e-06
pi2_0_0_0_0_l_0_0_0_0_0_0_0_0_0_0_0_0_0_0 = 4.06501e-06
pi2_0_0_0_0_l_0_0_0_0_0_0_0_0_0_0_0_0_0_0_0 = 3.9065e-06
pi2_0_0_0_0_l_0_0_0_0_0_0_0_0_0_0_0_0_0_0_0_0 = 3.75307e-06
pi2_0_0_0_0_l_0_0_0_0_0_0_0_0_0_0_0_0_0_0_0_0_0 = 3.6229e-06
pi2_0_0_0_0_l_0_0_0_0_0_0_0_0_0_0_0_0_0_0_0_0_0_0 = 3.48141e-06
pi2_0_0_0_0_l_0_0_0_0_0_0_0_0_0_0_0_0_0_0_0_0_0_0_0 = 3.38768e-06
pi2_0_0_0_0_l_0_0_0_0_0_0_0_0_0_0_0_0_0_0_0_0_0_0_0_0 = 3.22637e-06
