DD_0_0 = 1.8383e-07
DD_0_0_l_0 = 2.27189e-07
DD_0_0_l_0_0 = 1.67161e-07
Dr_0_0 = 1.43585e-07
Dr_0_0_l_0 = 1.8098e-07
Dr_0_0_l_0_0 = 2.18786e-07
Dr_0_0_l_0_0_0 = 1.9517e-07
Hl_0_0 = 0.000856304
Hl_0_0_l_0 = 0.000914369
Hl_0_0_l_0_0 = 0.000769222
Hr_0_0 = 0.00999846
I = 1
pi2_0_0_0_0 = 8.58957e-06
pi2_0_0_0_0_l_0 = 9.17363e-06
pi2_0_0_0_0_l_0_0 = 7.71142e-06
