D^2   = -1.0637285415278477e-07
Dz    = -2.6941697593099834e-07
pi(A) = 0.001993360094567493
pi(B) = 0.020000000000000136
pi2   = 1.2814588147681307e-05
