DD_0_0 = 4.53442e-08
DD_0_0_l_0 = 4.02595e-08
DD_0_0_l_0_0 = 3.61967e-08
DD_0_0_l_0_0_0 = 3.28624e-08
DD_0_0_l_0_0_0_0 = 3.00598e-08
DD_0_0_l_0_0_0_0_0 = 2.76744e-08
DD_0_0_l_0_0_0_0_0_0 = 2.56104e-08
DD_0_0_l_0_0_0_0_0_0_0 = 2.3813e-08
DD_0_0_l_0_0_0_0_0_0_0_0 = 2.2226e-08
DD_0_0_l_0_0_0_0_0_0_0_0_0 = 2.08224e-08
DD_0_0_l_0_0_0_0_0_0_0_0_0_0 = 1.95632e-08
DD_0_0_l_0_0_0_0_0_0_0_0_0_0_0 = 1.84379e-08
DD_0_0_l_0_0_0_0_0_0_0_0_0_0_0_0 = 1.74134e-08
DD_0_0_l_0_0_0_0_0_0_0_0_0_0_0_0_0 = 1.64941e-08
DD_0_0_l_0_0_0_0_0_0_0_0_0_0_0_0_0_0 = 1.56414e-08
DD_0_0_l_0_0_0_0_0_0_0_0_0_0_0_0_0_0_0 = 1.48827e-08
DD_0_0_l_0_0_0_0_0_0_0_0_0_0_0_0_0_0_0_0 = 1.41527e-08
DD_0_0_l_0_0_0_0_0_0_0_0_0_0_0_0_0_0_0_0_0 = 1.35349e-08
DD_0_0_l_0_0_0_0_0_0_0_0_0_0_0_0_0_0_0_0_0_0 = 1.28691e-08
DD_0_0_l_0_0_0_0_0_0_0_0_0_0_0_0_0_0_0_0_0_0_0 = 1.24267e-08
DD_0_0_l_0_0_0_0_0_0_0_0_0_0_0_0_0_0_0_0_0_0_0_0 = 1.16766e-08
Dr_0_0 = 7.97142e-09
Dr_0_0_l_0 = 8.50047e-09
Dr_0_0_l_0_0 = 8.85165e-09
Dr_0_0_l_0_0_0 = 9.08525e-09
Dr_0_0_l_0_0_0_0 = 9.2351e-09
Dr_0_0_l_0_0_0_0_0 = 9.32412e-09
Dr_0_0_l_0_0_0_0_0_0 = 9.36781e-09
Dr_0_0_l_0_0_0_0_0_0_0 = 9.37694e-09
Dr_0_0_l_0_0_0_0_0_0_0_0 = 9.36011e-09
Dr_0_0_l_0_0_0_0_0_0_0_0_0 = 9.32248e-09
Dr_0_0_l_0_0_0_0_0_0_0_0_0_0 = 9.26982e-09
Dr_0_0_l_0_0_0_0_0_0_0_0_0_0_0 = 9.20401e-09
Dr_0_0_l_0_0_0_0_0_0_0_0_0_0_0_0 = 9.13004e-09
Dr_0_0_l_0_0_0_0_0_0_0_0_0_0_0_0_0 = 9.04691e-09
Dr_0_0_l_0_0_0_0_0_0_0_0_0_0_0_0_0_0 = 8.96086e-09
Dr_0_0_l_0_0_0_0_0_0_0_0_0_0_0_0_0_0_0 = 8.86655e-09
Dr_0_0_l_0_0_0_0_0_0_0_0_0_0_0_0_0_0_0_0 = 8.77536e-09
Dr_0_0_l_0_0_0_0_0_0_0_0_0_0_0_0_0_0_0_0_0 = 8.67192e-09
Dr_0_0_l_0_0_0_0_0_0_0_0_0_0_0_0_0_0_0_0_0_0 = 8.58335e-09
Dr_0_0_l_0_0_0_0_0_0_0_0_0_0_0_0_0_0_0_0_0_0_0 = 8.46676e-09
Dr_0_0_l_0_0_0_0_0_0_0_0_0_0_0_0_0_0_0_0_0_0_0_0 = 8.39326e-09
Dr_0_0_l_0_0_0_0_0_0_0_0_0_0_0_0_0_0_0_0_0_0_0_0_0 = 8.23765e-09
Hl_0_0 = 0.000999876
Hl_0_0_l_0 = 0.000900011
Hl_0_0_l_0_0 = 0.000819951
Hl_0_0_l_0_0_0 = 0.000754003
Hl_0_0_l_0_0_0_0 = 0.000698355
Hl_0_0_l_0_0_0_0_0 = 0.000650795
Hl_0_0_l_0_0_0_0_0_0 = 0.000609469
Hl_0_0_l_0_0_0_0_0_0_0 = 0.000573326
Hl_0_0_l_0_0_0_0_0_0_0_0 = 0.00054127
Hl_0_0_l_0_0_0_0_0_0_0_0_0 = 0.000512792
Hl_0_0_l_0_0_0_0_0_0_0_0_0_0 = 0.000487122
Hl_0_0_l_0_0_0_0_0_0_0_0_0_0_0 = 0.000464081
Hl_0_0_l_0_0_0_0_0_0_0_0_0_0_0_0 = 0.000442998
Hl_0_0_l_0_0_0_0_0_0_0_0_0_0_0_0_0 = 0.000423997
Hl_0_0_l_0_0_0_0_0_0_0_0_0_0_0_0_0_0 = 0.00040628
Hl_0_0_l_0_0_0_0_0_0_0_0_0_0_0_0_0_0_0 = 0.000390454
Hl_0_0_l_0_0_0_0_0_0_0_0_0_0_0_0_0_0_0_0 = 0.000375129
Hl_0_0_l_0_0_0_0_0_0_0_0_0_0_0_0_0_0_0_0_0 = 0.000362133
Hl_0_0_l_0_0_0_0_0_0_0_0_0_0_0_0_0_0_0_0_0_0 = 0.000347995
Hl_0_0_l_0_0_0_0_0_0_0_0_0_0_0_0_0_0_0_0_0_0_0 = 0.000338643
Hl_0_0_l_0_0_0_0_0_0_0_0_0_0_0_0_0_0_0_0_0_0_0_0 = 0.000322524
Hr_0_0 = 0.00999982
I = 1
pi2_0_0_0_0 = 9.99946e-06
pi2_0_0_0_0_l_0 = 9.00074e-06
pi2_0_0_0_0_l_0_0 = 8.20008e-06
pi2_0_0_0_0_l_0_0_0 = 7.54055e-06
pi2_0_0_0_0_l_0_0_0_0 = 6.98402e-06
pi2_0_0_0_0_l_0_0_0_0_0 = 6.50838e-06
pi2_0_0_0_0_l_0_0_0_0_0_0 = 6.09508e-06
pi2_0_0_0_0_l_0_0_0_0_0_0_0 = 5.73362e-06
pi2_0_0_0_0_l_0_0_0_0_0_0_0_0 = 5.41303e-06
pi2_0_0_0_0_l_0_0_0_0_0_0_0_0_0 = 5.12823e-06
pi2_0_0_0_0_l_0_0_0_0_0_0_0_0_0_0 = 4.8715e-06
pi2_0_0_0_0_l_0_0_0_0_0_0_0_0_0_0_0 = 4.64107e-06
pi2_0_0_0_0_l_0_0_0_0_0_0_0_0_0_0_0_0 = 4.43023e-06
pi2_0_0_0_0_l_0_0_0_0_0_0_0_0_0_0_0_0_0 = 4.2402e-06
pi2_0_0_0_0_l_0_0_0_0_0_0_0_0_0_0_0_0_0_0 = 4.06301e-06
pi2_0_0_0_0_l_0_0_0_0_0_0_0_0_0_0_0_0_0_0_0 = 3.90474e-06
pi2_0_0_0_0_l_0_0_0_0_0_0_0_0_0_0_0_0_0_0_0_0 = 3.75148e-06
pi2_0_0_0_0_l_0_0_0_0_0_0_0_0_0_0_0_0_0_0_0_0_0 = 3.62151e-06
pi2_0_0_0_0_l_0_0_0_0_0_0_0_0_0_0_0_0_0_0_0_0_0_0 = 3.48012e-06
pi2_0_0_0_0_l_0_0_0_0_0_0_0_0_0_0_0_0_0_0_0_0_0_0_0 = 3.38659e-06
pi2_0_0_0_0_l_0_0_0_0_0_0_0_0_0_0_0_0_0_0_0_0_0_0_0_0 = 3.22538e-06
