DD_0_0 = -1.6195e-09
DD_0_0_l_0 = 4.64387e-09
DD_0_0_l_0_0 = 3.52781e-09
DD_0_0_l_0_0_0 = 4.59817e-09
DD_0_0_l_0_0_0_0 = 4.10972e-09
DD_0_0_l_0_0_0_0_0 = 4.47457e-09
DD_0_0_l_0_0_0_0_0_0 = 4.19113e-09
DD_0_0_l_0_0_0_0_0_0_0 = 4.3333e-09
DD_0_0_l_0_0_0_0_0_0_0_0 = 4.14231e-09
DD_0_0_l_0_0_0_0_0_0_0_0_0 = 4.18943e-09
DD_0_0_l_0_0_0_0_0_0_0_0_0_0 = 4.04852e-09
Dr_0_0 = -1.96227e-08
Dr_0_0_l_0 = -2.65011e-09
Dr_0_0_l_0_0 = -3.04138e-10
Dr_0_0_l_0_0_0 = 2.30218e-09
Dr_0_0_l_0_0_0_0 = 3.52263e-09
Dr_0_0_l_0_0_0_0_0 = 4.31365e-09
Dr_0_0_l_0_0_0_0_0_0 = 5.0897e-09
Dr_0_0_l_0_0_0_0_0_0_0 = 5.34912e-09
Dr_0_0_l_0_0_0_0_0_0_0_0 = 5.89443e-09
Dr_0_0_l_0_0_0_0_0_0_0_0_0 = 5.94396e-09
Dr_0_0_l_0_0_0_0_0_0_0_0_0_0 = 6.35087e-09
Dr_0_0_l_0_0_0_0_0_0_0_0_0_0_0 = 6.58546e-09
Hl_0_0 = 9.19175e-05
Hl_0_0_l_0 = 9.90808e-05
Hl_0_0_l_0_0 = 9.53242e-05
Hl_0_0_l_0_0_0 = 9.71401e-05
Hl_0_0_l_0_0_0_0 = 9.44976e-05
Hl_0_0_l_0_0_0_0_0 = 9.52747e-05
Hl_0_0_l_0_0_0_0_0_0 = 9.31283e-05
Hl_0_0_l_0_0_0_0_0_0_0 = 9.34802e-05
Hl_0_0_l_0_0_0_0_0_0_0_0 = 9.16224e-05
Hl_0_0_l_0_0_0_0_0_0_0_0_0 = 9.17526e-05
Hl_0_0_l_0_0_0_0_0_0_0_0_0_0 = 9.00883e-05
Hr_0_0 = 0.0100019
I = 1
pi2_0_0_0_0 = 9.26516e-07
pi2_0_0_0_0_l_0 = 9.95641e-07
pi2_0_0_0_0_l_0_0 = 9.56565e-07
pi2_0_0_0_0_l_0_0_0 = 9.7434e-07
pi2_0_0_0_0_l_0_0_0_0 = 9.47207e-07
pi2_0_0_0_0_l_0_0_0_0_0 = 9.54871e-07
pi2_0_0_0_0_l_0_0_0_0_0_0 = 9.32976e-07
pi2_0_0_0_0_l_0_0_0_0_0_0_0 = 9.36471e-07
pi2_0_0_0_0_l_0_0_0_0_0_0_0_0 = 9.17595e-07
pi2_0_0_0_0_l_0_0_0_0_0_0_0_0_0 = 9.18904e-07
pi2_0_0_0_0_l_0_0_0_0_0_0_0_0_0_0 = 9.02049e-07
