DD_0_0 = 8.81699e-09
DD_0_0_l_0 = 5.20996e-09
DD_0_0_l_0_0 = 5.6277e-09
DD_0_0_l_0_0_0 = 4.91004e-09
DD_0_0_l_0_0_0_0 = 5.00888e-09
DD_0_0_l_0_0_0_0_0 = 4.6853e-09
Dr_0_0 = 2.84956e-08
Dr_0_0_l_0 = 1.67788e-08
Dr_0_0_l_0_0 = 1.61206e-08
Dr_0_0_l_0_0_0 = 1.37227e-08
Dr_0_0_l_0_0_0_0 = 1.34126e-08
Dr_0_0_l_0_0_0_0_0 = 1.23114e-08
Dr_0_0_l_0_0_0_0_0_0 = 1.14974e-08
Hl_0_0 = 0.000105903
Hl_0_0_l_0 = 9.8941e-05
Hl_0_0_l_0_0 = 9.99887e-05
Hl_0_0_l_0_0_0 = 9.70002e-05
Hl_0_0_l_0_0_0_0 = 9.73003e-05
Hl_0_0_l_0_0_0_0_0 = 9.51346e-05
Hr_0_0 = 0.00999705
I = 1
pi2_0_0_0_0 = 1.05163e-06
pi2_0_0_0_0_l_0 = 9.86326e-07
pi2_0_0_0_0_l_0_0 = 9.96857e-07
pi2_0_0_0_0_l_0_0_0 = 9.68091e-07
pi2_0_0_0_0_l_0_0_0_0 = 9.71006e-07
pi2_0_0_0_0_l_0_0_0_0_0 = 9.49888e-07
