D^2   = 4.658453827298482e-09
Dz    = 1.2235852211535428e-08
pi(A) = 0.00019816154004609397
pi(B) = 0.020000000000000122
pi2   = 9.856981841887631e-07
