D^2   = 4.657988441930177e-09
Dz    = 1.2233826237615735e-08
pi(A) = 0.00019816154004614672
pi(B) = 0.020000000000000122
pi2   = 9.85697893811398e-07
