D^2   = 4.653288411349809e-09
Dz    = 1.2213494031042831e-08
pi(A) = 0.00019816154004819765
pi(B) = 0.020000000000000122
pi2   = 9.856949366087183e-07
