DD_0_0 = 4.2132e-09
DD_0_0_l_0 = 4.83438e-09
DD_0_0_l_0_0 = 4.70135e-09
Dr_0_0 = 7.57507e-09
Dr_0_0_l_0 = 8.19156e-09
Dr_0_0_l_0_0 = 8.80444e-09
Dr_0_0_l_0_0_0 = 8.9348e-09
Hl_0_0 = 9.72036e-05
Hl_0_0_l_0 = 9.9028e-05
Hl_0_0_l_0_0 = 9.70872e-05
Hr_0_0 = 0.00999914
I = 1
pi2_0_0_0_0 = 9.72116e-07
pi2_0_0_0_0_l_0 = 9.90571e-07
pi2_0_0_0_0_l_0_0 = 9.71014e-07
