DD_0_0 = -1.36547e-09
DD_0_0_l_0 = 4.65592e-09
DD_0_0_l_0_0 = 3.54202e-09
DD_0_0_l_0_0_0 = 4.5796e-09
DD_0_0_l_0_0_0_0 = 4.09104e-09
DD_0_0_l_0_0_0_0_0 = 4.44651e-09
DD_0_0_l_0_0_0_0_0_0 = 4.16275e-09
DD_0_0_l_0_0_0_0_0_0_0 = 4.30176e-09
DD_0_0_l_0_0_0_0_0_0_0_0 = 4.11056e-09
DD_0_0_l_0_0_0_0_0_0_0_0_0 = 4.15676e-09
DD_0_0_l_0_0_0_0_0_0_0_0_0_0 = 4.01576e-09
Dr_0_0 = -1.84016e-08
Dr_0_0_l_0 = -1.99485e-09
Dr_0_0_l_0_0 = 1.17157e-10
Dr_0_0_l_0_0_0 = 2.63317e-09
Dr_0_0_l_0_0_0_0 = 3.74269e-09
Dr_0_0_l_0_0_0_0_0 = 4.50435e-09
Dr_0_0_l_0_0_0_0_0_0 = 5.21385e-09
Dr_0_0_l_0_0_0_0_0_0_0 = 5.46219e-09
Dr_0_0_l_0_0_0_0_0_0_0_0 = 5.96243e-09
Dr_0_0_l_0_0_0_0_0_0_0_0_0 = 6.00835e-09
Dr_0_0_l_0_0_0_0_0_0_0_0_0_0 = 6.38236e-09
Dr_0_0_l_0_0_0_0_0_0_0_0_0_0_0 = 6.59406e-09
Hl_0_0 = 9.19175e-05
Hl_0_0_l_0 = 9.90808e-05
Hl_0_0_l_0_0 = 9.53242e-05
Hl_0_0_l_0_0_0 = 9.71401e-05
Hl_0_0_l_0_0_0_0 = 9.44976e-05
Hl_0_0_l_0_0_0_0_0 = 9.52747e-05
Hl_0_0_l_0_0_0_0_0_0 = 9.31283e-05
Hl_0_0_l_0_0_0_0_0_0_0 = 9.34802e-05
Hl_0_0_l_0_0_0_0_0_0_0_0 = 9.16224e-05
Hl_0_0_l_0_0_0_0_0_0_0_0_0 = 9.17526e-05
Hl_0_0_l_0_0_0_0_0_0_0_0_0_0 = 9.00883e-05
Hr_0_0 = 0.0100017
I = 1
pi2_0_0_0_0 = 9.26288e-07
pi2_0_0_0_0_l_0 = 9.95439e-07
pi2_0_0_0_0_l_0_0 = 9.56432e-07
pi2_0_0_0_0_l_0_0_0 = 9.74212e-07
pi2_0_0_0_0_l_0_0_0_0 = 9.47111e-07
pi2_0_0_0_0_l_0_0_0_0_0 = 9.54775e-07
pi2_0_0_0_0_l_0_0_0_0_0_0 = 9.32901e-07
pi2_0_0_0_0_l_0_0_0_0_0_0_0 = 9.36394e-07
pi2_0_0_0_0_l_0_0_0_0_0_0_0_0 = 9.17532e-07
pi2_0_0_0_0_l_0_0_0_0_0_0_0_0_0 = 9.1884e-07
pi2_0_0_0_0_l_0_0_0_0_0_0_0_0_0_0 = 9.01995e-07
