DD_0_0 = 8.57658e-09
DD_0_0_l_0 = 5.1266e-09
DD_0_0_l_0_0 = 5.53912e-09
DD_0_0_l_0_0_0 = 4.84709e-09
DD_0_0_l_0_0_0_0 = 4.94475e-09
DD_0_0_l_0_0_0_0_0 = 4.63112e-09
Dr_0_0 = 2.71112e-08
Dr_0_0_l_0 = 1.60687e-08
Dr_0_0_l_0_0 = 1.54582e-08
Dr_0_0_l_0_0_0 = 1.32181e-08
Dr_0_0_l_0_0_0_0 = 1.29235e-08
Dr_0_0_l_0_0_0_0_0 = 1.19003e-08
Dr_0_0_l_0_0_0_0_0_0 = 1.11395e-08
Hl_0_0 = 0.000105903
Hl_0_0_l_0 = 9.8941e-05
Hl_0_0_l_0_0 = 9.99887e-05
Hl_0_0_l_0_0_0 = 9.70002e-05
Hl_0_0_l_0_0_0_0 = 9.73003e-05
Hl_0_0_l_0_0_0_0_0 = 9.51346e-05
Hr_0_0 = 0.00999719
I = 1
pi2_0_0_0_0 = 1.05206e-06
pi2_0_0_0_0_l_0 = 9.86505e-07
pi2_0_0_0_0_l_0_0 = 9.97037e-07
pi2_0_0_0_0_l_0_0_0 = 9.68204e-07
pi2_0_0_0_0_l_0_0_0_0 = 9.71125e-07
pi2_0_0_0_0_l_0_0_0_0_0 = 9.49975e-07
