D^2   = 4.607029838779444e-09
Dz    = 1.2013641094934567e-08
pi(A) = 0.00019816154004604944
pi(B) = 0.020000000000000122
pi2   = 9.856657169539525e-07
