DD_0_0 = -4.10265e-09
DD_0_0_l_0 = 4.9461e-09
DD_0_0_l_0_0 = 2.62342e-09
DD_0_0_l_0_0_0 = 4.5174e-09
DD_0_0_l_0_0_0_0 = 3.46934e-09
DD_0_0_l_0_0_0_0_0 = 4.2706e-09
DD_0_0_l_0_0_0_0_0_0 = 3.6578e-09
DD_0_0_l_0_0_0_0_0_0_0 = 4.08011e-09
DD_0_0_l_0_0_0_0_0_0_0_0 = 3.66996e-09
DD_0_0_l_0_0_0_0_0_0_0_0_0 = 3.91608e-09
DD_0_0_l_0_0_0_0_0_0_0_0_0_0 = 3.61789e-09
DD_0_0_l_0_0_0_0_0_0_0_0_0_0_0 = 3.76812e-09
DD_0_0_l_0_0_0_0_0_0_0_0_0_0_0_0 = 3.53905e-09
DD_0_0_l_0_0_0_0_0_0_0_0_0_0_0_0_0 = 3.63165e-09
DD_0_0_l_0_0_0_0_0_0_0_0_0_0_0_0_0_0 = 3.44876e-09
DD_0_0_l_0_0_0_0_0_0_0_0_0_0_0_0_0_0_0 = 3.50428e-09
DD_0_0_l_0_0_0_0_0_0_0_0_0_0_0_0_0_0_0_0 = 3.35413e-09
DD_0_0_l_0_0_0_0_0_0_0_0_0_0_0_0_0_0_0_0_0 = 3.38456e-09
DD_0_0_l_0_0_0_0_0_0_0_0_0_0_0_0_0_0_0_0_0_0 = 3.25874e-09
DD_0_0_l_0_0_0_0_0_0_0_0_0_0_0_0_0_0_0_0_0_0_0 = 3.27153e-09
DD_0_0_l_0_0_0_0_0_0_0_0_0_0_0_0_0_0_0_0_0_0_0_0 = 3.16451e-09
Dr_0_0 = -3.29461e-08
Dr_0_0_l_0 = -3.92184e-09
Dr_0_0_l_0_0 = -4.10467e-09
Dr_0_0_l_0_0_0 = 1.06471e-09
Dr_0_0_l_0_0_0_0 = 1.13585e-09
Dr_0_0_l_0_0_0_0_0 = 3.07883e-09
Dr_0_0_l_0_0_0_0_0_0 = 3.18954e-09
Dr_0_0_l_0_0_0_0_0_0_0 = 4.11739e-09
Dr_0_0_l_0_0_0_0_0_0_0_0 = 4.2257e-09
Dr_0_0_l_0_0_0_0_0_0_0_0_0 = 4.71938e-09
Dr_0_0_l_0_0_0_0_0_0_0_0_0_0 = 4.81572e-09
Dr_0_0_l_0_0_0_0_0_0_0_0_0_0_0 = 5.09022e-09
Dr_0_0_l_0_0_0_0_0_0_0_0_0_0_0_0 = 5.17318e-09
Dr_0_0_l_0_0_0_0_0_0_0_0_0_0_0_0_0 = 5.32494e-09
Dr_0_0_l_0_0_0_0_0_0_0_0_0_0_0_0_0_0 = 5.39544e-09
Dr_0_0_l_0_0_0_0_0_0_0_0_0_0_0_0_0_0_0 = 5.47344e-09
Dr_0_0_l_0_0_0_0_0_0_0_0_0_0_0_0_0_0_0_0 = 5.53294e-09
Dr_0_0_l_0_0_0_0_0_0_0_0_0_0_0_0_0_0_0_0_0 = 5.56437e-09
Dr_0_0_l_0_0_0_0_0_0_0_0_0_0_0_0_0_0_0_0_0_0 = 5.61438e-09
Dr_0_0_l_0_0_0_0_0_0_0_0_0_0_0_0_0_0_0_0_0_0_0 = 5.61535e-09
Dr_0_0_l_0_0_0_0_0_0_0_0_0_0_0_0_0_0_0_0_0_0_0_0 = 5.6572e-09
Dr_0_0_l_0_0_0_0_0_0_0_0_0_0_0_0_0_0_0_0_0_0_0_0_0 = 5.66606e-09
Hl_0_0 = 8.84926e-05
Hl_0_0_l_0 = 9.91151e-05
Hl_0_0_l_0_0 = 9.41818e-05
Hl_0_0_l_0_0_0 = 9.71744e-05
Hl_0_0_l_0_0_0_0 = 9.38113e-05
Hl_0_0_l_0_0_0_0_0 = 9.5309e-05
Hl_0_0_l_0_0_0_0_0_0 = 9.26369e-05
Hl_0_0_l_0_0_0_0_0_0_0 = 9.35146e-05
Hl_0_0_l_0_0_0_0_0_0_0_0 = 9.12391e-05
Hl_0_0_l_0_0_0_0_0_0_0_0_0 = 9.17871e-05
Hl_0_0_l_0_0_0_0_0_0_0_0_0_0 = 8.97735e-05
Hl_0_0_l_0_0_0_0_0_0_0_0_0_0_0 = 9.01229e-05
Hl_0_0_l_0_0_0_0_0_0_0_0_0_0_0_0 = 8.82977e-05
Hl_0_0_l_0_0_0_0_0_0_0_0_0_0_0_0_0 = 8.85186e-05
Hl_0_0_l_0_0_0_0_0_0_0_0_0_0_0_0_0_0 = 8.68371e-05
Hl_0_0_l_0_0_0_0_0_0_0_0_0_0_0_0_0_0_0 = 8.69709e-05
Hl_0_0_l_0_0_0_0_0_0_0_0_0_0_0_0_0_0_0_0 = 8.54037e-05
Hl_0_0_l_0_0_0_0_0_0_0_0_0_0_0_0_0_0_0_0_0 = 8.54769e-05
Hl_0_0_l_0_0_0_0_0_0_0_0_0_0_0_0_0_0_0_0_0_0 = 8.40035e-05
Hl_0_0_l_0_0_0_0_0_0_0_0_0_0_0_0_0_0_0_0_0_0_0 = 8.40338e-05
Hl_0_0_l_0_0_0_0_0_0_0_0_0_0_0_0_0_0_0_0_0_0_0_0 = 8.26392e-05
Hr_0_0 = 0.0100032
I = 1
pi2_0_0_0_0 = 8.98538e-07
pi2_0_0_0_0_l_0 = 9.98359e-07
pi2_0_0_0_0_l_0_0 = 9.4727e-07
pi2_0_0_0_0_l_0_0_0 = 9.76065e-07
pi2_0_0_0_0_l_0_0_0_0 = 9.41641e-07
pi2_0_0_0_0_l_0_0_0_0_0 = 9.56189e-07
pi2_0_0_0_0_l_0_0_0_0_0_0 = 9.29004e-07
pi2_0_0_0_0_l_0_0_0_0_0_0_0 = 9.37571e-07
pi2_0_0_0_0_l_0_0_0_0_0_0_0_0 = 9.14505e-07
pi2_0_0_0_0_l_0_0_0_0_0_0_0_0_0 = 9.1987e-07
pi2_0_0_0_0_l_0_0_0_0_0_0_0_0_0_0 = 8.99506e-07
pi2_0_0_0_0_l_0_0_0_0_0_0_0_0_0_0_0 = 9.02933e-07
pi2_0_0_0_0_l_0_0_0_0_0_0_0_0_0_0_0_0 = 8.84505e-07
pi2_0_0_0_0_l_0_0_0_0_0_0_0_0_0_0_0_0_0 = 8.86674e-07
pi2_0_0_0_0_l_0_0_0_0_0_0_0_0_0_0_0_0_0_0 = 8.69717e-07
pi2_0_0_0_0_l_0_0_0_0_0_0_0_0_0_0_0_0_0_0_0 = 8.71032e-07
pi2_0_0_0_0_l_0_0_0_0_0_0_0_0_0_0_0_0_0_0_0_0 = 8.55242e-07
pi2_0_0_0_0_l_0_0_0_0_0_0_0_0_0_0_0_0_0_0_0_0_0 = 8.55962e-07
pi2_0_0_0_0_l_0_0_0_0_0_0_0_0_0_0_0_0_0_0_0_0_0_0 = 8.41126e-07
pi2_0_0_0_0_l_0_0_0_0_0_0_0_0_0_0_0_0_0_0_0_0_0_0_0 = 8.41426e-07
pi2_0_0_0_0_l_0_0_0_0_0_0_0_0_0_0_0_0_0_0_0_0_0_0_0_0 = 8.27392e-07
