D^2   = 4.189457782745892e-09
Dz    = 1.027675022852143e-08
pi(A) = 0.00019816154004538526
pi(B) = 0.020000000000000122
pi2   = 9.854062940318316e-07
