DD_0_0 = 6.95524e-09
DD_0_0_l_0 = 4.53245e-09
DD_0_0_l_0_0 = 4.89796e-09
DD_0_0_l_0_0_0 = 4.37288e-09
DD_0_0_l_0_0_0_0 = 4.46034e-09
DD_0_0_l_0_0_0_0_0 = 4.21175e-09
Dr_0_0 = 1.84068e-08
Dr_0_0_l_0 = 1.15173e-08
Dr_0_0_l_0_0 = 1.12122e-08
Dr_0_0_l_0_0_0 = 9.92038e-09
Dr_0_0_l_0_0_0_0 = 9.72544e-09
Dr_0_0_l_0_0_0_0_0 = 9.16879e-09
Dr_0_0_l_0_0_0_0_0_0 = 8.72666e-09
Hl_0_0 = 0.000105903
Hl_0_0_l_0 = 9.8941e-05
Hl_0_0_l_0_0 = 9.99887e-05
Hl_0_0_l_0_0_0 = 9.70002e-05
Hl_0_0_l_0_0_0_0 = 9.73003e-05
Hl_0_0_l_0_0_0_0_0 = 9.51346e-05
Hr_0_0 = 0.00999806
I = 1
pi2_0_0_0_0 = 1.05471e-06
pi2_0_0_0_0_l_0 = 9.87608e-07
pi2_0_0_0_0_l_0_0 = 9.98144e-07
pi2_0_0_0_0_l_0_0_0 = 9.68894e-07
pi2_0_0_0_0_l_0_0_0_0 = 9.71857e-07
pi2_0_0_0_0_l_0_0_0_0_0 = 9.50507e-07
