DD_0_0 = 5.48723e-05
DD_0_0_l_0 = 5.90305e-06
DD_0_0_l_0_0 = 9.23547e-06
DD_0_0_l_0_0_0 = 2.37525e-06
DD_0_0_l_0_0_0_0 = 3.51381e-06
DD_0_0_l_0_0_0_0_0 = 1.25888e-06
DD_0_0_l_0_0_0_0_0_0 = 1.78609e-06
DD_0_0_l_0_0_0_0_0_0_0 = 7.71994e-07
DD_0_0_l_0_0_0_0_0_0_0_0 = 1.06004e-06
DD_0_0_l_0_0_0_0_0_0_0_0_0 = 5.18592e-07
DD_0_0_l_0_0_0_0_0_0_0_0_0_0 = 6.9348e-07
DD_0_0_l_0_0_0_0_0_0_0_0_0_0_0 = 3.70847e-07
DD_0_0_l_0_0_0_0_0_0_0_0_0_0_0_0 = 4.85131e-07
DD_0_0_l_0_0_0_0_0_0_0_0_0_0_0_0_0 = 2.77572e-07
DD_0_0_l_0_0_0_0_0_0_0_0_0_0_0_0_0_0 = 3.56423e-07
DD_0_0_l_0_0_0_0_0_0_0_0_0_0_0_0_0_0_0 = 2.15107e-07
DD_0_0_l_0_0_0_0_0_0_0_0_0_0_0_0_0_0_0_0 = 2.71837e-07
DD_0_0_l_0_0_0_0_0_0_0_0_0_0_0_0_0_0_0_0_0 = 1.71326e-07
DD_0_0_l_0_0_0_0_0_0_0_0_0_0_0_0_0_0_0_0_0_0 = 2.13521e-07
DD_0_0_l_0_0_0_0_0_0_0_0_0_0_0_0_0_0_0_0_0_0_0 = 1.39506e-07
DD_0_0_l_0_0_0_0_0_0_0_0_0_0_0_0_0_0_0_0_0_0_0_0 = 1.71753e-07
Dr_0_0 = -3.17484e-14
Dr_0_0_l_0 = 4.38102e-05
Dr_0_0_l_0_0 = 5.89568e-06
Dr_0_0_l_0_0_0 = 2.01712e-05
Dr_0_0_l_0_0_0_0 = 4.31382e-06
Dr_0_0_l_0_0_0_0_0 = 1.18204e-05
Dr_0_0_l_0_0_0_0_0_0 = 3.16296e-06
Dr_0_0_l_0_0_0_0_0_0_0 = 7.84635e-06
Dr_0_0_l_0_0_0_0_0_0_0_0 = 2.40942e-06
Dr_0_0_l_0_0_0_0_0_0_0_0_0 = 5.62411e-06
Dr_0_0_l_0_0_0_0_0_0_0_0_0_0 = 1.89924e-06
Dr_0_0_l_0_0_0_0_0_0_0_0_0_0_0 = 4.24746e-06
Dr_0_0_l_0_0_0_0_0_0_0_0_0_0_0_0 = 1.53909e-06
Dr_0_0_l_0_0_0_0_0_0_0_0_0_0_0_0_0 = 3.33173e-06
Dr_0_0_l_0_0_0_0_0_0_0_0_0_0_0_0_0_0 = 1.27531e-06
Dr_0_0_l_0_0_0_0_0_0_0_0_0_0_0_0_0_0_0 = 2.68978e-06
Dr_0_0_l_0_0_0_0_0_0_0_0_0_0_0_0_0_0_0_0 = 1.07609e-06
Dr_0_0_l_0_0_0_0_0_0_0_0_0_0_0_0_0_0_0_0_0 = 2.22123e-06
Dr_0_0_l_0_0_0_0_0_0_0_0_0_0_0_0_0_0_0_0_0_0 = 9.21708e-07
Dr_0_0_l_0_0_0_0_0_0_0_0_0_0_0_0_0_0_0_0_0_0_0 = 1.86811e-06
Dr_0_0_l_0_0_0_0_0_0_0_0_0_0_0_0_0_0_0_0_0_0_0_0 = 7.99472e-07
Dr_0_0_l_0_0_0_0_0_0_0_0_0_0_0_0_0_0_0_0_0_0_0_0_0 = 1.59496e-06
Hl_0_0 = 0.0099999
Hl_0_0_l_0 = 0.00333323
Hl_0_0_l_0_0 = 0.00333323
Hl_0_0_l_0_0_0 = 0.0019999
Hl_0_0_l_0_0_0_0 = 0.0019999
Hl_0_0_l_0_0_0_0_0 = 0.00142847
Hl_0_0_l_0_0_0_0_0_0 = 0.00142847
Hl_0_0_l_0_0_0_0_0_0_0 = 0.00111101
Hl_0_0_l_0_0_0_0_0_0_0_0 = 0.00111101
Hl_0_0_l_0_0_0_0_0_0_0_0_0 = 0.000908991
Hl_0_0_l_0_0_0_0_0_0_0_0_0_0 = 0.000908991
Hl_0_0_l_0_0_0_0_0_0_0_0_0_0_0 = 0.000769131
Hl_0_0_l_0_0_0_0_0_0_0_0_0_0_0_0 = 0.000769131
Hl_0_0_l_0_0_0_0_0_0_0_0_0_0_0_0_0 = 0.000666567
Hl_0_0_l_0_0_0_0_0_0_0_0_0_0_0_0_0_0 = 0.000666567
Hl_0_0_l_0_0_0_0_0_0_0_0_0_0_0_0_0_0_0 = 0.000588135
Hl_0_0_l_0_0_0_0_0_0_0_0_0_0_0_0_0_0_0_0 = 0.000588135
Hl_0_0_l_0_0_0_0_0_0_0_0_0_0_0_0_0_0_0_0_0 = 0.000526216
Hl_0_0_l_0_0_0_0_0_0_0_0_0_0_0_0_0_0_0_0_0_0 = 0.000526216
Hl_0_0_l_0_0_0_0_0_0_0_0_0_0_0_0_0_0_0_0_0_0_0 = 0.00047609
Hl_0_0_l_0_0_0_0_0_0_0_0_0_0_0_0_0_0_0_0_0_0_0_0 = 0.00047609
Hr_0_0 = 0.0099999
I = 1
pi2_0_0_0_0 = 0.000121902
pi2_0_0_0_0_l_0 = 3.55424e-05
pi2_0_0_0_0_l_0_0 = 3.59655e-05
pi2_0_0_0_0_l_0_0_0 = 2.07779e-05
pi2_0_0_0_0_l_0_0_0_0 = 2.06812e-05
pi2_0_0_0_0_l_0_0_0_0_0 = 1.46516e-05
pi2_0_0_0_0_l_0_0_0_0_0_0 = 1.44969e-05
pi2_0_0_0_0_l_0_0_0_0_0_0_0 = 1.13121e-05
pi2_0_0_0_0_l_0_0_0_0_0_0_0_0 = 1.11682e-05
pi2_0_0_0_0_l_0_0_0_0_0_0_0_0_0 = 9.21263e-06
pi2_0_0_0_0_l_0_0_0_0_0_0_0_0_0_0 = 9.08955e-06
pi2_0_0_0_0_l_0_0_0_0_0_0_0_0_0_0_0 = 7.77111e-06
pi2_0_0_0_0_l_0_0_0_0_0_0_0_0_0_0_0_0 = 7.66751e-06
pi2_0_0_0_0_l_0_0_0_0_0_0_0_0_0_0_0_0_0 = 6.72022e-06
pi2_0_0_0_0_l_0_0_0_0_0_0_0_0_0_0_0_0_0_0 = 6.63284e-06
pi2_0_0_0_0_l_0_0_0_0_0_0_0_0_0_0_0_0_0_0_0 = 5.92009e-06
pi2_0_0_0_0_l_0_0_0_0_0_0_0_0_0_0_0_0_0_0_0_0 = 5.84584e-06
pi2_0_0_0_0_l_0_0_0_0_0_0_0_0_0_0_0_0_0_0_0_0_0 = 5.2905e-06
pi2_0_0_0_0_l_0_0_0_0_0_0_0_0_0_0_0_0_0_0_0_0_0_0 = 5.22683e-06
pi2_0_0_0_0_l_0_0_0_0_0_0_0_0_0_0_0_0_0_0_0_0_0_0_0 = 4.78214e-06
pi2_0_0_0_0_l_0_0_0_0_0_0_0_0_0_0_0_0_0_0_0_0_0_0_0_0 = 4.72706e-06
