D^2   = 5.487213278200759e-05
Dz    = 4.3809975608400436e-05
pi(A) = 0.02000000000000002
pi(B) = 0.02000000000000014
pi2   = 0.00012190498780419978
