D^2   = -1.981545116671504e-07
Dz    = -5.830260771201008e-06
pi(A) = 0.00019816154004985342
pi(B) = 0.020000000000000042
pi2   = 1.282863932966254e-07
