D^2   = 4.9406561772919864e-05
Dz    = 3.8748225486942766e-05
pi(A) = 0.02000000000000002
pi(B) = 0.02000000000000014
pi2   = 0.00011937411274347023
