D^2   = 2.4895976354156867e-05
Dz    = 1.6565257283866868e-05
pi(A) = 0.02000000000000002
pi(B) = 0.02000000000000014
pi2   = 0.00010828262864193223
