DD_0_0 = 4.42483e-06
DD_0_0_l_0 = 1.2632e-06
DD_0_0_l_0_0 = 1.21034e-06
DD_0_0_l_0_0_0 = 6.41881e-07
DD_0_0_l_0_0_0_0 = 6.21324e-07
DD_0_0_l_0_0_0_0_0 = 3.99796e-07
DD_0_0_l_0_0_0_0_0_0 = 3.89493e-07
DD_0_0_l_0_0_0_0_0_0_0 = 2.76509e-07
DD_0_0_l_0_0_0_0_0_0_0_0 = 2.70589e-07
DD_0_0_l_0_0_0_0_0_0_0_0_0 = 2.04062e-07
DD_0_0_l_0_0_0_0_0_0_0_0_0_0 = 2.0035e-07
Dr_0_0 = -6.02109e-15
Dr_0_0_l_0 = 1.17976e-06
Dr_0_0_l_0_0 = 5.61334e-07
Dr_0_0_l_0_0_0 = 8.20959e-07
Dr_0_0_l_0_0_0_0 = 5.05058e-07
Dr_0_0_l_0_0_0_0_0 = 6.25279e-07
Dr_0_0_l_0_0_0_0_0_0 = 4.2924e-07
Dr_0_0_l_0_0_0_0_0_0_0 = 5.0073e-07
Dr_0_0_l_0_0_0_0_0_0_0_0 = 3.66066e-07
Dr_0_0_l_0_0_0_0_0_0_0_0_0 = 4.14419e-07
Dr_0_0_l_0_0_0_0_0_0_0_0_0_0 = 3.15825e-07
Dr_0_0_l_0_0_0_0_0_0_0_0_0_0_0 = 3.51192e-07
Hl_0_0 = 0.0099999
Hl_0_0_l_0 = 0.00333323
Hl_0_0_l_0_0 = 0.00333323
Hl_0_0_l_0_0_0 = 0.0019999
Hl_0_0_l_0_0_0_0 = 0.0019999
Hl_0_0_l_0_0_0_0_0 = 0.00142847
Hl_0_0_l_0_0_0_0_0_0 = 0.00142847
Hl_0_0_l_0_0_0_0_0_0_0 = 0.00111101
Hl_0_0_l_0_0_0_0_0_0_0_0 = 0.00111101
Hl_0_0_l_0_0_0_0_0_0_0_0_0 = 0.000908991
Hl_0_0_l_0_0_0_0_0_0_0_0_0_0 = 0.000908991
Hr_0_0 = 0.0099999
I = 1
pi2_0_0_0_0 = 0.000100587
pi2_0_0_0_0_l_0 = 3.3542e-05
pi2_0_0_0_0_l_0_0 = 3.34818e-05
pi2_0_0_0_0_l_0_0_0 = 2.00941e-05
pi2_0_0_0_0_l_0_0_0_0 = 2.00695e-05
pi2_0_0_0_0_l_0_0_0_0_0 = 1.43387e-05
pi2_0_0_0_0_l_0_0_0_0_0_0 = 1.43254e-05
pi2_0_0_0_0_l_0_0_0_0_0_0_0 = 1.11446e-05
pi2_0_0_0_0_l_0_0_0_0_0_0_0_0 = 1.11363e-05
pi2_0_0_0_0_l_0_0_0_0_0_0_0_0_0 = 9.11362e-06
pi2_0_0_0_0_l_0_0_0_0_0_0_0_0_0_0 = 9.108e-06
