DD_0_0 = 4.42483e-06
DD_0_0_l_0 = 1.2632e-06
DD_0_0_l_0_0 = 1.21034e-06
DD_0_0_l_0_0_0 = 6.41881e-07
DD_0_0_l_0_0_0_0 = 6.21324e-07
DD_0_0_l_0_0_0_0_0 = 3.99796e-07
DD_0_0_l_0_0_0_0_0_0 = 3.89493e-07
DD_0_0_l_0_0_0_0_0_0_0 = 2.76509e-07
DD_0_0_l_0_0_0_0_0_0_0_0 = 2.70589e-07
DD_0_0_l_0_0_0_0_0_0_0_0_0 = 2.04062e-07
DD_0_0_l_0_0_0_0_0_0_0_0_0_0 = 2.0035e-07
DD_0_0_l_0_0_0_0_0_0_0_0_0_0_0 = 1.57456e-07
DD_0_0_l_0_0_0_0_0_0_0_0_0_0_0_0 = 1.54982e-07
DD_0_0_l_0_0_0_0_0_0_0_0_0_0_0_0_0 = 1.25526e-07
DD_0_0_l_0_0_0_0_0_0_0_0_0_0_0_0_0_0 = 1.238e-07
DD_0_0_l_0_0_0_0_0_0_0_0_0_0_0_0_0_0_0 = 1.02607e-07
DD_0_0_l_0_0_0_0_0_0_0_0_0_0_0_0_0_0_0_0 = 1.0136e-07
DD_0_0_l_0_0_0_0_0_0_0_0_0_0_0_0_0_0_0_0_0 = 8.55557e-08
DD_0_0_l_0_0_0_0_0_0_0_0_0_0_0_0_0_0_0_0_0_0 = 8.46279e-08
DD_0_0_l_0_0_0_0_0_0_0_0_0_0_0_0_0_0_0_0_0_0_0 = 7.25005e-08
DD_0_0_l_0_0_0_0_0_0_0_0_0_0_0_0_0_0_0_0_0_0_0_0 = 7.17942e-08
Dr_0_0 = 9.36732e-15
Dr_0_0_l_0 = 1.17976e-06
Dr_0_0_l_0_0 = 5.61334e-07
Dr_0_0_l_0_0_0 = 8.20959e-07
Dr_0_0_l_0_0_0_0 = 5.05058e-07
Dr_0_0_l_0_0_0_0_0 = 6.25279e-07
Dr_0_0_l_0_0_0_0_0_0 = 4.2924e-07
Dr_0_0_l_0_0_0_0_0_0_0 = 5.0073e-07
Dr_0_0_l_0_0_0_0_0_0_0_0 = 3.66066e-07
Dr_0_0_l_0_0_0_0_0_0_0_0_0 = 4.14419e-07
Dr_0_0_l_0_0_0_0_0_0_0_0_0_0 = 3.15825e-07
Dr_0_0_l_0_0_0_0_0_0_0_0_0_0_0 = 3.51192e-07
Dr_0_0_l_0_0_0_0_0_0_0_0_0_0_0_0 = 2.75741e-07
Dr_0_0_l_0_0_0_0_0_0_0_0_0_0_0_0_0 = 3.02999e-07
Dr_0_0_l_0_0_0_0_0_0_0_0_0_0_0_0_0_0 = 2.4334e-07
Dr_0_0_l_0_0_0_0_0_0_0_0_0_0_0_0_0_0_0 = 2.65148e-07
Dr_0_0_l_0_0_0_0_0_0_0_0_0_0_0_0_0_0_0_0 = 2.16768e-07
Dr_0_0_l_0_0_0_0_0_0_0_0_0_0_0_0_0_0_0_0_0 = 2.34708e-07
Dr_0_0_l_0_0_0_0_0_0_0_0_0_0_0_0_0_0_0_0_0_0 = 1.94677e-07
Dr_0_0_l_0_0_0_0_0_0_0_0_0_0_0_0_0_0_0_0_0_0_0 = 2.09757e-07
Dr_0_0_l_0_0_0_0_0_0_0_0_0_0_0_0_0_0_0_0_0_0_0_0 = 1.76082e-07
Dr_0_0_l_0_0_0_0_0_0_0_0_0_0_0_0_0_0_0_0_0_0_0_0_0 = 1.88977e-07
Hl_0_0 = 0.0099999
Hl_0_0_l_0 = 0.00333323
Hl_0_0_l_0_0 = 0.00333323
Hl_0_0_l_0_0_0 = 0.0019999
Hl_0_0_l_0_0_0_0 = 0.0019999
Hl_0_0_l_0_0_0_0_0 = 0.00142847
Hl_0_0_l_0_0_0_0_0_0 = 0.00142847
Hl_0_0_l_0_0_0_0_0_0_0 = 0.00111101
Hl_0_0_l_0_0_0_0_0_0_0_0 = 0.00111101
Hl_0_0_l_0_0_0_0_0_0_0_0_0 = 0.000908991
Hl_0_0_l_0_0_0_0_0_0_0_0_0_0 = 0.000908991
Hl_0_0_l_0_0_0_0_0_0_0_0_0_0_0 = 0.000769131
Hl_0_0_l_0_0_0_0_0_0_0_0_0_0_0_0 = 0.000769131
Hl_0_0_l_0_0_0_0_0_0_0_0_0_0_0_0_0 = 0.000666567
Hl_0_0_l_0_0_0_0_0_0_0_0_0_0_0_0_0_0 = 0.000666567
Hl_0_0_l_0_0_0_0_0_0_0_0_0_0_0_0_0_0_0 = 0.000588135
Hl_0_0_l_0_0_0_0_0_0_0_0_0_0_0_0_0_0_0_0 = 0.000588135
Hl_0_0_l_0_0_0_0_0_0_0_0_0_0_0_0_0_0_0_0_0 = 0.000526216
Hl_0_0_l_0_0_0_0_0_0_0_0_0_0_0_0_0_0_0_0_0_0 = 0.000526216
Hl_0_0_l_0_0_0_0_0_0_0_0_0_0_0_0_0_0_0_0_0_0_0 = 0.00047609
Hl_0_0_l_0_0_0_0_0_0_0_0_0_0_0_0_0_0_0_0_0_0_0_0 = 0.00047609
Hr_0_0 = 0.0099999
I = 1
pi2_0_0_0_0 = 0.000100587
pi2_0_0_0_0_l_0 = 3.3542e-05
pi2_0_0_0_0_l_0_0 = 3.34818e-05
pi2_0_0_0_0_l_0_0_0 = 2.00941e-05
pi2_0_0_0_0_l_0_0_0_0 = 2.00695e-05
pi2_0_0_0_0_l_0_0_0_0_0 = 1.43387e-05
pi2_0_0_0_0_l_0_0_0_0_0_0 = 1.43254e-05
pi2_0_0_0_0_l_0_0_0_0_0_0_0 = 1.11446e-05
pi2_0_0_0_0_l_0_0_0_0_0_0_0_0 = 1.11363e-05
pi2_0_0_0_0_l_0_0_0_0_0_0_0_0_0 = 9.11362e-06
pi2_0_0_0_0_l_0_0_0_0_0_0_0_0_0_0 = 9.108e-06
pi2_0_0_0_0_l_0_0_0_0_0_0_0_0_0_0_0 = 7.70848e-06
pi2_0_0_0_0_l_0_0_0_0_0_0_0_0_0_0_0_0 = 7.70441e-06
pi2_0_0_0_0_l_0_0_0_0_0_0_0_0_0_0_0_0_0 = 6.67858e-06
pi2_0_0_0_0_l_0_0_0_0_0_0_0_0_0_0_0_0_0_0 = 6.67549e-06
pi2_0_0_0_0_l_0_0_0_0_0_0_0_0_0_0_0_0_0_0_0 = 5.89135e-06
pi2_0_0_0_0_l_0_0_0_0_0_0_0_0_0_0_0_0_0_0_0_0 = 5.88893e-06
pi2_0_0_0_0_l_0_0_0_0_0_0_0_0_0_0_0_0_0_0_0_0_0 = 5.27009e-06
pi2_0_0_0_0_l_0_0_0_0_0_0_0_0_0_0_0_0_0_0_0_0_0_0 = 5.26814e-06
pi2_0_0_0_0_l_0_0_0_0_0_0_0_0_0_0_0_0_0_0_0_0_0_0_0 = 4.76731e-06
pi2_0_0_0_0_l_0_0_0_0_0_0_0_0_0_0_0_0_0_0_0_0_0_0_0_0 = 4.76571e-06
