D^2   = 4.374500212914428e-06
Dz    = 1.1274335477048295e-06
pi(A) = 0.02000000000000002
pi(B) = 0.02000000000000014
pi2   = 0.0001005637167738524
