D^2   = -4.0189199070727375e-05
Dz    = -0.00011553904642896508
pi(A) = 0.02000000000000002
pi(B) = 0.02000000000000014
pi2   = 4.223047679239718e-05
