DD_0_0 = 5.29705e-05
DD_0_0_l_0 = 6.1535e-06
DD_0_0_l_0_0 = 8.7316e-06
Dr_0_0 = 2.11635e-06
Dr_0_0_l_0 = 4.24273e-05
Dr_0_0_l_0_0 = 6.92812e-06
Dr_0_0_l_0_0_0 = 1.91696e-05
Hl_0_0 = 0.0096666
Hl_0_0_l_0 = 0.00333306
Hl_0_0_l_0_0 = 0.00322571
Hr_0_0 = 0.00999969
I = 1
pi2_0_0_0_0 = 0.000117819
pi2_0_0_0_0_l_0 = 3.56917e-05
pi2_0_0_0_0_l_0_0 = 3.46592e-05
