D^2   = 5.298358003710798e-05
Dz    = 4.244456447636942e-05
pi(A) = 0.01933314431620129
pi(B) = 0.020000000000000122
pi2   = 0.00011782989443640779
