DD_0_0 = 5.24033e-05
DD_0_0_l_0 = 6.05482e-06
DD_0_0_l_0_0 = 8.89019e-06
DD_0_0_l_0_0_0 = 2.42724e-06
DD_0_0_l_0_0_0_0 = 3.40045e-06
DD_0_0_l_0_0_0_0_0 = 1.283e-06
DD_0_0_l_0_0_0_0_0_0 = 1.73515e-06
DD_0_0_l_0_0_0_0_0_0_0 = 7.85187e-07
DD_0_0_l_0_0_0_0_0_0_0_0 = 1.03286e-06
DD_0_0_l_0_0_0_0_0_0_0_0_0 = 5.2661e-07
DD_0_0_l_0_0_0_0_0_0_0_0_0_0 = 6.77291e-07
DD_0_0_l_0_0_0_0_0_0_0_0_0_0_0 = 3.76091e-07
DD_0_0_l_0_0_0_0_0_0_0_0_0_0_0_0 = 4.7472e-07
DD_0_0_l_0_0_0_0_0_0_0_0_0_0_0_0_0 = 2.81193e-07
DD_0_0_l_0_0_0_0_0_0_0_0_0_0_0_0_0_0 = 3.49337e-07
DD_0_0_l_0_0_0_0_0_0_0_0_0_0_0_0_0_0_0 = 2.17714e-07
DD_0_0_l_0_0_0_0_0_0_0_0_0_0_0_0_0_0_0_0 = 2.66798e-07
DD_0_0_l_0_0_0_0_0_0_0_0_0_0_0_0_0_0_0_0_0 = 1.73265e-07
DD_0_0_l_0_0_0_0_0_0_0_0_0_0_0_0_0_0_0_0_0_0 = 2.09811e-07
DD_0_0_l_0_0_0_0_0_0_0_0_0_0_0_0_0_0_0_0_0_0_0 = 1.41004e-07
DD_0_0_l_0_0_0_0_0_0_0_0_0_0_0_0_0_0_0_0_0_0_0_0 = 1.68696e-07
Dr_0_0 = 2.0897e-06
Dr_0_0_l_0 = 4.19048e-05
Dr_0_0_l_0_0 = 6.56949e-06
Dr_0_0_l_0_0_0 = 1.93756e-05
Dr_0_0_l_0_0_0_0 = 4.66737e-06
Dr_0_0_l_0_0_0_0_0 = 1.13865e-05
Dr_0_0_l_0_0_0_0_0_0 = 3.3834e-06
Dr_0_0_l_0_0_0_0_0_0_0 = 7.57407e-06
Dr_0_0_l_0_0_0_0_0_0_0_0 = 2.5607e-06
Dr_0_0_l_0_0_0_0_0_0_0_0_0 = 5.43767e-06
Dr_0_0_l_0_0_0_0_0_0_0_0_0_0 = 2.00975e-06
Dr_0_0_l_0_0_0_0_0_0_0_0_0_0_0 = 4.11196e-06
Dr_0_0_l_0_0_0_0_0_0_0_0_0_0_0_0 = 1.62346e-06
Dr_0_0_l_0_0_0_0_0_0_0_0_0_0_0_0_0 = 3.22889e-06
Dr_0_0_l_0_0_0_0_0_0_0_0_0_0_0_0_0_0 = 1.34189e-06
Dr_0_0_l_0_0_0_0_0_0_0_0_0_0_0_0_0_0_0 = 2.60911e-06
Dr_0_0_l_0_0_0_0_0_0_0_0_0_0_0_0_0_0_0_0 = 1.12999e-06
Dr_0_0_l_0_0_0_0_0_0_0_0_0_0_0_0_0_0_0_0_0 = 2.15628e-06
Dr_0_0_l_0_0_0_0_0_0_0_0_0_0_0_0_0_0_0_0_0_0 = 9.66263e-07
Dr_0_0_l_0_0_0_0_0_0_0_0_0_0_0_0_0_0_0_0_0_0_0 = 1.8147e-06
Dr_0_0_l_0_0_0_0_0_0_0_0_0_0_0_0_0_0_0_0_0_0_0_0 = 8.40252e-07
Dr_0_0_l_0_0_0_0_0_0_0_0_0_0_0_0_0_0_0_0_0_0_0_0_0 = 1.54659e-06
Hl_0_0 = 0.0096668
Hl_0_0_l_0 = 0.00333102
Hl_0_0_l_0_0 = 0.0032666
Hl_0_0_l_0_0_0 = 0.00199895
Hl_0_0_l_0_0_0_0 = 0.00197134
Hl_0_0_l_0_0_0_0_0 = 0.00142794
Hl_0_0_l_0_0_0_0_0_0 = 0.0014126
Hl_0_0_l_0_0_0_0_0_0_0 = 0.00111068
Hl_0_0_l_0_0_0_0_0_0_0_0 = 0.00110091
Hl_0_0_l_0_0_0_0_0_0_0_0_0 = 0.000908759
Hl_0_0_l_0_0_0_0_0_0_0_0_0_0 = 0.000902
Hl_0_0_l_0_0_0_0_0_0_0_0_0_0_0 = 0.000768961
Hl_0_0_l_0_0_0_0_0_0_0_0_0_0_0_0 = 0.000764004
Hl_0_0_l_0_0_0_0_0_0_0_0_0_0_0_0_0 = 0.000666437
Hl_0_0_l_0_0_0_0_0_0_0_0_0_0_0_0_0_0 = 0.000662646
Hl_0_0_l_0_0_0_0_0_0_0_0_0_0_0_0_0_0_0 = 0.000588033
Hl_0_0_l_0_0_0_0_0_0_0_0_0_0_0_0_0_0_0_0 = 0.00058504
Hl_0_0_l_0_0_0_0_0_0_0_0_0_0_0_0_0_0_0_0_0 = 0.000526133
Hl_0_0_l_0_0_0_0_0_0_0_0_0_0_0_0_0_0_0_0_0_0 = 0.00052371
Hl_0_0_l_0_0_0_0_0_0_0_0_0_0_0_0_0_0_0_0_0_0_0 = 0.000476023
Hl_0_0_l_0_0_0_0_0_0_0_0_0_0_0_0_0_0_0_0_0_0_0_0 = 0.000473835
Hr_0_0 = 0.00999969
I = 1
pi2_0_0_0_0 = 0.000117562
pi2_0_0_0_0_l_0 = 3.55364e-05
pi2_0_0_0_0_l_0_0 = 3.52025e-05
pi2_0_0_0_0_l_0_0_0 = 2.07624e-05
pi2_0_0_0_0_l_0_0_0_0 = 2.03782e-05
pi2_0_0_0_0_l_0_0_0_0_0 = 1.46383e-05
pi2_0_0_0_0_l_0_0_0_0_0_0 = 1.43368e-05
pi2_0_0_0_0_l_0_0_0_0_0_0_0 = 1.13015e-05
pi2_0_0_0_0_l_0_0_0_0_0_0_0_0 = 1.10699e-05
pi2_0_0_0_0_l_0_0_0_0_0_0_0_0_0 = 9.20416e-06
pi2_0_0_0_0_l_0_0_0_0_0_0_0_0_0_0 = 9.02323e-06
pi2_0_0_0_0_l_0_0_0_0_0_0_0_0_0_0_0 = 7.76426e-06
pi2_0_0_0_0_l_0_0_0_0_0_0_0_0_0_0_0_0 = 7.61983e-06
pi2_0_0_0_0_l_0_0_0_0_0_0_0_0_0_0_0_0_0 = 6.71459e-06
pi2_0_0_0_0_l_0_0_0_0_0_0_0_0_0_0_0_0_0_0 = 6.59695e-06
pi2_0_0_0_0_l_0_0_0_0_0_0_0_0_0_0_0_0_0_0_0 = 5.91538e-06
pi2_0_0_0_0_l_0_0_0_0_0_0_0_0_0_0_0_0_0_0_0_0 = 5.81786e-06
pi2_0_0_0_0_l_0_0_0_0_0_0_0_0_0_0_0_0_0_0_0_0_0 = 5.28651e-06
pi2_0_0_0_0_l_0_0_0_0_0_0_0_0_0_0_0_0_0_0_0_0_0_0 = 5.20441e-06
pi2_0_0_0_0_l_0_0_0_0_0_0_0_0_0_0_0_0_0_0_0_0_0_0_0 = 4.7789e-06
pi2_0_0_0_0_l_0_0_0_0_0_0_0_0_0_0_0_0_0_0_0_0_0_0_0_0 = 4.70689e-06
