D^2   = 5.239957886082596e-05
Dz    = 4.190186748624291e-05
pi(A) = 0.01933314431620129
pi(B) = 0.020000000000000122
pi2   = 0.00011755891663557326
