DD_0_0 = 4.72051e-05
DD_0_0_l_0 = 5.89269e-06
DD_0_0_l_0_0 = 7.92961e-06
Dr_0_0 = 1.84924e-06
Dr_0_0_l_0 = 3.70818e-05
Dr_0_0_l_0_0 = 6.49123e-06
Dr_0_0_l_0_0_0 = 1.69199e-05
Hl_0_0 = 0.0096666
Hl_0_0_l_0 = 0.00333306
Hl_0_0_l_0_0 = 0.00322571
Hr_0_0 = 0.00999972
I = 1
pi2_0_0_0_0 = 0.000115151
pi2_0_0_0_0_l_0 = 3.55569e-05
pi2_0_0_0_0_l_0_0 = 3.44044e-05
