D^2   = 4.72024637741759e-05
Dz    = 3.708365348594382e-05
pi(A) = 0.019333144316201322
pi(B) = 0.020000000000000042
pi2   = 0.000115153188825486
