DD_0_0 = 2.39628e-05
DD_0_0_l_0 = 4.30802e-06
DD_0_0_l_0_0 = 4.69385e-06
DD_0_0_l_0_0_0 = 1.82168e-06
DD_0_0_l_0_0_0_0 = 1.9707e-06
DD_0_0_l_0_0_0_0_0 = 9.99618e-07
DD_0_0_l_0_0_0_0_0_0 = 1.0748e-06
DD_0_0_l_0_0_0_0_0_0_0 = 6.2911e-07
DD_0_0_l_0_0_0_0_0_0_0_0 = 6.72906e-07
DD_0_0_l_0_0_0_0_0_0_0_0_0 = 4.31333e-07
DD_0_0_l_0_0_0_0_0_0_0_0_0_0 = 4.57867e-07
Dr_0_0 = 7.97495e-07
Dr_0_0_l_0 = 1.60247e-05
Dr_0_0_l_0_0 = 4.02144e-06
Dr_0_0_l_0_0_0 = 8.04771e-06
Dr_0_0_l_0_0_0_0 = 2.98767e-06
Dr_0_0_l_0_0_0_0_0 = 5.00237e-06
Dr_0_0_l_0_0_0_0_0_0 = 2.23013e-06
Dr_0_0_l_0_0_0_0_0_0_0 = 3.46856e-06
Dr_0_0_l_0_0_0_0_0_0_0_0 = 1.72522e-06
Dr_0_0_l_0_0_0_0_0_0_0_0_0 = 2.57232e-06
Dr_0_0_l_0_0_0_0_0_0_0_0_0_0 = 1.38305e-06
Dr_0_0_l_0_0_0_0_0_0_0_0_0_0_0 = 1.98991e-06
Hl_0_0 = 0.0096668
Hl_0_0_l_0 = 0.00333102
Hl_0_0_l_0_0 = 0.0032666
Hl_0_0_l_0_0_0 = 0.00199895
Hl_0_0_l_0_0_0_0 = 0.00197134
Hl_0_0_l_0_0_0_0_0 = 0.00142794
Hl_0_0_l_0_0_0_0_0_0 = 0.0014126
Hl_0_0_l_0_0_0_0_0_0_0 = 0.00111068
Hl_0_0_l_0_0_0_0_0_0_0_0 = 0.00110091
Hl_0_0_l_0_0_0_0_0_0_0_0_0 = 0.000908771
Hl_0_0_l_0_0_0_0_0_0_0_0_0_0 = 0.000900803
Hr_0_0 = 0.00999982
I = 1
pi2_0_0_0_0 = 0.000104648
pi2_0_0_0_0_l_0 = 3.47242e-05
pi2_0_0_0_0_l_0_0 = 3.38172e-05
pi2_0_0_0_0_l_0_0_0 = 2.05059e-05
pi2_0_0_0_0_l_0_0_0_0 = 2.00774e-05
pi2_0_0_0_0_l_0_0_0_0_0 = 1.45293e-05
pi2_0_0_0_0_l_0_0_0_0_0_0 = 1.42753e-05
pi2_0_0_0_0_l_0_0_0_0_0_0_0 = 1.12473e-05
pi2_0_0_0_0_l_0_0_0_0_0_0_0_0 = 1.1078e-05
pi2_0_0_0_0_l_0_0_0_0_0_0_0_0_0 = 9.17516e-06
pi2_0_0_0_0_l_0_0_0_0_0_0_0_0_0_0 = 9.04081e-06
