DD_0_0 = 2.39604e-05
DD_0_0_l_0 = 4.32807e-06
DD_0_0_l_0_0 = 4.59095e-06
Dr_0_0 = 7.97461e-07
Dr_0_0_l_0 = 1.60214e-05
Dr_0_0_l_0_0 = 4.11841e-06
Dr_0_0_l_0_0_0 = 7.9012e-06
Hl_0_0 = 0.0096666
Hl_0_0_l_0 = 0.00333306
Hl_0_0_l_0_0 = 0.00322571
Hr_0_0 = 0.00999982
I = 1
pi2_0_0_0_0 = 0.000104643
pi2_0_0_0_0_l_0 = 3.47821e-05
pi2_0_0_0_0_l_0_0 = 3.33542e-05
