DD_0_0 = 3.12421e-05
DD_0_0_l_0 = 6.18197e-06
DD_0_0_l_0_0 = 5.93331e-06
DD_0_0_l_0_0_0 = 2.48302e-06
DD_0_0_l_0_0_0_0 = 2.43057e-06
DD_0_0_l_0_0_0_0_0 = 1.31295e-06
DD_0_0_l_0_0_0_0_0_0 = 1.29971e-06
DD_0_0_l_0_0_0_0_0_0_0 = 8.0326e-07
DD_0_0_l_0_0_0_0_0_0_0_0 = 8.00678e-07
DD_0_0_l_0_0_0_0_0_0_0_0_0 = 5.38398e-07
DD_0_0_l_0_0_0_0_0_0_0_0_0_0 = 5.39089e-07
DD_0_0_l_0_0_0_0_0_0_0_0_0_0_0 = 3.84225e-07
DD_0_0_l_0_0_0_0_0_0_0_0_0_0_0_0 = 3.85887e-07
DD_0_0_l_0_0_0_0_0_0_0_0_0_0_0_0_0 = 2.87049e-07
DD_0_0_l_0_0_0_0_0_0_0_0_0_0_0_0_0_0 = 2.88896e-07
DD_0_0_l_0_0_0_0_0_0_0_0_0_0_0_0_0_0_0 = 2.22074e-07
DD_0_0_l_0_0_0_0_0_0_0_0_0_0_0_0_0_0_0_0 = 2.23833e-07
DD_0_0_l_0_0_0_0_0_0_0_0_0_0_0_0_0_0_0_0_0 = 1.76602e-07
DD_0_0_l_0_0_0_0_0_0_0_0_0_0_0_0_0_0_0_0_0_0 = 1.78179e-07
DD_0_0_l_0_0_0_0_0_0_0_0_0_0_0_0_0_0_0_0_0_0_0 = 1.43695e-07
DD_0_0_l_0_0_0_0_0_0_0_0_0_0_0_0_0_0_0_0_0_0_0_0 = 1.43808e-07
Dr_0_0 = 1.21881e-05
Dr_0_0_l_0 = 2.59066e-05
Dr_0_0_l_0_0 = 9.24441e-06
Dr_0_0_l_0_0_0 = 1.2726e-05
Dr_0_0_l_0_0_0_0 = 6.01075e-06
Dr_0_0_l_0_0_0_0_0 = 7.77292e-06
Dr_0_0_l_0_0_0_0_0_0 = 4.21114e-06
Dr_0_0_l_0_0_0_0_0_0_0 = 5.31285e-06
Dr_0_0_l_0_0_0_0_0_0_0_0 = 3.12768e-06
Dr_0_0_l_0_0_0_0_0_0_0_0_0 = 3.89297e-06
Dr_0_0_l_0_0_0_0_0_0_0_0_0_0 = 2.4246e-06
Dr_0_0_l_0_0_0_0_0_0_0_0_0_0_0 = 2.99145e-06
Dr_0_0_l_0_0_0_0_0_0_0_0_0_0_0_0 = 1.94115e-06
Dr_0_0_l_0_0_0_0_0_0_0_0_0_0_0_0_0 = 2.37979e-06
Dr_0_0_l_0_0_0_0_0_0_0_0_0_0_0_0_0_0 = 1.59346e-06
Dr_0_0_l_0_0_0_0_0_0_0_0_0_0_0_0_0_0_0 = 1.94393e-06
Dr_0_0_l_0_0_0_0_0_0_0_0_0_0_0_0_0_0_0_0 = 1.33441e-06
Dr_0_0_l_0_0_0_0_0_0_0_0_0_0_0_0_0_0_0_0_0 = 1.62138e-06
Dr_0_0_l_0_0_0_0_0_0_0_0_0_0_0_0_0_0_0_0_0_0 = 1.13582e-06
Dr_0_0_l_0_0_0_0_0_0_0_0_0_0_0_0_0_0_0_0_0_0_0 = 1.37495e-06
Dr_0_0_l_0_0_0_0_0_0_0_0_0_0_0_0_0_0_0_0_0_0_0_0 = 9.89068e-07
Dr_0_0_l_0_0_0_0_0_0_0_0_0_0_0_0_0_0_0_0_0_0_0_0_0 = 1.16885e-06
Hl_0_0 = 0.00686964
Hl_0_0_l_0 = 0.00313029
Hl_0_0_l_0_0 = 0.00269578
Hl_0_0_l_0_0_0 = 0.00191239
Hl_0_0_l_0_0_0_0 = 0.00172397
Hl_0_0_l_0_0_0_0_0 = 0.00137967
Hl_0_0_l_0_0_0_0_0_0 = 0.00127421
Hl_0_0_l_0_0_0_0_0_0_0 = 0.00107987
Hl_0_0_l_0_0_0_0_0_0_0_0 = 0.00101241
Hl_0_0_l_0_0_0_0_0_0_0_0_0 = 0.000887392
Hl_0_0_l_0_0_0_0_0_0_0_0_0_0 = 0.000840513
Hl_0_0_l_0_0_0_0_0_0_0_0_0_0_0 = 0.000753268
Hl_0_0_l_0_0_0_0_0_0_0_0_0_0_0_0 = 0.000718791
Hl_0_0_l_0_0_0_0_0_0_0_0_0_0_0_0_0 = 0.000654423
Hl_0_0_l_0_0_0_0_0_0_0_0_0_0_0_0_0_0 = 0.000627998
Hl_0_0_l_0_0_0_0_0_0_0_0_0_0_0_0_0_0_0 = 0.000578539
Hl_0_0_l_0_0_0_0_0_0_0_0_0_0_0_0_0_0_0_0 = 0.000557639
Hl_0_0_l_0_0_0_0_0_0_0_0_0_0_0_0_0_0_0_0_0 = 0.000518442
Hl_0_0_l_0_0_0_0_0_0_0_0_0_0_0_0_0_0_0_0_0_0 = 0.000501494
Hl_0_0_l_0_0_0_0_0_0_0_0_0_0_0_0_0_0_0_0_0_0_0 = 0.000469724
Hl_0_0_l_0_0_0_0_0_0_0_0_0_0_0_0_0_0_0_0_0_0_0_0 = 0.000454453
Hr_0_0 = 0.00998771
I = 1
pi2_0_0_0_0 = 8.02443e-05
pi2_0_0_0_0_l_0 = 3.32527e-05
pi2_0_0_0_0_l_0_0 = 2.85093e-05
pi2_0_0_0_0_l_0_0_0 = 1.97485e-05
pi2_0_0_0_0_l_0_0_0_0 = 1.7681e-05
pi2_0_0_0_0_l_0_0_0_0_0 = 1.40596e-05
pi2_0_0_0_0_l_0_0_0_0_0_0 = 1.28951e-05
pi2_0_0_0_0_l_0_0_0_0_0_0_0 = 1.09252e-05
pi2_0_0_0_0_l_0_0_0_0_0_0_0_0 = 1.01759e-05
pi2_0_0_0_0_l_0_0_0_0_0_0_0_0_0 = 8.93894e-06
pi2_0_0_0_0_l_0_0_0_0_0_0_0_0_0_0 = 8.41538e-06
pi2_0_0_0_0_l_0_0_0_0_0_0_0_0_0_0_0 = 7.56672e-06
pi2_0_0_0_0_l_0_0_0_0_0_0_0_0_0_0_0_0 = 7.17985e-06
pi2_0_0_0_0_l_0_0_0_0_0_0_0_0_0_0_0_0_0 = 6.56144e-06
pi2_0_0_0_0_l_0_0_0_0_0_0_0_0_0_0_0_0_0_0 = 6.2637e-06
pi2_0_0_0_0_l_0_0_0_0_0_0_0_0_0_0_0_0_0_0_0 = 5.79298e-06
pi2_0_0_0_0_l_0_0_0_0_0_0_0_0_0_0_0_0_0_0_0_0 = 5.55663e-06
pi2_0_0_0_0_l_0_0_0_0_0_0_0_0_0_0_0_0_0_0_0_0_0 = 5.1863e-06
pi2_0_0_0_0_l_0_0_0_0_0_0_0_0_0_0_0_0_0_0_0_0_0_0 = 4.99399e-06
pi2_0_0_0_0_l_0_0_0_0_0_0_0_0_0_0_0_0_0_0_0_0_0_0_0 = 4.6961e-06
pi2_0_0_0_0_l_0_0_0_0_0_0_0_0_0_0_0_0_0_0_0_0_0_0_0_0 = 4.52392e-06
