D^2   = 3.123109185295519e-07
Dz    = 2.589964134524639e-07
pi(A) = 0.0013734349562049854
pi(B) = 0.0020000000000000126
pi2   = 8.024270476806966e-07
