DD_0_0 = 3.09368e-05
DD_0_0_l_0 = 6.14813e-06
DD_0_0_l_0_0 = 5.88698e-06
DD_0_0_l_0_0_0 = 2.47148e-06
DD_0_0_l_0_0_0_0 = 2.41454e-06
DD_0_0_l_0_0_0_0_0 = 1.30762e-06
DD_0_0_l_0_0_0_0_0_0 = 1.29222e-06
DD_0_0_l_0_0_0_0_0_0_0 = 8.00355e-07
DD_0_0_l_0_0_0_0_0_0_0_0 = 7.96573e-07
DD_0_0_l_0_0_0_0_0_0_0_0_0 = 5.36639e-07
DD_0_0_l_0_0_0_0_0_0_0_0_0_0 = 5.3659e-07
DD_0_0_l_0_0_0_0_0_0_0_0_0_0_0 = 3.83078e-07
DD_0_0_l_0_0_0_0_0_0_0_0_0_0_0_0 = 3.84251e-07
DD_0_0_l_0_0_0_0_0_0_0_0_0_0_0_0_0 = 2.8626e-07
DD_0_0_l_0_0_0_0_0_0_0_0_0_0_0_0_0_0 = 2.87767e-07
DD_0_0_l_0_0_0_0_0_0_0_0_0_0_0_0_0_0_0 = 2.21508e-07
DD_0_0_l_0_0_0_0_0_0_0_0_0_0_0_0_0_0_0_0 = 2.2302e-07
DD_0_0_l_0_0_0_0_0_0_0_0_0_0_0_0_0_0_0_0_0 = 1.76181e-07
DD_0_0_l_0_0_0_0_0_0_0_0_0_0_0_0_0_0_0_0_0_0 = 1.77575e-07
DD_0_0_l_0_0_0_0_0_0_0_0_0_0_0_0_0_0_0_0_0_0_0 = 1.43373e-07
DD_0_0_l_0_0_0_0_0_0_0_0_0_0_0_0_0_0_0_0_0_0_0_0 = 1.43356e-07
Dr_0_0 = 1.20467e-05
Dr_0_0_l_0 = 2.56119e-05
Dr_0_0_l_0_0 = 9.16706e-06
Dr_0_0_l_0_0_0 = 1.25944e-05
Dr_0_0_l_0_0_0_0 = 5.96531e-06
Dr_0_0_l_0_0_0_0_0 = 7.69788e-06
Dr_0_0_l_0_0_0_0_0_0 = 4.18138e-06
Dr_0_0_l_0_0_0_0_0_0_0 = 5.26422e-06
Dr_0_0_l_0_0_0_0_0_0_0_0 = 3.10669e-06
Dr_0_0_l_0_0_0_0_0_0_0_0_0 = 3.85883e-06
Dr_0_0_l_0_0_0_0_0_0_0_0_0_0 = 2.40901e-06
Dr_0_0_l_0_0_0_0_0_0_0_0_0_0_0 = 2.96616e-06
Dr_0_0_l_0_0_0_0_0_0_0_0_0_0_0_0 = 1.9291e-06
Dr_0_0_l_0_0_0_0_0_0_0_0_0_0_0_0_0 = 2.36028e-06
Dr_0_0_l_0_0_0_0_0_0_0_0_0_0_0_0_0_0 = 1.58388e-06
Dr_0_0_l_0_0_0_0_0_0_0_0_0_0_0_0_0_0_0 = 1.92842e-06
Dr_0_0_l_0_0_0_0_0_0_0_0_0_0_0_0_0_0_0_0 = 1.3266e-06
Dr_0_0_l_0_0_0_0_0_0_0_0_0_0_0_0_0_0_0_0_0 = 1.60875e-06
Dr_0_0_l_0_0_0_0_0_0_0_0_0_0_0_0_0_0_0_0_0_0 = 1.12934e-06
Dr_0_0_l_0_0_0_0_0_0_0_0_0_0_0_0_0_0_0_0_0_0_0 = 1.36447e-06
Dr_0_0_l_0_0_0_0_0_0_0_0_0_0_0_0_0_0_0_0_0_0_0_0 = 9.83445e-07
Dr_0_0_l_0_0_0_0_0_0_0_0_0_0_0_0_0_0_0_0_0_0_0_0_0 = 1.16019e-06
Hl_0_0 = 0.00686964
Hl_0_0_l_0 = 0.00313029
Hl_0_0_l_0_0 = 0.00269578
Hl_0_0_l_0_0_0 = 0.00191239
Hl_0_0_l_0_0_0_0 = 0.00172397
Hl_0_0_l_0_0_0_0_0 = 0.00137967
Hl_0_0_l_0_0_0_0_0_0 = 0.00127421
Hl_0_0_l_0_0_0_0_0_0_0 = 0.00107987
Hl_0_0_l_0_0_0_0_0_0_0_0 = 0.00101241
Hl_0_0_l_0_0_0_0_0_0_0_0_0 = 0.000887392
Hl_0_0_l_0_0_0_0_0_0_0_0_0_0 = 0.000840513
Hl_0_0_l_0_0_0_0_0_0_0_0_0_0_0 = 0.000753268
Hl_0_0_l_0_0_0_0_0_0_0_0_0_0_0_0 = 0.000718791
Hl_0_0_l_0_0_0_0_0_0_0_0_0_0_0_0_0 = 0.000654423
Hl_0_0_l_0_0_0_0_0_0_0_0_0_0_0_0_0_0 = 0.000627998
Hl_0_0_l_0_0_0_0_0_0_0_0_0_0_0_0_0_0_0 = 0.000578539
Hl_0_0_l_0_0_0_0_0_0_0_0_0_0_0_0_0_0_0_0 = 0.000557639
Hl_0_0_l_0_0_0_0_0_0_0_0_0_0_0_0_0_0_0_0_0 = 0.000518442
Hl_0_0_l_0_0_0_0_0_0_0_0_0_0_0_0_0_0_0_0_0_0 = 0.000501494
Hl_0_0_l_0_0_0_0_0_0_0_0_0_0_0_0_0_0_0_0_0_0_0 = 0.000469724
Hl_0_0_l_0_0_0_0_0_0_0_0_0_0_0_0_0_0_0_0_0_0_0_0 = 0.000454453
Hr_0_0 = 0.00998785
I = 1
pi2_0_0_0_0 = 8.01117e-05
pi2_0_0_0_0_l_0 = 3.32405e-05
pi2_0_0_0_0_l_0_0 = 2.84953e-05
pi2_0_0_0_0_l_0_0_0 = 1.97455e-05
pi2_0_0_0_0_l_0_0_0_0 = 1.76783e-05
pi2_0_0_0_0_l_0_0_0_0_0 = 1.40588e-05
pi2_0_0_0_0_l_0_0_0_0_0_0 = 1.28948e-05
pi2_0_0_0_0_l_0_0_0_0_0_0_0 = 1.09251e-05
pi2_0_0_0_0_l_0_0_0_0_0_0_0_0 = 1.01762e-05
pi2_0_0_0_0_l_0_0_0_0_0_0_0_0_0 = 8.93904e-06
pi2_0_0_0_0_l_0_0_0_0_0_0_0_0_0_0 = 8.41594e-06
pi2_0_0_0_0_l_0_0_0_0_0_0_0_0_0_0_0 = 7.56692e-06
pi2_0_0_0_0_l_0_0_0_0_0_0_0_0_0_0_0_0 = 7.18043e-06
pi2_0_0_0_0_l_0_0_0_0_0_0_0_0_0_0_0_0_0 = 6.56166e-06
pi2_0_0_0_0_l_0_0_0_0_0_0_0_0_0_0_0_0_0_0 = 6.26425e-06
pi2_0_0_0_0_l_0_0_0_0_0_0_0_0_0_0_0_0_0_0_0 = 5.7932e-06
pi2_0_0_0_0_l_0_0_0_0_0_0_0_0_0_0_0_0_0_0_0_0 = 5.55714e-06
pi2_0_0_0_0_l_0_0_0_0_0_0_0_0_0_0_0_0_0_0_0_0_0 = 5.18652e-06
pi2_0_0_0_0_l_0_0_0_0_0_0_0_0_0_0_0_0_0_0_0_0_0_0 = 4.99446e-06
pi2_0_0_0_0_l_0_0_0_0_0_0_0_0_0_0_0_0_0_0_0_0_0_0_0 = 4.69629e-06
pi2_0_0_0_0_l_0_0_0_0_0_0_0_0_0_0_0_0_0_0_0_0_0_0_0_0 = 4.52433e-06
