D^2   = 3.092446618471104e-07
Dz    = 2.5603899214950704e-07
pi(A) = 0.0013734349562049854
pi(B) = 0.0020000000000000126
pi2   = 8.010837758530583e-07
