DD_0_0 = 1.5208e-05
DD_0_0_l_0 = 4.0411e-06
DD_0_0_l_0_0 = 3.39797e-06
DD_0_0_l_0_0_0 = 1.7368e-06
DD_0_0_l_0_0_0_0 = 1.52905e-06
DD_0_0_l_0_0_0_0_0 = 9.6263e-07
DD_0_0_l_0_0_0_0_0_0 = 8.70984e-07
DD_0_0_l_0_0_0_0_0_0_0 = 6.09932e-07
DD_0_0_l_0_0_0_0_0_0_0_0 = 5.61946e-07
DD_0_0_l_0_0_0_0_0_0_0_0_0 = 4.20124e-07
DD_0_0_l_0_0_0_0_0_0_0_0_0_0 = 3.92072e-07
DD_0_0_l_0_0_0_0_0_0_0_0_0_0_0 = 3.06475e-07
DD_0_0_l_0_0_0_0_0_0_0_0_0_0_0_0 = 2.88757e-07
DD_0_0_l_0_0_0_0_0_0_0_0_0_0_0_0_0 = 2.33149e-07
DD_0_0_l_0_0_0_0_0_0_0_0_0_0_0_0_0_0 = 2.21295e-07
DD_0_0_l_0_0_0_0_0_0_0_0_0_0_0_0_0_0_0 = 1.83144e-07
DD_0_0_l_0_0_0_0_0_0_0_0_0_0_0_0_0_0_0_0 = 1.74852e-07
DD_0_0_l_0_0_0_0_0_0_0_0_0_0_0_0_0_0_0_0_0 = 1.47552e-07
DD_0_0_l_0_0_0_0_0_0_0_0_0_0_0_0_0_0_0_0_0_0 = 1.41539e-07
DD_0_0_l_0_0_0_0_0_0_0_0_0_0_0_0_0_0_0_0_0_0_0 = 1.21382e-07
DD_0_0_l_0_0_0_0_0_0_0_0_0_0_0_0_0_0_0_0_0_0_0_0 = 1.16152e-07
Dr_0_0 = 4.92964e-06
Dr_0_0_l_0 = 1.06969e-05
Dr_0_0_l_0_0 = 4.79772e-06
Dr_0_0_l_0_0_0 = 5.78553e-06
Dr_0_0_l_0_0_0_0 = 3.32951e-06
Dr_0_0_l_0_0_0_0_0 = 3.75751e-06
Dr_0_0_l_0_0_0_0_0_0 = 2.42988e-06
Dr_0_0_l_0_0_0_0_0_0_0 = 2.6834e-06
Dr_0_0_l_0_0_0_0_0_0_0_0 = 1.85928e-06
Dr_0_0_l_0_0_0_0_0_0_0_0_0 = 2.03319e-06
Dr_0_0_l_0_0_0_0_0_0_0_0_0_0 = 1.47528e-06
Dr_0_0_l_0_0_0_0_0_0_0_0_0_0_0 = 1.60468e-06
Dr_0_0_l_0_0_0_0_0_0_0_0_0_0_0_0 = 1.20372e-06
Dr_0_0_l_0_0_0_0_0_0_0_0_0_0_0_0_0 = 1.30501e-06
Dr_0_0_l_0_0_0_0_0_0_0_0_0_0_0_0_0_0 = 1.00394e-06
Dr_0_0_l_0_0_0_0_0_0_0_0_0_0_0_0_0_0_0 = 1.08601e-06
Dr_0_0_l_0_0_0_0_0_0_0_0_0_0_0_0_0_0_0_0 = 8.52226e-07
Dr_0_0_l_0_0_0_0_0_0_0_0_0_0_0_0_0_0_0_0_0 = 9.20419e-07
Dr_0_0_l_0_0_0_0_0_0_0_0_0_0_0_0_0_0_0_0_0_0 = 7.34013e-07
Dr_0_0_l_0_0_0_0_0_0_0_0_0_0_0_0_0_0_0_0_0_0_0 = 7.91651e-07
Dr_0_0_l_0_0_0_0_0_0_0_0_0_0_0_0_0_0_0_0_0_0_0_0 = 6.42167e-07
Dr_0_0_l_0_0_0_0_0_0_0_0_0_0_0_0_0_0_0_0_0_0_0_0_0 = 6.84043e-07
Hl_0_0 = 0.00686964
Hl_0_0_l_0 = 0.00313029
Hl_0_0_l_0_0 = 0.00269578
Hl_0_0_l_0_0_0 = 0.00191239
Hl_0_0_l_0_0_0_0 = 0.00172397
Hl_0_0_l_0_0_0_0_0 = 0.00137967
Hl_0_0_l_0_0_0_0_0_0 = 0.00127421
Hl_0_0_l_0_0_0_0_0_0_0 = 0.00107987
Hl_0_0_l_0_0_0_0_0_0_0_0 = 0.00101241
Hl_0_0_l_0_0_0_0_0_0_0_0_0 = 0.000887392
Hl_0_0_l_0_0_0_0_0_0_0_0_0_0 = 0.000840513
Hl_0_0_l_0_0_0_0_0_0_0_0_0_0_0 = 0.000753268
Hl_0_0_l_0_0_0_0_0_0_0_0_0_0_0_0 = 0.000718791
Hl_0_0_l_0_0_0_0_0_0_0_0_0_0_0_0_0 = 0.000654423
Hl_0_0_l_0_0_0_0_0_0_0_0_0_0_0_0_0_0 = 0.000627998
Hl_0_0_l_0_0_0_0_0_0_0_0_0_0_0_0_0_0_0 = 0.000578539
Hl_0_0_l_0_0_0_0_0_0_0_0_0_0_0_0_0_0_0_0 = 0.000557639
Hl_0_0_l_0_0_0_0_0_0_0_0_0_0_0_0_0_0_0_0_0 = 0.000518442
Hl_0_0_l_0_0_0_0_0_0_0_0_0_0_0_0_0_0_0_0_0_0 = 0.000501494
Hl_0_0_l_0_0_0_0_0_0_0_0_0_0_0_0_0_0_0_0_0_0_0 = 0.000469724
Hl_0_0_l_0_0_0_0_0_0_0_0_0_0_0_0_0_0_0_0_0_0_0_0 = 0.000454453
Hr_0_0 = 0.00999497
I = 1
pi2_0_0_0_0 = 7.34229e-05
pi2_0_0_0_0_l_0 = 3.24611e-05
pi2_0_0_0_0_l_0_0 = 2.77455e-05
pi2_0_0_0_0_l_0_0_0 = 1.95364e-05
pi2_0_0_0_0_l_0_0_0_0 = 1.75145e-05
pi2_0_0_0_0_l_0_0_0_0_0 = 1.39895e-05
pi2_0_0_0_0_l_0_0_0_0_0_0 = 1.28645e-05
pi2_0_0_0_0_l_0_0_0_0_0_0_0 = 1.09028e-05
pi2_0_0_0_0_l_0_0_0_0_0_0_0_0 = 1.01855e-05
pi2_0_0_0_0_l_0_0_0_0_0_0_0_0_0 = 8.93518e-06
pi2_0_0_0_0_l_0_0_0_0_0_0_0_0_0_0 = 8.43766e-06
pi2_0_0_0_0_l_0_0_0_0_0_0_0_0_0_0_0 = 7.57088e-06
pi2_0_0_0_0_l_0_0_0_0_0_0_0_0_0_0_0_0 = 7.20539e-06
pi2_0_0_0_0_l_0_0_0_0_0_0_0_0_0_0_0_0_0 = 6.56898e-06
pi2_0_0_0_0_l_0_0_0_0_0_0_0_0_0_0_0_0_0_0 = 6.28903e-06
pi2_0_0_0_0_l_0_0_0_0_0_0_0_0_0_0_0_0_0_0_0 = 5.80183e-06
pi2_0_0_0_0_l_0_0_0_0_0_0_0_0_0_0_0_0_0_0_0_0 = 5.58049e-06
pi2_0_0_0_0_l_0_0_0_0_0_0_0_0_0_0_0_0_0_0_0_0_0 = 5.1955e-06
pi2_0_0_0_0_l_0_0_0_0_0_0_0_0_0_0_0_0_0_0_0_0_0_0 = 5.01603e-06
pi2_0_0_0_0_l_0_0_0_0_0_0_0_0_0_0_0_0_0_0_0_0_0_0_0 = 4.70483e-06
pi2_0_0_0_0_l_0_0_0_0_0_0_0_0_0_0_0_0_0_0_0_0_0_0_0_0 = 4.54387e-06
