D^2   = 2.900776245428848e-08
Dz    = 8.428417819600245e-09
pi(A) = 0.0013734349562049867
pi(B) = 0.0020000000000000135
pi2   = 6.895320626643203e-07
