DD_0_0 = 3.37045e-07
DD_0_0_l_0 = 1.50584e-07
DD_0_0_l_0_0 = 1.28296e-07
DD_0_0_l_0_0_0 = 8.94885e-08
DD_0_0_l_0_0_0_0 = 7.98106e-08
DD_0_0_l_0_0_0_0_0 = 6.28817e-08
DD_0_0_l_0_0_0_0_0_0 = 5.7468e-08
DD_0_0_l_0_0_0_0_0_0_0 = 4.79904e-08
DD_0_0_l_0_0_0_0_0_0_0_0 = 4.45348e-08
DD_0_0_l_0_0_0_0_0_0_0_0_0 = 3.84901e-08
DD_0_0_l_0_0_0_0_0_0_0_0_0_0 = 3.60965e-08
DD_0_0_l_0_0_0_0_0_0_0_0_0_0_0 = 3.19161e-08
DD_0_0_l_0_0_0_0_0_0_0_0_0_0_0_0 = 3.01631e-08
DD_0_0_l_0_0_0_0_0_0_0_0_0_0_0_0_0 = 2.71074e-08
DD_0_0_l_0_0_0_0_0_0_0_0_0_0_0_0_0_0 = 2.57705e-08
DD_0_0_l_0_0_0_0_0_0_0_0_0_0_0_0_0_0_0 = 2.34448e-08
DD_0_0_l_0_0_0_0_0_0_0_0_0_0_0_0_0_0_0_0 = 2.23934e-08
DD_0_0_l_0_0_0_0_0_0_0_0_0_0_0_0_0_0_0_0_0 = 2.05679e-08
DD_0_0_l_0_0_0_0_0_0_0_0_0_0_0_0_0_0_0_0_0_0 = 1.97205e-08
DD_0_0_l_0_0_0_0_0_0_0_0_0_0_0_0_0_0_0_0_0_0_0 = 1.82552e-08
DD_0_0_l_0_0_0_0_0_0_0_0_0_0_0_0_0_0_0_0_0_0_0_0 = 1.75018e-08
Dr_0_0 = 6.38749e-09
Dr_0_0_l_0 = 1.55189e-08
Dr_0_0_l_0_0 = 1.34204e-08
Dr_0_0_l_0_0_0 = 1.55958e-08
Dr_0_0_l_0_0_0_0 = 1.41443e-08
Dr_0_0_l_0_0_0_0_0 = 1.51313e-08
Dr_0_0_l_0_0_0_0_0_0 = 1.40041e-08
Dr_0_0_l_0_0_0_0_0_0_0 = 1.45469e-08
Dr_0_0_l_0_0_0_0_0_0_0_0 = 1.36218e-08
Dr_0_0_l_0_0_0_0_0_0_0_0_0 = 1.39477e-08
Dr_0_0_l_0_0_0_0_0_0_0_0_0_0 = 1.31633e-08
Dr_0_0_l_0_0_0_0_0_0_0_0_0_0_0 = 1.33677e-08
Dr_0_0_l_0_0_0_0_0_0_0_0_0_0_0_0 = 1.26877e-08
Dr_0_0_l_0_0_0_0_0_0_0_0_0_0_0_0_0 = 1.2818e-08
Dr_0_0_l_0_0_0_0_0_0_0_0_0_0_0_0_0_0 = 1.22193e-08
Dr_0_0_l_0_0_0_0_0_0_0_0_0_0_0_0_0_0_0 = 1.23018e-08
Dr_0_0_l_0_0_0_0_0_0_0_0_0_0_0_0_0_0_0_0 = 1.17683e-08
Dr_0_0_l_0_0_0_0_0_0_0_0_0_0_0_0_0_0_0_0_0 = 1.18187e-08
Dr_0_0_l_0_0_0_0_0_0_0_0_0_0_0_0_0_0_0_0_0_0 = 1.13389e-08
Dr_0_0_l_0_0_0_0_0_0_0_0_0_0_0_0_0_0_0_0_0_0_0 = 1.1367e-08
Dr_0_0_l_0_0_0_0_0_0_0_0_0_0_0_0_0_0_0_0_0_0_0_0 = 1.09372e-08
Dr_0_0_l_0_0_0_0_0_0_0_0_0_0_0_0_0_0_0_0_0_0_0_0_0 = 1.09262e-08
Hl_0_0 = 0.00686964
Hl_0_0_l_0 = 0.00313029
Hl_0_0_l_0_0 = 0.00269578
Hl_0_0_l_0_0_0 = 0.00191239
Hl_0_0_l_0_0_0_0 = 0.00172397
Hl_0_0_l_0_0_0_0_0 = 0.00137967
Hl_0_0_l_0_0_0_0_0_0 = 0.00127421
Hl_0_0_l_0_0_0_0_0_0_0 = 0.00107987
Hl_0_0_l_0_0_0_0_0_0_0_0 = 0.00101241
Hl_0_0_l_0_0_0_0_0_0_0_0_0 = 0.000887392
Hl_0_0_l_0_0_0_0_0_0_0_0_0_0 = 0.000840513
Hl_0_0_l_0_0_0_0_0_0_0_0_0_0_0 = 0.000753268
Hl_0_0_l_0_0_0_0_0_0_0_0_0_0_0_0 = 0.000718791
Hl_0_0_l_0_0_0_0_0_0_0_0_0_0_0_0_0 = 0.000654423
Hl_0_0_l_0_0_0_0_0_0_0_0_0_0_0_0_0_0 = 0.000627998
Hl_0_0_l_0_0_0_0_0_0_0_0_0_0_0_0_0_0_0 = 0.000578539
Hl_0_0_l_0_0_0_0_0_0_0_0_0_0_0_0_0_0_0_0 = 0.000557639
Hl_0_0_l_0_0_0_0_0_0_0_0_0_0_0_0_0_0_0_0_0 = 0.000518442
Hl_0_0_l_0_0_0_0_0_0_0_0_0_0_0_0_0_0_0_0_0_0 = 0.000501494
Hl_0_0_l_0_0_0_0_0_0_0_0_0_0_0_0_0_0_0_0_0_0_0 = 0.000469724
Hl_0_0_l_0_0_0_0_0_0_0_0_0_0_0_0_0_0_0_0_0_0_0_0 = 0.000454453
Hr_0_0 = 0.00999989
I = 1
pi2_0_0_0_0 = 6.87017e-05
pi2_0_0_0_0_l_0 = 3.13061e-05
pi2_0_0_0_0_l_0_0 = 2.69602e-05
pi2_0_0_0_0_l_0_0_0 = 1.91258e-05
pi2_0_0_0_0_l_0_0_0_0 = 1.72413e-05
pi2_0_0_0_0_l_0_0_0_0_0 = 1.3798e-05
pi2_0_0_0_0_l_0_0_0_0_0_0 = 1.27432e-05
pi2_0_0_0_0_l_0_0_0_0_0_0_0 = 1.07997e-05
pi2_0_0_0_0_l_0_0_0_0_0_0_0_0 = 1.0125e-05
pi2_0_0_0_0_l_0_0_0_0_0_0_0_0_0 = 8.8747e-06
pi2_0_0_0_0_l_0_0_0_0_0_0_0_0_0_0 = 8.40583e-06
pi2_0_0_0_0_l_0_0_0_0_0_0_0_0_0_0_0 = 7.53332e-06
pi2_0_0_0_0_l_0_0_0_0_0_0_0_0_0_0_0_0 = 7.18849e-06
pi2_0_0_0_0_l_0_0_0_0_0_0_0_0_0_0_0_0_0 = 6.54475e-06
pi2_0_0_0_0_l_0_0_0_0_0_0_0_0_0_0_0_0_0_0 = 6.28046e-06
pi2_0_0_0_0_l_0_0_0_0_0_0_0_0_0_0_0_0_0_0_0 = 5.78583e-06
pi2_0_0_0_0_l_0_0_0_0_0_0_0_0_0_0_0_0_0_0_0_0 = 5.57679e-06
pi2_0_0_0_0_l_0_0_0_0_0_0_0_0_0_0_0_0_0_0_0_0_0 = 5.18479e-06
pi2_0_0_0_0_l_0_0_0_0_0_0_0_0_0_0_0_0_0_0_0_0_0_0 = 5.01528e-06
pi2_0_0_0_0_l_0_0_0_0_0_0_0_0_0_0_0_0_0_0_0_0_0_0_0 = 4.69756e-06
pi2_0_0_0_0_l_0_0_0_0_0_0_0_0_0_0_0_0_0_0_0_0_0_0_0_0 = 4.54483e-06
