D^2   = 2.0162849279927408e-07
Dz    = -8.944095555241581e-07
pi(A) = 0.0013734349562049854
pi(B) = 0.0020000000000000126
pi2   = 8.096835300261889e-07
