DD_0_0 = 3.00925e-06
DD_0_0_l_0 = 1.55644e-06
DD_0_0_l_0_0 = 1.23287e-06
DD_0_0_l_0_0_0 = 8.28373e-07
DD_0_0_l_0_0_0_0 = 7.28836e-07
DD_0_0_l_0_0_0_0_0 = 5.05369e-07
Dr_0_0 = 4.26145e-06
Dr_0_0_l_0 = 3.46071e-06
Dr_0_0_l_0_0 = 2.79296e-06
Dr_0_0_l_0_0_0 = 2.39978e-06
Dr_0_0_l_0_0_0_0 = 2.04855e-06
Dr_0_0_l_0_0_0_0_0 = 1.76463e-06
Dr_0_0_l_0_0_0_0_0_0 = 1.48757e-06
Hl_0_0 = 0.00208224
Hl_0_0_l_0 = 0.00158355
Hl_0_0_l_0_0 = 0.00139397
Hl_0_0_l_0_0_0 = 0.00116358
Hl_0_0_l_0_0_0_0 = 0.00108553
Hl_0_0_l_0_0_0_0_0 = 0.00091439
Hr_0_0 = 0.00997859
I = 1
pi2_0_0_0_0 = 2.11366e-05
pi2_0_0_0_0_l_0 = 1.59917e-05
pi2_0_0_0_0_l_0_0 = 1.40301e-05
pi2_0_0_0_0_l_0_0_0 = 1.17014e-05
pi2_0_0_0_0_l_0_0_0_0 = 1.08831e-05
pi2_0_0_0_0_l_0_0_0_0_0 = 9.16597e-06
