DD_0_0 = 2.55202e-06
DD_0_0_l_0 = 1.57424e-06
DD_0_0_l_0_0 = 1.13092e-06
DD_0_0_l_0_0_0 = 8.52198e-07
DD_0_0_l_0_0_0_0 = 6.69401e-07
DD_0_0_l_0_0_0_0_0 = 5.41695e-07
DD_0_0_l_0_0_0_0_0_0 = 4.45802e-07
DD_0_0_l_0_0_0_0_0_0_0 = 3.76959e-07
DD_0_0_l_0_0_0_0_0_0_0_0 = 3.17561e-07
DD_0_0_l_0_0_0_0_0_0_0_0_0 = 2.80706e-07
DD_0_0_l_0_0_0_0_0_0_0_0_0_0 = 2.31298e-07
Dr_0_0 = 3.412e-06
Dr_0_0_l_0 = 3.0561e-06
Dr_0_0_l_0_0 = 2.55948e-06
Dr_0_0_l_0_0_0 = 2.21164e-06
Dr_0_0_l_0_0_0_0 = 1.91317e-06
Dr_0_0_l_0_0_0_0_0 = 1.68506e-06
Dr_0_0_l_0_0_0_0_0_0 = 1.49012e-06
Dr_0_0_l_0_0_0_0_0_0_0 = 1.33631e-06
Dr_0_0_l_0_0_0_0_0_0_0_0 = 1.19705e-06
Dr_0_0_l_0_0_0_0_0_0_0_0_0 = 1.09698e-06
Dr_0_0_l_0_0_0_0_0_0_0_0_0_0 = 9.7272e-07
Dr_0_0_l_0_0_0_0_0_0_0_0_0_0_0 = 8.85102e-07
Hl_0_0 = 0.00199689
Hl_0_0_l_0 = 0.00160062
Hl_0_0_l_0_0 = 0.0013587
Hl_0_0_l_0_0_0 = 0.00118475
Hl_0_0_l_0_0_0_0 = 0.00105152
Hl_0_0_l_0_0_0_0_0 = 0.000948399
Hl_0_0_l_0_0_0_0_0_0 = 0.00086138
Hl_0_0_l_0_0_0_0_0_0_0 = 0.000793951
Hl_0_0_l_0_0_0_0_0_0_0_0 = 0.000729193
Hl_0_0_l_0_0_0_0_0_0_0_0_0 = 0.000687295
Hl_0_0_l_0_0_0_0_0_0_0_0_0_0 = 0.000624942
Hr_0_0 = 0.00998284
I = 1
pi2_0_0_0_0 = 2.03466e-05
pi2_0_0_0_0_l_0 = 1.62186e-05
pi2_0_0_0_0_l_0_0 = 1.37202e-05
pi2_0_0_0_0_l_0_0_0 = 1.19368e-05
pi2_0_0_0_0_l_0_0_0_0 = 1.05765e-05
pi2_0_0_0_0_l_0_0_0_0_0 = 9.52679e-06
pi2_0_0_0_0_l_0_0_0_0_0_0 = 8.64469e-06
pi2_0_0_0_0_l_0_0_0_0_0_0_0 = 7.96028e-06
pi2_0_0_0_0_l_0_0_0_0_0_0_0_0 = 7.30836e-06
pi2_0_0_0_0_l_0_0_0_0_0_0_0_0_0 = 6.88137e-06
pi2_0_0_0_0_l_0_0_0_0_0_0_0_0_0_0 = 6.25562e-06
