DD_0_0 = 2.56432e-06
DD_0_0_l_0 = 1.57376e-06
DD_0_0_l_0_0 = 1.13363e-06
DD_0_0_l_0_0_0 = 8.51597e-07
DD_0_0_l_0_0_0_0 = 6.70913e-07
DD_0_0_l_0_0_0_0_0 = 5.40872e-07
DD_0_0_l_0_0_0_0_0_0 = 4.47291e-07
DD_0_0_l_0_0_0_0_0_0_0 = 3.75408e-07
DD_0_0_l_0_0_0_0_0_0_0_0 = 3.20305e-07
DD_0_0_l_0_0_0_0_0_0_0_0_0 = 2.76136e-07
DD_0_0_l_0_0_0_0_0_0_0_0_0_0 = 2.40857e-07
DD_0_0_l_0_0_0_0_0_0_0_0_0_0_0 = 2.11708e-07
DD_0_0_l_0_0_0_0_0_0_0_0_0_0_0_0 = 1.87733e-07
DD_0_0_l_0_0_0_0_0_0_0_0_0_0_0_0_0 = 1.67467e-07
DD_0_0_l_0_0_0_0_0_0_0_0_0_0_0_0_0_0 = 1.50423e-07
DD_0_0_l_0_0_0_0_0_0_0_0_0_0_0_0_0_0_0 = 1.35759e-07
DD_0_0_l_0_0_0_0_0_0_0_0_0_0_0_0_0_0_0_0 = 1.23202e-07
DD_0_0_l_0_0_0_0_0_0_0_0_0_0_0_0_0_0_0_0_0 = 1.1227e-07
DD_0_0_l_0_0_0_0_0_0_0_0_0_0_0_0_0_0_0_0_0_0 = 1.02667e-07
DD_0_0_l_0_0_0_0_0_0_0_0_0_0_0_0_0_0_0_0_0_0_0 = 9.4642e-08
DD_0_0_l_0_0_0_0_0_0_0_0_0_0_0_0_0_0_0_0_0_0_0_0 = 8.56859e-08
Dr_0_0 = 3.43407e-06
Dr_0_0_l_0 = 3.06746e-06
Dr_0_0_l_0_0 = 2.56517e-06
Dr_0_0_l_0_0_0 = 2.2173e-06
Dr_0_0_l_0_0_0_0 = 1.91601e-06
Dr_0_0_l_0_0_0_0_0 = 1.68825e-06
Dr_0_0_l_0_0_0_0_0_0 = 1.49244e-06
Dr_0_0_l_0_0_0_0_0_0_0 = 1.33711e-06
Dr_0_0_l_0_0_0_0_0_0_0_0 = 1.20164e-06
Dr_0_0_l_0_0_0_0_0_0_0_0_0 = 1.09071e-06
Dr_0_0_l_0_0_0_0_0_0_0_0_0_0 = 9.92476e-07
Dr_0_0_l_0_0_0_0_0_0_0_0_0_0_0 = 9.10183e-07
Dr_0_0_l_0_0_0_0_0_0_0_0_0_0_0_0 = 8.36328e-07
Dr_0_0_l_0_0_0_0_0_0_0_0_0_0_0_0_0 = 7.7338e-07
Dr_0_0_l_0_0_0_0_0_0_0_0_0_0_0_0_0_0 = 7.16233e-07
Dr_0_0_l_0_0_0_0_0_0_0_0_0_0_0_0_0_0_0 = 6.6687e-07
Dr_0_0_l_0_0_0_0_0_0_0_0_0_0_0_0_0_0_0_0 = 6.21583e-07
Dr_0_0_l_0_0_0_0_0_0_0_0_0_0_0_0_0_0_0_0_0 = 5.82153e-07
Dr_0_0_l_0_0_0_0_0_0_0_0_0_0_0_0_0_0_0_0_0_0 = 5.45233e-07
Dr_0_0_l_0_0_0_0_0_0_0_0_0_0_0_0_0_0_0_0_0_0_0 = 5.14471e-07
Dr_0_0_l_0_0_0_0_0_0_0_0_0_0_0_0_0_0_0_0_0_0_0_0 = 4.78601e-07
Dr_0_0_l_0_0_0_0_0_0_0_0_0_0_0_0_0_0_0_0_0_0_0_0_0 = 4.51912e-07
Hl_0_0 = 0.00199909
Hl_0_0_l_0 = 0.00160018
Hl_0_0_l_0_0 = 0.00135961
Hl_0_0_l_0_0_0 = 0.0011842
Hl_0_0_l_0_0_0_0 = 0.0010524
Hl_0_0_l_0_0_0_0_0 = 0.00094752
Hl_0_0_l_0_0_0_0_0_0 = 0.000862749
Hl_0_0_l_0_0_0_0_0_0_0 = 0.000792034
Hl_0_0_l_0_0_0_0_0_0_0_0 = 0.000732507
Hl_0_0_l_0_0_0_0_0_0_0_0_0 = 0.000681329
Hl_0_0_l_0_0_0_0_0_0_0_0_0_0 = 0.000637081
Hl_0_0_l_0_0_0_0_0_0_0_0_0_0_0 = 0.000598222
Hl_0_0_l_0_0_0_0_0_0_0_0_0_0_0_0 = 0.000563976
Hl_0_0_l_0_0_0_0_0_0_0_0_0_0_0_0_0 = 0.000533421
Hl_0_0_l_0_0_0_0_0_0_0_0_0_0_0_0_0_0 = 0.000506098
Hl_0_0_l_0_0_0_0_0_0_0_0_0_0_0_0_0_0_0 = 0.000481425
Hl_0_0_l_0_0_0_0_0_0_0_0_0_0_0_0_0_0_0_0 = 0.000459085
Hl_0_0_l_0_0_0_0_0_0_0_0_0_0_0_0_0_0_0_0_0 = 0.000438789
Hl_0_0_l_0_0_0_0_0_0_0_0_0_0_0_0_0_0_0_0_0_0 = 0.000419969
Hl_0_0_l_0_0_0_0_0_0_0_0_0_0_0_0_0_0_0_0_0_0_0 = 0.000403756
Hl_0_0_l_0_0_0_0_0_0_0_0_0_0_0_0_0_0_0_0_0_0_0_0 = 0.000384542
Hr_0_0 = 0.00998273
I = 1
pi2_0_0_0_0 = 2.03673e-05
pi2_0_0_0_0_l_0 = 1.62127e-05
pi2_0_0_0_0_l_0_0 = 1.37282e-05
pi2_0_0_0_0_l_0_0_0 = 1.19307e-05
pi2_0_0_0_0_l_0_0_0_0 = 1.05844e-05
pi2_0_0_0_0_l_0_0_0_0_0 = 9.51792e-06
pi2_0_0_0_0_l_0_0_0_0_0_0 = 8.65731e-06
pi2_0_0_0_0_l_0_0_0_0_0_0_0 = 7.94168e-06
pi2_0_0_0_0_l_0_0_0_0_0_0_0_0 = 7.33976e-06
pi2_0_0_0_0_l_0_0_0_0_0_0_0_0_0 = 6.82349e-06
pi2_0_0_0_0_l_0_0_0_0_0_0_0_0_0_0 = 6.3773e-06
pi2_0_0_0_0_l_0_0_0_0_0_0_0_0_0_0_0 = 5.98619e-06
pi2_0_0_0_0_l_0_0_0_0_0_0_0_0_0_0_0_0 = 5.64154e-06
pi2_0_0_0_0_l_0_0_0_0_0_0_0_0_0_0_0_0_0 = 5.33453e-06
pi2_0_0_0_0_l_0_0_0_0_0_0_0_0_0_0_0_0_0_0 = 5.05996e-06
pi2_0_0_0_0_l_0_0_0_0_0_0_0_0_0_0_0_0_0_0_0 = 4.81236e-06
pi2_0_0_0_0_l_0_0_0_0_0_0_0_0_0_0_0_0_0_0_0_0 = 4.58815e-06
pi2_0_0_0_0_l_0_0_0_0_0_0_0_0_0_0_0_0_0_0_0_0_0 = 4.38462e-06
pi2_0_0_0_0_l_0_0_0_0_0_0_0_0_0_0_0_0_0_0_0_0_0_0 = 4.19603e-06
pi2_0_0_0_0_l_0_0_0_0_0_0_0_0_0_0_0_0_0_0_0_0_0_0_0 = 4.03325e-06
pi2_0_0_0_0_l_0_0_0_0_0_0_0_0_0_0_0_0_0_0_0_0_0_0_0_0 = 3.84104e-06
