DD_0_0 = 5.5486e-05
DD_0_0_l_0 = 5.92355e-06
DD_0_0_l_0_0 = 9.32335e-06
DD_0_0_l_0_0_0 = 2.38225e-06
DD_0_0_l_0_0_0_0 = 3.54315e-06
DD_0_0_l_0_0_0_0_0 = 1.26212e-06
DD_0_0_l_0_0_0_0_0_0 = 1.79944e-06
DD_0_0_l_0_0_0_0_0_0_0 = 7.73761e-07
DD_0_0_l_0_0_0_0_0_0_0_0 = 1.06723e-06
DD_0_0_l_0_0_0_0_0_0_0_0_0 = 5.19663e-07
DD_0_0_l_0_0_0_0_0_0_0_0_0_0 = 6.97794e-07
Dr_0_0 = 4.68865e-14
Dr_0_0_l_0 = 4.43799e-05
Dr_0_0_l_0_0 = 5.92281e-06
Dr_0_0_l_0_0_0 = 2.04166e-05
Dr_0_0_l_0_0_0_0 = 4.33227e-06
Dr_0_0_l_0_0_0_0_0 = 1.19573e-05
Dr_0_0_l_0_0_0_0_0_0 = 3.17572e-06
Dr_0_0_l_0_0_0_0_0_0_0 = 7.93365e-06
Dr_0_0_l_0_0_0_0_0_0_0_0 = 2.41868e-06
Dr_0_0_l_0_0_0_0_0_0_0_0_0 = 5.68467e-06
Dr_0_0_l_0_0_0_0_0_0_0_0_0_0 = 1.90626e-06
Dr_0_0_l_0_0_0_0_0_0_0_0_0_0_0 = 4.29194e-06
Hl_0_0 = 0.0099999
Hl_0_0_l_0 = 0.00333323
Hl_0_0_l_0_0 = 0.00333323
Hl_0_0_l_0_0_0 = 0.0019999
Hl_0_0_l_0_0_0_0 = 0.0019999
Hl_0_0_l_0_0_0_0_0 = 0.00142847
Hl_0_0_l_0_0_0_0_0_0 = 0.00142847
Hl_0_0_l_0_0_0_0_0_0_0 = 0.00111101
Hl_0_0_l_0_0_0_0_0_0_0_0 = 0.00111101
Hl_0_0_l_0_0_0_0_0_0_0_0_0 = 0.000908991
Hl_0_0_l_0_0_0_0_0_0_0_0_0_0 = 0.000908991
Hr_0_0 = 0.0099999
I = 1
pi2_0_0_0_0 = 0.000122187
pi2_0_0_0_0_l_0 = 3.55526e-05
pi2_0_0_0_0_l_0_0 = 3.59949e-05
pi2_0_0_0_0_l_0_0_0 = 2.07812e-05
pi2_0_0_0_0_l_0_0_0_0 = 2.06872e-05
pi2_0_0_0_0_l_0_0_0_0_0 = 1.4653e-05
pi2_0_0_0_0_l_0_0_0_0_0_0 = 1.44979e-05
pi2_0_0_0_0_l_0_0_0_0_0_0_0 = 1.13128e-05
pi2_0_0_0_0_l_0_0_0_0_0_0_0_0 = 1.11678e-05
pi2_0_0_0_0_l_0_0_0_0_0_0_0_0_0 = 9.21304e-06
pi2_0_0_0_0_l_0_0_0_0_0_0_0_0_0_0 = 9.08875e-06
