DD_0_0 = 2.55693e-06
DD_0_0_l_0 = 1.57004e-06
DD_0_0_l_0_0 = 1.13119e-06
DD_0_0_l_0_0_0 = 8.49938e-07
DD_0_0_l_0_0_0_0 = 6.69693e-07
DD_0_0_l_0_0_0_0_0 = 5.39958e-07
DD_0_0_l_0_0_0_0_0_0 = 4.46578e-07
DD_0_0_l_0_0_0_0_0_0_0 = 3.74845e-07
DD_0_0_l_0_0_0_0_0_0_0_0 = 3.19847e-07
DD_0_0_l_0_0_0_0_0_0_0_0_0 = 2.75761e-07
DD_0_0_l_0_0_0_0_0_0_0_0_0_0 = 2.40544e-07
DD_0_0_l_0_0_0_0_0_0_0_0_0_0_0 = 2.11446e-07
DD_0_0_l_0_0_0_0_0_0_0_0_0_0_0_0 = 1.87509e-07
DD_0_0_l_0_0_0_0_0_0_0_0_0_0_0_0_0 = 1.67275e-07
DD_0_0_l_0_0_0_0_0_0_0_0_0_0_0_0_0_0 = 1.50257e-07
DD_0_0_l_0_0_0_0_0_0_0_0_0_0_0_0_0_0_0 = 1.35614e-07
DD_0_0_l_0_0_0_0_0_0_0_0_0_0_0_0_0_0_0_0 = 1.23075e-07
DD_0_0_l_0_0_0_0_0_0_0_0_0_0_0_0_0_0_0_0_0 = 1.12159e-07
DD_0_0_l_0_0_0_0_0_0_0_0_0_0_0_0_0_0_0_0_0_0 = 1.02568e-07
DD_0_0_l_0_0_0_0_0_0_0_0_0_0_0_0_0_0_0_0_0_0_0 = 9.45535e-08
DD_0_0_l_0_0_0_0_0_0_0_0_0_0_0_0_0_0_0_0_0_0_0_0 = 8.56084e-08
Dr_0_0 = 3.41937e-06
Dr_0_0_l_0 = 3.05533e-06
Dr_0_0_l_0_0 = 2.55579e-06
Dr_0_0_l_0_0_0 = 2.20955e-06
Dr_0_0_l_0_0_0_0 = 1.90964e-06
Dr_0_0_l_0_0_0_0_0 = 1.68282e-06
Dr_0_0_l_0_0_0_0_0_0 = 1.48782e-06
Dr_0_0_l_0_0_0_0_0_0_0 = 1.33308e-06
Dr_0_0_l_0_0_0_0_0_0_0_0 = 1.19812e-06
Dr_0_0_l_0_0_0_0_0_0_0_0_0 = 1.08758e-06
Dr_0_0_l_0_0_0_0_0_0_0_0_0_0 = 9.89702e-07
Dr_0_0_l_0_0_0_0_0_0_0_0_0_0_0 = 9.07687e-07
Dr_0_0_l_0_0_0_0_0_0_0_0_0_0_0_0 = 8.34082e-07
Dr_0_0_l_0_0_0_0_0_0_0_0_0_0_0_0_0 = 7.71337e-07
Dr_0_0_l_0_0_0_0_0_0_0_0_0_0_0_0_0_0 = 7.14376e-07
Dr_0_0_l_0_0_0_0_0_0_0_0_0_0_0_0_0_0_0 = 6.65167e-07
Dr_0_0_l_0_0_0_0_0_0_0_0_0_0_0_0_0_0_0_0 = 6.20021e-07
Dr_0_0_l_0_0_0_0_0_0_0_0_0_0_0_0_0_0_0_0_0 = 5.80709e-07
Dr_0_0_l_0_0_0_0_0_0_0_0_0_0_0_0_0_0_0_0_0_0 = 5.43901e-07
Dr_0_0_l_0_0_0_0_0_0_0_0_0_0_0_0_0_0_0_0_0_0_0 = 5.13228e-07
Dr_0_0_l_0_0_0_0_0_0_0_0_0_0_0_0_0_0_0_0_0_0_0_0 = 4.77464e-07
Dr_0_0_l_0_0_0_0_0_0_0_0_0_0_0_0_0_0_0_0_0_0_0_0_0 = 4.5085e-07
Hl_0_0 = 0.00199909
Hl_0_0_l_0 = 0.00160018
Hl_0_0_l_0_0 = 0.00135961
Hl_0_0_l_0_0_0 = 0.0011842
Hl_0_0_l_0_0_0_0 = 0.0010524
Hl_0_0_l_0_0_0_0_0 = 0.00094752
Hl_0_0_l_0_0_0_0_0_0 = 0.000862749
Hl_0_0_l_0_0_0_0_0_0_0 = 0.000792034
Hl_0_0_l_0_0_0_0_0_0_0_0 = 0.000732507
Hl_0_0_l_0_0_0_0_0_0_0_0_0 = 0.000681329
Hl_0_0_l_0_0_0_0_0_0_0_0_0_0 = 0.000637081
Hl_0_0_l_0_0_0_0_0_0_0_0_0_0_0 = 0.000598222
Hl_0_0_l_0_0_0_0_0_0_0_0_0_0_0_0 = 0.000563976
Hl_0_0_l_0_0_0_0_0_0_0_0_0_0_0_0_0 = 0.000533421
Hl_0_0_l_0_0_0_0_0_0_0_0_0_0_0_0_0_0 = 0.000506098
Hl_0_0_l_0_0_0_0_0_0_0_0_0_0_0_0_0_0_0 = 0.000481425
Hl_0_0_l_0_0_0_0_0_0_0_0_0_0_0_0_0_0_0_0 = 0.000459085
Hl_0_0_l_0_0_0_0_0_0_0_0_0_0_0_0_0_0_0_0_0 = 0.000438789
Hl_0_0_l_0_0_0_0_0_0_0_0_0_0_0_0_0_0_0_0_0_0 = 0.000419969
Hl_0_0_l_0_0_0_0_0_0_0_0_0_0_0_0_0_0_0_0_0_0_0 = 0.000403756
Hl_0_0_l_0_0_0_0_0_0_0_0_0_0_0_0_0_0_0_0_0_0_0_0 = 0.000384542
Hr_0_0 = 0.0099828
I = 1
pi2_0_0_0_0 = 2.03661e-05
pi2_0_0_0_0_l_0 = 1.62122e-05
pi2_0_0_0_0_l_0_0 = 1.3728e-05
pi2_0_0_0_0_l_0_0_0 = 1.19306e-05
pi2_0_0_0_0_l_0_0_0_0 = 1.05844e-05
pi2_0_0_0_0_l_0_0_0_0_0 = 9.51793e-06
pi2_0_0_0_0_l_0_0_0_0_0_0 = 8.65735e-06
pi2_0_0_0_0_l_0_0_0_0_0_0_0 = 7.94173e-06
pi2_0_0_0_0_l_0_0_0_0_0_0_0_0 = 7.33982e-06
pi2_0_0_0_0_l_0_0_0_0_0_0_0_0_0 = 6.82355e-06
pi2_0_0_0_0_l_0_0_0_0_0_0_0_0_0_0 = 6.37736e-06
pi2_0_0_0_0_l_0_0_0_0_0_0_0_0_0_0_0 = 5.98625e-06
pi2_0_0_0_0_l_0_0_0_0_0_0_0_0_0_0_0_0 = 5.64161e-06
pi2_0_0_0_0_l_0_0_0_0_0_0_0_0_0_0_0_0_0 = 5.33459e-06
pi2_0_0_0_0_l_0_0_0_0_0_0_0_0_0_0_0_0_0_0 = 5.06002e-06
pi2_0_0_0_0_l_0_0_0_0_0_0_0_0_0_0_0_0_0_0_0 = 4.81241e-06
pi2_0_0_0_0_l_0_0_0_0_0_0_0_0_0_0_0_0_0_0_0_0 = 4.5882e-06
pi2_0_0_0_0_l_0_0_0_0_0_0_0_0_0_0_0_0_0_0_0_0_0 = 4.38468e-06
pi2_0_0_0_0_l_0_0_0_0_0_0_0_0_0_0_0_0_0_0_0_0_0_0 = 4.19609e-06
pi2_0_0_0_0_l_0_0_0_0_0_0_0_0_0_0_0_0_0_0_0_0_0_0_0 = 4.0333e-06
pi2_0_0_0_0_l_0_0_0_0_0_0_0_0_0_0_0_0_0_0_0_0_0_0_0_0 = 3.84109e-06
