D^2   = 5.65632831757004e-09
Dz    = 8.603085900597757e-09
pi(A) = 0.00019933600945674926
pi(B) = 0.0020000000000000126
pi2   = 9.992036101337208e-08
