DD_0_0 = 1.14338e-06
DD_0_0_l_0 = 1.57502e-06
DD_0_0_l_0_0 = 8.64038e-07
Dr_0_0 = 1.21214e-06
Dr_0_0_l_0 = 1.55703e-06
Dr_0_0_l_0_0 = 2.07368e-06
Dr_0_0_l_0_0_0 = 1.60063e-06
Hl_0_0 = 0.00173386
Hl_0_0_l_0 = 0.00165322
Hl_0_0_l_0_0 = 0.00124998
Hr_0_0 = 0.00999384
I = 1
pi2_0_0_0_0 = 1.76454e-05
pi2_0_0_0_0_l_0 = 1.69238e-05
pi2_0_0_0_0_l_0_0 = 1.2726e-05
