DD_0_0 = 4.11689e-07
DD_0_0_l_0 = 4.55595e-07
DD_0_0_l_0_0 = 3.41786e-07
DD_0_0_l_0_0_0 = 3.18246e-07
DD_0_0_l_0_0_0_0 = 2.54685e-07
DD_0_0_l_0_0_0_0_0 = 2.36914e-07
DD_0_0_l_0_0_0_0_0_0 = 1.95164e-07
DD_0_0_l_0_0_0_0_0_0_0 = 1.84293e-07
DD_0_0_l_0_0_0_0_0_0_0_0 = 1.53582e-07
DD_0_0_l_0_0_0_0_0_0_0_0_0 = 1.48402e-07
DD_0_0_l_0_0_0_0_0_0_0_0_0_0 = 1.23084e-07
Dr_0_0 = 4.84943e-07
Dr_0_0_l_0 = 6.73041e-07
Dr_0_0_l_0_0 = 6.50027e-07
Dr_0_0_l_0_0_0 = 6.215e-07
Dr_0_0_l_0_0_0_0 = 5.886e-07
Dr_0_0_l_0_0_0_0_0 = 5.48334e-07
Dr_0_0_l_0_0_0_0_0_0 = 5.16991e-07
Dr_0_0_l_0_0_0_0_0_0_0 = 4.82652e-07
Dr_0_0_l_0_0_0_0_0_0_0_0 = 4.52672e-07
Dr_0_0_l_0_0_0_0_0_0_0_0_0 = 4.28586e-07
Dr_0_0_l_0_0_0_0_0_0_0_0_0_0 = 3.95809e-07
Dr_0_0_l_0_0_0_0_0_0_0_0_0_0_0 = 3.66776e-07
Hl_0_0 = 0.000963273
Hl_0_0_l_0 = 0.000903672
Hl_0_0_l_0_0 = 0.000807018
Hl_0_0_l_0_0_0 = 0.000757883
Hl_0_0_l_0_0_0_0 = 0.000689482
Hl_0_0_l_0_0_0_0_0 = 0.000655232
Hl_0_0_l_0_0_0_0_0_0 = 0.000601577
Hl_0_0_l_0_0_0_0_0_0_0 = 0.00057885
Hl_0_0_l_0_0_0_0_0_0_0_0 = 0.000532782
Hl_0_0_l_0_0_0_0_0_0_0_0_0 = 0.000520432
Hl_0_0_l_0_0_0_0_0_0_0_0_0_0 = 0.000476151
Hr_0_0 = 0.00999505
I = 1
pi2_0_0_0_0 = 9.75577e-06
pi2_0_0_0_0_l_0 = 9.11562e-06
pi2_0_0_0_0_l_0_0 = 8.12701e-06
pi2_0_0_0_0_l_0_0_0 = 7.62281e-06
pi2_0_0_0_0_l_0_0_0_0 = 6.92953e-06
pi2_0_0_0_0_l_0_0_0_0_0 = 6.58022e-06
pi2_0_0_0_0_l_0_0_0_0_0_0 = 6.0391e-06
pi2_0_0_0_0_l_0_0_0_0_0_0_0 = 5.80738e-06
pi2_0_0_0_0_l_0_0_0_0_0_0_0_0 = 5.34438e-06
pi2_0_0_0_0_l_0_0_0_0_0_0_0_0_0 = 5.21762e-06
pi2_0_0_0_0_l_0_0_0_0_0_0_0_0_0_0 = 4.77267e-06
