DD_0_0 = 2.47402e-06
DD_0_0_l_0 = 1.53461e-06
DD_0_0_l_0_0 = 1.10486e-06
DD_0_0_l_0_0_0 = 8.34424e-07
DD_0_0_l_0_0_0_0 = 6.5636e-07
DD_0_0_l_0_0_0_0_0 = 5.31896e-07
DD_0_0_l_0_0_0_0_0_0 = 4.38175e-07
DD_0_0_l_0_0_0_0_0_0_0 = 3.70895e-07
DD_0_0_l_0_0_0_0_0_0_0_0 = 3.12688e-07
DD_0_0_l_0_0_0_0_0_0_0_0_0 = 2.76611e-07
DD_0_0_l_0_0_0_0_0_0_0_0_0_0 = 2.28111e-07
Dr_0_0 = 3.25765e-06
Dr_0_0_l_0 = 2.92823e-06
Dr_0_0_l_0_0 = 2.46019e-06
Dr_0_0_l_0_0_0 = 2.12958e-06
Dr_0_0_l_0_0_0_0 = 1.84559e-06
Dr_0_0_l_0_0_0_0_0 = 1.6274e-06
Dr_0_0_l_0_0_0_0_0_0 = 1.44103e-06
Dr_0_0_l_0_0_0_0_0_0_0 = 1.29331e-06
Dr_0_0_l_0_0_0_0_0_0_0_0 = 1.1598e-06
Dr_0_0_l_0_0_0_0_0_0_0_0_0 = 1.06334e-06
Dr_0_0_l_0_0_0_0_0_0_0_0_0_0 = 9.43988e-07
Dr_0_0_l_0_0_0_0_0_0_0_0_0_0_0 = 8.59346e-07
Hl_0_0 = 0.00199689
Hl_0_0_l_0 = 0.00160062
Hl_0_0_l_0_0 = 0.0013587
Hl_0_0_l_0_0_0 = 0.00118475
Hl_0_0_l_0_0_0_0 = 0.00105152
Hl_0_0_l_0_0_0_0_0 = 0.000948399
Hl_0_0_l_0_0_0_0_0_0 = 0.00086138
Hl_0_0_l_0_0_0_0_0_0_0 = 0.000793951
Hl_0_0_l_0_0_0_0_0_0_0_0 = 0.000729193
Hl_0_0_l_0_0_0_0_0_0_0_0_0 = 0.000687295
Hl_0_0_l_0_0_0_0_0_0_0_0_0_0 = 0.000624942
Hr_0_0 = 0.00998361
I = 1
pi2_0_0_0_0 = 2.03338e-05
pi2_0_0_0_0_l_0 = 1.62135e-05
pi2_0_0_0_0_l_0_0 = 1.37178e-05
pi2_0_0_0_0_l_0_0_0 = 1.19357e-05
pi2_0_0_0_0_l_0_0_0_0 = 1.05762e-05
pi2_0_0_0_0_l_0_0_0_0_0 = 9.52692e-06
pi2_0_0_0_0_l_0_0_0_0_0_0 = 8.64503e-06
pi2_0_0_0_0_l_0_0_0_0_0_0_0 = 7.96083e-06
pi2_0_0_0_0_l_0_0_0_0_0_0_0_0 = 7.30889e-06
pi2_0_0_0_0_l_0_0_0_0_0_0_0_0_0 = 6.8821e-06
pi2_0_0_0_0_l_0_0_0_0_0_0_0_0_0_0 = 6.25628e-06
