DD_0_0 = 2.48553e-06
DD_0_0_l_0 = 1.53404e-06
DD_0_0_l_0_0 = 1.10743e-06
DD_0_0_l_0_0_0 = 8.33799e-07
DD_0_0_l_0_0_0_0 = 6.57814e-07
DD_0_0_l_0_0_0_0_0 = 5.31065e-07
DD_0_0_l_0_0_0_0_0_0 = 4.39627e-07
DD_0_0_l_0_0_0_0_0_0_0 = 3.69353e-07
DD_0_0_l_0_0_0_0_0_0_0_0 = 3.15383e-07
DD_0_0_l_0_0_0_0_0_0_0_0_0 = 2.72107e-07
DD_0_0_l_0_0_0_0_0_0_0_0_0_0 = 2.3749e-07
DD_0_0_l_0_0_0_0_0_0_0_0_0_0_0 = 2.08881e-07
DD_0_0_l_0_0_0_0_0_0_0_0_0_0_0_0 = 1.85321e-07
DD_0_0_l_0_0_0_0_0_0_0_0_0_0_0_0_0 = 1.65401e-07
DD_0_0_l_0_0_0_0_0_0_0_0_0_0_0_0_0_0 = 1.48632e-07
DD_0_0_l_0_0_0_0_0_0_0_0_0_0_0_0_0_0_0 = 1.34201e-07
DD_0_0_l_0_0_0_0_0_0_0_0_0_0_0_0_0_0_0_0 = 1.21833e-07
DD_0_0_l_0_0_0_0_0_0_0_0_0_0_0_0_0_0_0_0_0 = 1.11065e-07
DD_0_0_l_0_0_0_0_0_0_0_0_0_0_0_0_0_0_0_0_0_0 = 1.01597e-07
DD_0_0_l_0_0_0_0_0_0_0_0_0_0_0_0_0_0_0_0_0_0_0 = 9.36863e-08
DD_0_0_l_0_0_0_0_0_0_0_0_0_0_0_0_0_0_0_0_0_0_0_0 = 8.48489e-08
Dr_0_0 = 3.27807e-06
Dr_0_0_l_0 = 2.9386e-06
Dr_0_0_l_0_0 = 2.46532e-06
Dr_0_0_l_0_0_0 = 2.13477e-06
Dr_0_0_l_0_0_0_0 = 1.8481e-06
Dr_0_0_l_0_0_0_0_0 = 1.63034e-06
Dr_0_0_l_0_0_0_0_0_0 = 1.4431e-06
Dr_0_0_l_0_0_0_0_0_0_0 = 1.29403e-06
Dr_0_0_l_0_0_0_0_0_0_0_0 = 1.16405e-06
Dr_0_0_l_0_0_0_0_0_0_0_0_0 = 1.05731e-06
Dr_0_0_l_0_0_0_0_0_0_0_0_0_0 = 9.62836e-07
Dr_0_0_l_0_0_0_0_0_0_0_0_0_0_0 = 8.83487e-07
Dr_0_0_l_0_0_0_0_0_0_0_0_0_0_0_0 = 8.12323e-07
Dr_0_0_l_0_0_0_0_0_0_0_0_0_0_0_0_0 = 7.51526e-07
Dr_0_0_l_0_0_0_0_0_0_0_0_0_0_0_0_0_0 = 6.96377e-07
Dr_0_0_l_0_0_0_0_0_0_0_0_0_0_0_0_0_0_0 = 6.48636e-07
Dr_0_0_l_0_0_0_0_0_0_0_0_0_0_0_0_0_0_0_0 = 6.04875e-07
Dr_0_0_l_0_0_0_0_0_0_0_0_0_0_0_0_0_0_0_0_0 = 5.66695e-07
Dr_0_0_l_0_0_0_0_0_0_0_0_0_0_0_0_0_0_0_0_0_0 = 5.30981e-07
Dr_0_0_l_0_0_0_0_0_0_0_0_0_0_0_0_0_0_0_0_0_0_0 = 5.01161e-07
Dr_0_0_l_0_0_0_0_0_0_0_0_0_0_0_0_0_0_0_0_0_0_0_0 = 4.66428e-07
Dr_0_0_l_0_0_0_0_0_0_0_0_0_0_0_0_0_0_0_0_0_0_0_0_0 = 4.40532e-07
Hl_0_0 = 0.00199909
Hl_0_0_l_0 = 0.00160018
Hl_0_0_l_0_0 = 0.00135961
Hl_0_0_l_0_0_0 = 0.0011842
Hl_0_0_l_0_0_0_0 = 0.0010524
Hl_0_0_l_0_0_0_0_0 = 0.00094752
Hl_0_0_l_0_0_0_0_0_0 = 0.000862749
Hl_0_0_l_0_0_0_0_0_0_0 = 0.000792034
Hl_0_0_l_0_0_0_0_0_0_0_0 = 0.000732507
Hl_0_0_l_0_0_0_0_0_0_0_0_0 = 0.000681329
Hl_0_0_l_0_0_0_0_0_0_0_0_0_0 = 0.000637081
Hl_0_0_l_0_0_0_0_0_0_0_0_0_0_0 = 0.000598222
Hl_0_0_l_0_0_0_0_0_0_0_0_0_0_0_0 = 0.000563976
Hl_0_0_l_0_0_0_0_0_0_0_0_0_0_0_0_0 = 0.000533421
Hl_0_0_l_0_0_0_0_0_0_0_0_0_0_0_0_0_0 = 0.000506098
Hl_0_0_l_0_0_0_0_0_0_0_0_0_0_0_0_0_0_0 = 0.000481425
Hl_0_0_l_0_0_0_0_0_0_0_0_0_0_0_0_0_0_0_0 = 0.000459085
Hl_0_0_l_0_0_0_0_0_0_0_0_0_0_0_0_0_0_0_0_0 = 0.000438789
Hl_0_0_l_0_0_0_0_0_0_0_0_0_0_0_0_0_0_0_0_0_0 = 0.000419969
Hl_0_0_l_0_0_0_0_0_0_0_0_0_0_0_0_0_0_0_0_0_0_0 = 0.000403756
Hl_0_0_l_0_0_0_0_0_0_0_0_0_0_0_0_0_0_0_0_0_0_0_0 = 0.000384542
Hr_0_0 = 0.00998351
I = 1
pi2_0_0_0_0 = 2.03546e-05
pi2_0_0_0_0_l_0 = 1.62076e-05
pi2_0_0_0_0_l_0_0 = 1.37259e-05
pi2_0_0_0_0_l_0_0_0 = 1.19297e-05
pi2_0_0_0_0_l_0_0_0_0 = 1.05841e-05
pi2_0_0_0_0_l_0_0_0_0_0 = 9.51806e-06
pi2_0_0_0_0_l_0_0_0_0_0_0 = 8.65771e-06
pi2_0_0_0_0_l_0_0_0_0_0_0_0 = 7.9422e-06
pi2_0_0_0_0_l_0_0_0_0_0_0_0_0 = 7.34038e-06
pi2_0_0_0_0_l_0_0_0_0_0_0_0_0_0 = 6.82414e-06
pi2_0_0_0_0_l_0_0_0_0_0_0_0_0_0_0 = 6.37798e-06
pi2_0_0_0_0_l_0_0_0_0_0_0_0_0_0_0_0 = 5.98687e-06
pi2_0_0_0_0_l_0_0_0_0_0_0_0_0_0_0_0_0 = 5.64222e-06
pi2_0_0_0_0_l_0_0_0_0_0_0_0_0_0_0_0_0_0 = 5.33519e-06
pi2_0_0_0_0_l_0_0_0_0_0_0_0_0_0_0_0_0_0_0 = 5.06061e-06
pi2_0_0_0_0_l_0_0_0_0_0_0_0_0_0_0_0_0_0_0_0 = 4.81298e-06
pi2_0_0_0_0_l_0_0_0_0_0_0_0_0_0_0_0_0_0_0_0_0 = 4.58876e-06
pi2_0_0_0_0_l_0_0_0_0_0_0_0_0_0_0_0_0_0_0_0_0_0 = 4.38521e-06
pi2_0_0_0_0_l_0_0_0_0_0_0_0_0_0_0_0_0_0_0_0_0_0_0 = 4.1966e-06
pi2_0_0_0_0_l_0_0_0_0_0_0_0_0_0_0_0_0_0_0_0_0_0_0_0 = 4.03381e-06
pi2_0_0_0_0_l_0_0_0_0_0_0_0_0_0_0_0_0_0_0_0_0_0_0_0_0 = 3.84157e-06
