DD_0_0 = 5.65158e-07
DD_0_0_l_0 = 4.53861e-07
DD_0_0_l_0_0 = 3.74581e-07
DD_0_0_l_0_0_0 = 3.15633e-07
DD_0_0_l_0_0_0_0 = 2.69989e-07
DD_0_0_l_0_0_0_0_0 = 2.33991e-07
DD_0_0_l_0_0_0_0_0_0 = 2.04837e-07
DD_0_0_l_0_0_0_0_0_0_0 = 1.81006e-07
DD_0_0_l_0_0_0_0_0_0_0_0 = 1.61106e-07
DD_0_0_l_0_0_0_0_0_0_0_0_0 = 1.44439e-07
DD_0_0_l_0_0_0_0_0_0_0_0_0_0 = 1.30188e-07
DD_0_0_l_0_0_0_0_0_0_0_0_0_0_0 = 1.18053e-07
DD_0_0_l_0_0_0_0_0_0_0_0_0_0_0_0 = 1.0746e-07
DD_0_0_l_0_0_0_0_0_0_0_0_0_0_0_0_0 = 9.83575e-08
DD_0_0_l_0_0_0_0_0_0_0_0_0_0_0_0_0_0 = 9.02262e-08
DD_0_0_l_0_0_0_0_0_0_0_0_0_0_0_0_0_0_0 = 8.32682e-08
DD_0_0_l_0_0_0_0_0_0_0_0_0_0_0_0_0_0_0_0 = 7.67979e-08
DD_0_0_l_0_0_0_0_0_0_0_0_0_0_0_0_0_0_0_0_0 = 7.15112e-08
DD_0_0_l_0_0_0_0_0_0_0_0_0_0_0_0_0_0_0_0_0_0 = 6.59908e-08
DD_0_0_l_0_0_0_0_0_0_0_0_0_0_0_0_0_0_0_0_0_0_0 = 6.24445e-08
DD_0_0_l_0_0_0_0_0_0_0_0_0_0_0_0_0_0_0_0_0_0_0_0 = 5.65671e-08
Dr_0_0 = 9.18979e-07
Dr_0_0_l_0 = 8.45424e-07
Dr_0_0_l_0_0 = 7.74708e-07
Dr_0_0_l_0_0_0 = 7.10998e-07
Dr_0_0_l_0_0_0_0 = 6.54429e-07
Dr_0_0_l_0_0_0_0_0 = 6.0422e-07
Dr_0_0_l_0_0_0_0_0_0 = 5.59772e-07
Dr_0_0_l_0_0_0_0_0_0_0 = 5.20141e-07
Dr_0_0_l_0_0_0_0_0_0_0_0 = 4.84845e-07
Dr_0_0_l_0_0_0_0_0_0_0_0_0 = 4.53132e-07
Dr_0_0_l_0_0_0_0_0_0_0_0_0_0 = 4.24674e-07
Dr_0_0_l_0_0_0_0_0_0_0_0_0_0_0 = 3.98914e-07
Dr_0_0_l_0_0_0_0_0_0_0_0_0_0_0_0 = 3.75613e-07
Dr_0_0_l_0_0_0_0_0_0_0_0_0_0_0_0_0 = 3.54411e-07
Dr_0_0_l_0_0_0_0_0_0_0_0_0_0_0_0_0_0 = 3.35028e-07
Dr_0_0_l_0_0_0_0_0_0_0_0_0_0_0_0_0_0_0 = 3.17431e-07
Dr_0_0_l_0_0_0_0_0_0_0_0_0_0_0_0_0_0_0_0 = 3.00955e-07
Dr_0_0_l_0_0_0_0_0_0_0_0_0_0_0_0_0_0_0_0_0 = 2.86491e-07
Dr_0_0_l_0_0_0_0_0_0_0_0_0_0_0_0_0_0_0_0_0_0 = 2.71705e-07
Dr_0_0_l_0_0_0_0_0_0_0_0_0_0_0_0_0_0_0_0_0_0_0 = 2.61039e-07
Dr_0_0_l_0_0_0_0_0_0_0_0_0_0_0_0_0_0_0_0_0_0_0_0 = 2.44748e-07
Dr_0_0_l_0_0_0_0_0_0_0_0_0_0_0_0_0_0_0_0_0_0_0_0_0 = 2.33456e-07
Hl_0_0 = 0.000999876
Hl_0_0_l_0 = 0.000900011
Hl_0_0_l_0_0 = 0.000819951
Hl_0_0_l_0_0_0 = 0.000754003
Hl_0_0_l_0_0_0_0 = 0.000698355
Hl_0_0_l_0_0_0_0_0 = 0.000650795
Hl_0_0_l_0_0_0_0_0_0 = 0.000609469
Hl_0_0_l_0_0_0_0_0_0_0 = 0.000573326
Hl_0_0_l_0_0_0_0_0_0_0_0 = 0.00054127
Hl_0_0_l_0_0_0_0_0_0_0_0_0 = 0.000512792
Hl_0_0_l_0_0_0_0_0_0_0_0_0_0 = 0.000487122
Hl_0_0_l_0_0_0_0_0_0_0_0_0_0_0 = 0.000464081
Hl_0_0_l_0_0_0_0_0_0_0_0_0_0_0_0 = 0.000442998
Hl_0_0_l_0_0_0_0_0_0_0_0_0_0_0_0_0 = 0.000423997
Hl_0_0_l_0_0_0_0_0_0_0_0_0_0_0_0_0_0 = 0.00040628
Hl_0_0_l_0_0_0_0_0_0_0_0_0_0_0_0_0_0_0 = 0.000390454
Hl_0_0_l_0_0_0_0_0_0_0_0_0_0_0_0_0_0_0_0 = 0.000375129
Hl_0_0_l_0_0_0_0_0_0_0_0_0_0_0_0_0_0_0_0_0 = 0.000362133
Hl_0_0_l_0_0_0_0_0_0_0_0_0_0_0_0_0_0_0_0_0_0 = 0.000347995
Hl_0_0_l_0_0_0_0_0_0_0_0_0_0_0_0_0_0_0_0_0_0_0 = 0.000338643
Hl_0_0_l_0_0_0_0_0_0_0_0_0_0_0_0_0_0_0_0_0_0_0_0 = 0.000322524
Hr_0_0 = 0.00999071
I = 1
pi2_0_0_0_0 = 1.00398e-05
pi2_0_0_0_0_l_0 = 9.03098e-06
pi2_0_0_0_0_l_0_0 = 8.22311e-06
pi2_0_0_0_0_l_0_0_0 = 7.55833e-06
pi2_0_0_0_0_l_0_0_0_0 = 6.99786e-06
pi2_0_0_0_0_l_0_0_0_0_0 = 6.51922e-06
pi2_0_0_0_0_l_0_0_0_0_0_0 = 6.10358e-06
pi2_0_0_0_0_l_0_0_0_0_0_0_0 = 5.74028e-06
pi2_0_0_0_0_l_0_0_0_0_0_0_0_0 = 5.41823e-06
pi2_0_0_0_0_l_0_0_0_0_0_0_0_0_0 = 5.13223e-06
pi2_0_0_0_0_l_0_0_0_0_0_0_0_0_0_0 = 4.87456e-06
pi2_0_0_0_0_l_0_0_0_0_0_0_0_0_0_0_0 = 4.64332e-06
pi2_0_0_0_0_l_0_0_0_0_0_0_0_0_0_0_0_0 = 4.43185e-06
pi2_0_0_0_0_l_0_0_0_0_0_0_0_0_0_0_0_0_0 = 4.24126e-06
pi2_0_0_0_0_l_0_0_0_0_0_0_0_0_0_0_0_0_0_0 = 4.06367e-06
pi2_0_0_0_0_l_0_0_0_0_0_0_0_0_0_0_0_0_0_0_0 = 3.90496e-06
pi2_0_0_0_0_l_0_0_0_0_0_0_0_0_0_0_0_0_0_0_0_0 = 3.75149e-06
pi2_0_0_0_0_l_0_0_0_0_0_0_0_0_0_0_0_0_0_0_0_0_0 = 3.62111e-06
pi2_0_0_0_0_l_0_0_0_0_0_0_0_0_0_0_0_0_0_0_0_0_0_0 = 3.47971e-06
pi2_0_0_0_0_l_0_0_0_0_0_0_0_0_0_0_0_0_0_0_0_0_0_0_0 = 3.38569e-06
pi2_0_0_0_0_l_0_0_0_0_0_0_0_0_0_0_0_0_0_0_0_0_0_0_0_0 = 3.22448e-06
