DD_0_0 = 1.1499e-06
DD_0_0_l_0 = 1.55065e-06
DD_0_0_l_0_0 = 8.52787e-07
Dr_0_0 = 1.2176e-06
Dr_0_0_l_0 = 1.54487e-06
Dr_0_0_l_0_0 = 2.03607e-06
Dr_0_0_l_0_0_0 = 1.57177e-06
Hl_0_0 = 0.00173386
Hl_0_0_l_0 = 0.00165322
Hl_0_0_l_0_0 = 0.00124998
Hr_0_0 = 0.00999381
I = 1
pi2_0_0_0_0 = 1.76405e-05
pi2_0_0_0_0_l_0 = 1.69125e-05
pi2_0_0_0_0_l_0_0 = 1.27197e-05
