DD_0_0 = 1.13145e-06
DD_0_0_l_0 = 1.32841e-06
DD_0_0_l_0_0 = 7.49757e-07
Dr_0_0 = 1.14007e-06
Dr_0_0_l_0 = 1.35081e-06
Dr_0_0_l_0_0 = 1.67393e-06
Dr_0_0_l_0_0_0 = 1.29806e-06
Hl_0_0 = 0.00173386
Hl_0_0_l_0 = 0.00165322
Hl_0_0_l_0_0 = 0.00124998
Hr_0_0 = 0.0099942
I = 1
pi2_0_0_0_0 = 1.75895e-05
pi2_0_0_0_0_l_0 = 1.68237e-05
pi2_0_0_0_0_l_0_0 = 1.267e-05
