DD_0_0 = 1.95023e-06
DD_0_0_l_0 = 1.25865e-06
DD_0_0_l_0_0 = 9.21903e-07
DD_0_0_l_0_0_0 = 7.07779e-07
DD_0_0_l_0_0_0_0 = 5.62918e-07
DD_0_0_l_0_0_0_0_0 = 4.61003e-07
DD_0_0_l_0_0_0_0_0_0 = 3.82775e-07
DD_0_0_l_0_0_0_0_0_0_0 = 3.26517e-07
DD_0_0_l_0_0_0_0_0_0_0_0 = 2.76937e-07
DD_0_0_l_0_0_0_0_0_0_0_0_0 = 2.46381e-07
DD_0_0_l_0_0_0_0_0_0_0_0_0_0 = 2.04512e-07
Dr_0_0 = 2.2623e-06
Dr_0_0_l_0 = 2.09055e-06
Dr_0_0_l_0_0 = 1.79987e-06
Dr_0_0_l_0_0_0 = 1.58036e-06
Dr_0_0_l_0_0_0_0 = 1.38926e-06
Dr_0_0_l_0_0_0_0_0 = 1.2366e-06
Dr_0_0_l_0_0_0_0_0_0 = 1.1062e-06
Dr_0_0_l_0_0_0_0_0_0_0 = 9.99341e-07
Dr_0_0_l_0_0_0_0_0_0_0_0 = 9.03772e-07
Dr_0_0_l_0_0_0_0_0_0_0_0_0 = 8.3186e-07
Dr_0_0_l_0_0_0_0_0_0_0_0_0_0 = 7.45306e-07
Dr_0_0_l_0_0_0_0_0_0_0_0_0_0_0 = 6.80989e-07
Hl_0_0 = 0.00199689
Hl_0_0_l_0 = 0.00160062
Hl_0_0_l_0_0 = 0.0013587
Hl_0_0_l_0_0_0 = 0.00118475
Hl_0_0_l_0_0_0_0 = 0.00105152
Hl_0_0_l_0_0_0_0_0 = 0.000948399
Hl_0_0_l_0_0_0_0_0_0 = 0.00086138
Hl_0_0_l_0_0_0_0_0_0_0 = 0.000793951
Hl_0_0_l_0_0_0_0_0_0_0_0 = 0.000729193
Hl_0_0_l_0_0_0_0_0_0_0_0_0 = 0.000687295
Hl_0_0_l_0_0_0_0_0_0_0_0_0_0 = 0.000624942
Hr_0_0 = 0.00998859
I = 1
pi2_0_0_0_0 = 2.02459e-05
pi2_0_0_0_0_l_0 = 1.61748e-05
pi2_0_0_0_0_l_0_0 = 1.36981e-05
pi2_0_0_0_0_l_0_0_0 = 1.19258e-05
pi2_0_0_0_0_l_0_0_0_0 = 1.05717e-05
pi2_0_0_0_0_l_0_0_0_0_0 = 9.52575e-06
pi2_0_0_0_0_l_0_0_0_0_0_0 = 8.64556e-06
pi2_0_0_0_0_l_0_0_0_0_0_0_0 = 7.96303e-06
pi2_0_0_0_0_l_0_0_0_0_0_0_0_0 = 7.31116e-06
pi2_0_0_0_0_l_0_0_0_0_0_0_0_0_0 = 6.88587e-06
pi2_0_0_0_0_l_0_0_0_0_0_0_0_0_0_0 = 6.25972e-06
