D^2   = 4.993934734166877e-09
Dz    = 7.020432340478175e-09
pi(A) = 0.00019933600945674926
pi(B) = 0.0020000000000000126
pi2   = 9.979002276595336e-08
