DD_0_0 = 6.74034e-07
DD_0_0_l_0 = 4.91627e-07
DD_0_0_l_0_0 = 3.86758e-07
DD_0_0_l_0_0_0 = 3.15204e-07
DD_0_0_l_0_0_0_0 = 2.62923e-07
DD_0_0_l_0_0_0_0_0 = 2.24281e-07
DD_0_0_l_0_0_0_0_0_0 = 1.92971e-07
DD_0_0_l_0_0_0_0_0_0_0 = 1.69702e-07
DD_0_0_l_0_0_0_0_0_0_0_0 = 1.4816e-07
DD_0_0_l_0_0_0_0_0_0_0_0_0 = 1.34724e-07
DD_0_0_l_0_0_0_0_0_0_0_0_0_0 = 1.15397e-07
Dr_0_0 = 3.70304e-07
Dr_0_0_l_0 = 3.85174e-07
Dr_0_0_l_0_0 = 3.67941e-07
Dr_0_0_l_0_0_0 = 3.47268e-07
Dr_0_0_l_0_0_0_0 = 3.25367e-07
Dr_0_0_l_0_0_0_0_0 = 3.04445e-07
Dr_0_0_l_0_0_0_0_0_0 = 2.85323e-07
Dr_0_0_l_0_0_0_0_0_0_0 = 2.67278e-07
Dr_0_0_l_0_0_0_0_0_0_0_0 = 2.51388e-07
Dr_0_0_l_0_0_0_0_0_0_0_0_0 = 2.36658e-07
Dr_0_0_l_0_0_0_0_0_0_0_0_0_0 = 2.21891e-07
Dr_0_0_l_0_0_0_0_0_0_0_0_0_0_0 = 2.06928e-07
Hl_0_0 = 0.00199689
Hl_0_0_l_0 = 0.00160062
Hl_0_0_l_0_0 = 0.0013587
Hl_0_0_l_0_0_0 = 0.00118475
Hl_0_0_l_0_0_0_0 = 0.00105152
Hl_0_0_l_0_0_0_0_0 = 0.000948399
Hl_0_0_l_0_0_0_0_0_0 = 0.00086138
Hl_0_0_l_0_0_0_0_0_0_0 = 0.000793951
Hl_0_0_l_0_0_0_0_0_0_0_0 = 0.000729193
Hl_0_0_l_0_0_0_0_0_0_0_0_0 = 0.000687295
Hl_0_0_l_0_0_0_0_0_0_0_0_0_0 = 0.000624942
Hr_0_0 = 0.00999805
I = 1
pi2_0_0_0_0 = 2.0032e-05
pi2_0_0_0_0_l_0 = 1.60532e-05
pi2_0_0_0_0_l_0_0 = 1.36227e-05
pi2_0_0_0_0_l_0_0_0 = 1.18758e-05
pi2_0_0_0_0_l_0_0_0_0 = 1.0538e-05
pi2_0_0_0_0_l_0_0_0_0_0 = 9.50273e-06
pi2_0_0_0_0_l_0_0_0_0_0_0 = 8.62935e-06
pi2_0_0_0_0_l_0_0_0_0_0_0_0 = 7.95266e-06
pi2_0_0_0_0_l_0_0_0_0_0_0_0_0 = 7.30314e-06
pi2_0_0_0_0_l_0_0_0_0_0_0_0_0_0 = 6.8825e-06
pi2_0_0_0_0_l_0_0_0_0_0_0_0_0_0_0 = 6.25746e-06
