DD_0_0 = 6.75108e-07
DD_0_0_l_0 = 4.91377e-07
DD_0_0_l_0_0 = 3.8716e-07
DD_0_0_l_0_0_0 = 3.14955e-07
DD_0_0_l_0_0_0_0 = 2.63275e-07
DD_0_0_l_0_0_0_0_0 = 2.23938e-07
DD_0_0_l_0_0_0_0_0_0 = 1.93466e-07
DD_0_0_l_0_0_0_0_0_0_0 = 1.69039e-07
DD_0_0_l_0_0_0_0_0_0_0_0 = 1.49247e-07
DD_0_0_l_0_0_0_0_0_0_0_0_0 = 1.32837e-07
DD_0_0_l_0_0_0_0_0_0_0_0_0_0 = 1.19135e-07
DD_0_0_l_0_0_0_0_0_0_0_0_0_0_0 = 1.07496e-07
DD_0_0_l_0_0_0_0_0_0_0_0_0_0_0_0 = 9.75634e-08
DD_0_0_l_0_0_0_0_0_0_0_0_0_0_0_0_0 = 8.89714e-08
DD_0_0_l_0_0_0_0_0_0_0_0_0_0_0_0_0_0 = 8.15142e-08
DD_0_0_l_0_0_0_0_0_0_0_0_0_0_0_0_0_0_0 = 7.49719e-08
DD_0_0_l_0_0_0_0_0_0_0_0_0_0_0_0_0_0_0_0 = 6.9212e-08
DD_0_0_l_0_0_0_0_0_0_0_0_0_0_0_0_0_0_0_0_0 = 6.41175e-08
DD_0_0_l_0_0_0_0_0_0_0_0_0_0_0_0_0_0_0_0_0_0 = 5.95208e-08
DD_0_0_l_0_0_0_0_0_0_0_0_0_0_0_0_0_0_0_0_0_0_0 = 5.5649e-08
DD_0_0_l_0_0_0_0_0_0_0_0_0_0_0_0_0_0_0_0_0_0_0_0 = 5.1193e-08
Dr_0_0 = 3.71055e-07
Dr_0_0_l_0 = 3.85368e-07
Dr_0_0_l_0_0 = 3.68041e-07
Dr_0_0_l_0_0_0 = 3.47463e-07
Dr_0_0_l_0_0_0_0 = 3.25319e-07
Dr_0_0_l_0_0_0_0_0 = 3.04671e-07
Dr_0_0_l_0_0_0_0_0_0 = 2.85179e-07
Dr_0_0_l_0_0_0_0_0_0_0 = 2.67533e-07
Dr_0_0_l_0_0_0_0_0_0_0_0 = 2.51263e-07
Dr_0_0_l_0_0_0_0_0_0_0_0_0 = 2.36571e-07
Dr_0_0_l_0_0_0_0_0_0_0_0_0_0 = 2.23073e-07
Dr_0_0_l_0_0_0_0_0_0_0_0_0_0_0 = 2.10839e-07
Dr_0_0_l_0_0_0_0_0_0_0_0_0_0_0_0 = 1.99576e-07
Dr_0_0_l_0_0_0_0_0_0_0_0_0_0_0_0_0 = 1.89316e-07
Dr_0_0_l_0_0_0_0_0_0_0_0_0_0_0_0_0_0 = 1.79834e-07
Dr_0_0_l_0_0_0_0_0_0_0_0_0_0_0_0_0_0_0 = 1.71151e-07
Dr_0_0_l_0_0_0_0_0_0_0_0_0_0_0_0_0_0_0_0 = 1.63089e-07
Dr_0_0_l_0_0_0_0_0_0_0_0_0_0_0_0_0_0_0_0_0 = 1.55685e-07
Dr_0_0_l_0_0_0_0_0_0_0_0_0_0_0_0_0_0_0_0_0_0 = 1.48718e-07
Dr_0_0_l_0_0_0_0_0_0_0_0_0_0_0_0_0_0_0_0_0_0_0 = 1.42564e-07
Dr_0_0_l_0_0_0_0_0_0_0_0_0_0_0_0_0_0_0_0_0_0_0_0 = 1.35546e-07
Dr_0_0_l_0_0_0_0_0_0_0_0_0_0_0_0_0_0_0_0_0_0_0_0_0 = 1.29819e-07
Hl_0_0 = 0.00199909
Hl_0_0_l_0 = 0.00160018
Hl_0_0_l_0_0 = 0.00135961
Hl_0_0_l_0_0_0 = 0.0011842
Hl_0_0_l_0_0_0_0 = 0.0010524
Hl_0_0_l_0_0_0_0_0 = 0.00094752
Hl_0_0_l_0_0_0_0_0_0 = 0.000862749
Hl_0_0_l_0_0_0_0_0_0_0 = 0.000792034
Hl_0_0_l_0_0_0_0_0_0_0_0 = 0.000732507
Hl_0_0_l_0_0_0_0_0_0_0_0_0 = 0.000681329
Hl_0_0_l_0_0_0_0_0_0_0_0_0_0 = 0.000637081
Hl_0_0_l_0_0_0_0_0_0_0_0_0_0_0 = 0.000598222
Hl_0_0_l_0_0_0_0_0_0_0_0_0_0_0_0 = 0.000563976
Hl_0_0_l_0_0_0_0_0_0_0_0_0_0_0_0_0 = 0.000533421
Hl_0_0_l_0_0_0_0_0_0_0_0_0_0_0_0_0_0 = 0.000506098
Hl_0_0_l_0_0_0_0_0_0_0_0_0_0_0_0_0_0_0 = 0.000481425
Hl_0_0_l_0_0_0_0_0_0_0_0_0_0_0_0_0_0_0_0 = 0.000459085
Hl_0_0_l_0_0_0_0_0_0_0_0_0_0_0_0_0_0_0_0_0 = 0.000438789
Hl_0_0_l_0_0_0_0_0_0_0_0_0_0_0_0_0_0_0_0_0_0 = 0.000419969
Hl_0_0_l_0_0_0_0_0_0_0_0_0_0_0_0_0_0_0_0_0_0_0 = 0.000403756
Hl_0_0_l_0_0_0_0_0_0_0_0_0_0_0_0_0_0_0_0_0_0_0_0 = 0.000384542
Hr_0_0 = 0.00999804
I = 1
pi2_0_0_0_0 = 2.00539e-05
pi2_0_0_0_0_l_0 = 1.60487e-05
pi2_0_0_0_0_l_0_0 = 1.36318e-05
pi2_0_0_0_0_l_0_0_0 = 1.18702e-05
pi2_0_0_0_0_l_0_0_0_0 = 1.05468e-05
pi2_0_0_0_0_l_0_0_0_0_0 = 9.4939e-06
pi2_0_0_0_0_l_0_0_0_0_0_0 = 8.64305e-06
pi2_0_0_0_0_l_0_0_0_0_0_0_0 = 7.93347e-06
pi2_0_0_0_0_l_0_0_0_0_0_0_0_0 = 7.33624e-06
pi2_0_0_0_0_l_0_0_0_0_0_0_0_0_0 = 6.8229e-06
pi2_0_0_0_0_l_0_0_0_0_0_0_0_0_0_0 = 6.37912e-06
pi2_0_0_0_0_l_0_0_0_0_0_0_0_0_0_0_0 = 5.98947e-06
pi2_0_0_0_0_l_0_0_0_0_0_0_0_0_0_0_0_0 = 5.64611e-06
pi2_0_0_0_0_l_0_0_0_0_0_0_0_0_0_0_0_0_0 = 5.33981e-06
pi2_0_0_0_0_l_0_0_0_0_0_0_0_0_0_0_0_0_0_0 = 5.06593e-06
pi2_0_0_0_0_l_0_0_0_0_0_0_0_0_0_0_0_0_0_0_0 = 4.81865e-06
pi2_0_0_0_0_l_0_0_0_0_0_0_0_0_0_0_0_0_0_0_0_0 = 4.59477e-06
pi2_0_0_0_0_l_0_0_0_0_0_0_0_0_0_0_0_0_0_0_0_0_0 = 4.3914e-06
pi2_0_0_0_0_l_0_0_0_0_0_0_0_0_0_0_0_0_0_0_0_0_0_0 = 4.20285e-06
pi2_0_0_0_0_l_0_0_0_0_0_0_0_0_0_0_0_0_0_0_0_0_0_0_0 = 4.04036e-06
pi2_0_0_0_0_l_0_0_0_0_0_0_0_0_0_0_0_0_0_0_0_0_0_0_0_0 = 3.84794e-06
