DD_0_0 = 5.44137e-07
DD_0_0_l_0 = 5.22436e-07
DD_0_0_l_0_0 = 3.41194e-07
Dr_0_0 = 2.88473e-07
Dr_0_0_l_0 = 3.38164e-07
Dr_0_0_l_0_0 = 4.06496e-07
Dr_0_0_l_0_0_0 = 3.35311e-07
Hl_0_0 = 0.00173386
Hl_0_0_l_0 = 0.00165322
Hl_0_0_l_0_0 = 0.00124998
Hr_0_0 = 0.00999846
I = 1
pi2_0_0_0_0 = 1.73995e-05
pi2_0_0_0_0_l_0 = 1.66017e-05
pi2_0_0_0_0_l_0_0 = 1.25423e-05
