DD_0_0 = 2.38061e-07
DD_0_0_l_0 = 2.19903e-07
DD_0_0_l_0_0 = 1.8059e-07
DD_0_0_l_0_0_0 = 1.64787e-07
DD_0_0_l_0_0_0_0 = 1.39731e-07
DD_0_0_l_0_0_0_0_0 = 1.29502e-07
DD_0_0_l_0_0_0_0_0_0 = 1.11458e-07
DD_0_0_l_0_0_0_0_0_0_0 = 1.05235e-07
DD_0_0_l_0_0_0_0_0_0_0_0 = 9.09149e-08
DD_0_0_l_0_0_0_0_0_0_0_0_0 = 8.78628e-08
DD_0_0_l_0_0_0_0_0_0_0_0_0_0 = 7.52161e-08
Dr_0_0 = 1.99854e-07
Dr_0_0_l_0 = 2.16285e-07
Dr_0_0_l_0_0 = 2.06981e-07
Dr_0_0_l_0_0_0 = 2.00366e-07
Dr_0_0_l_0_0_0_0 = 1.92299e-07
Dr_0_0_l_0_0_0_0_0 = 1.82914e-07
Dr_0_0_l_0_0_0_0_0_0 = 1.75962e-07
Dr_0_0_l_0_0_0_0_0_0_0 = 1.66742e-07
Dr_0_0_l_0_0_0_0_0_0_0_0 = 1.60462e-07
Dr_0_0_l_0_0_0_0_0_0_0_0_0 = 1.52703e-07
Dr_0_0_l_0_0_0_0_0_0_0_0_0_0 = 1.45846e-07
Dr_0_0_l_0_0_0_0_0_0_0_0_0_0_0 = 1.36988e-07
Hl_0_0 = 0.000963273
Hl_0_0_l_0 = 0.000903672
Hl_0_0_l_0_0 = 0.000807018
Hl_0_0_l_0_0_0 = 0.000757883
Hl_0_0_l_0_0_0_0 = 0.000689482
Hl_0_0_l_0_0_0_0_0 = 0.000655232
Hl_0_0_l_0_0_0_0_0_0 = 0.000601577
Hl_0_0_l_0_0_0_0_0_0_0 = 0.00057885
Hl_0_0_l_0_0_0_0_0_0_0_0 = 0.000532782
Hl_0_0_l_0_0_0_0_0_0_0_0_0 = 0.000520432
Hl_0_0_l_0_0_0_0_0_0_0_0_0_0 = 0.000476151
Hr_0_0 = 0.0099979
I = 1
pi2_0_0_0_0 = 9.65584e-06
pi2_0_0_0_0_l_0 = 9.05329e-06
pi2_0_0_0_0_l_0_0 = 8.08336e-06
pi2_0_0_0_0_l_0_0_0 = 7.58992e-06
pi2_0_0_0_0_l_0_0_0_0 = 6.904e-06
pi2_0_0_0_0_l_0_0_0_0_0 = 6.56027e-06
pi2_0_0_0_0_l_0_0_0_0_0_0 = 6.02256e-06
pi2_0_0_0_0_l_0_0_0_0_0_0_0 = 5.79441e-06
pi2_0_0_0_0_l_0_0_0_0_0_0_0_0 = 5.33303e-06
pi2_0_0_0_0_l_0_0_0_0_0_0_0_0_0 = 5.2088e-06
pi2_0_0_0_0_l_0_0_0_0_0_0_0_0_0_0 = 4.7654e-06
