DD_0_0 = 7.15568e-07
DD_0_0_l_0 = 4.81939e-07
DD_0_0_l_0_0 = 4.0231e-07
DD_0_0_l_0_0_0 = 3.056e-07
DD_0_0_l_0_0_0_0 = 2.76411e-07
DD_0_0_l_0_0_0_0_0 = 2.11308e-07
Dr_0_0 = 3.99327e-07
Dr_0_0_l_0 = 3.92776e-07
Dr_0_0_l_0_0 = 3.71643e-07
Dr_0_0_l_0_0_0 = 3.55109e-07
Dr_0_0_l_0_0_0_0 = 3.22859e-07
Dr_0_0_l_0_0_0_0_0 = 3.14415e-07
Dr_0_0_l_0_0_0_0_0_0 = 2.79039e-07
Hl_0_0 = 0.00208224
Hl_0_0_l_0 = 0.00158355
Hl_0_0_l_0_0 = 0.00139397
Hl_0_0_l_0_0_0 = 0.00116358
Hl_0_0_l_0_0_0_0 = 0.00108553
Hl_0_0_l_0_0_0_0_0 = 0.00091439
Hr_0_0 = 0.0099979
I = 1
pi2_0_0_0_0 = 2.08827e-05
pi2_0_0_0_0_l_0 = 1.58785e-05
pi2_0_0_0_0_l_0_0 = 1.39753e-05
pi2_0_0_0_0_l_0_0_0 = 1.16618e-05
pi2_0_0_0_0_l_0_0_0_0 = 1.08782e-05
pi2_0_0_0_0_l_0_0_0_0_0 = 9.16143e-06
