DD_0_0 = 9.4756e-08
DD_0_0_l_0 = 7.47634e-08
DD_0_0_l_0_0 = 6.25644e-08
DD_0_0_l_0_0_0 = 5.38149e-08
DD_0_0_l_0_0_0_0 = 4.71324e-08
DD_0_0_l_0_0_0_0_0 = 4.19737e-08
DD_0_0_l_0_0_0_0_0_0 = 3.76387e-08
DD_0_0_l_0_0_0_0_0_0_0 = 3.42854e-08
DD_0_0_l_0_0_0_0_0_0_0_0 = 3.10882e-08
DD_0_0_l_0_0_0_0_0_0_0_0_0 = 2.901e-08
DD_0_0_l_0_0_0_0_0_0_0_0_0_0 = 2.59696e-08
Dr_0_0 = 8.69818e-09
Dr_0_0_l_0 = 1.01499e-08
Dr_0_0_l_0_0 = 1.08268e-08
Dr_0_0_l_0_0_0 = 1.12141e-08
Dr_0_0_l_0_0_0_0 = 1.14101e-08
Dr_0_0_l_0_0_0_0_0 = 1.14926e-08
Dr_0_0_l_0_0_0_0_0_0 = 1.15074e-08
Dr_0_0_l_0_0_0_0_0_0_0 = 1.14538e-08
Dr_0_0_l_0_0_0_0_0_0_0_0 = 1.14014e-08
Dr_0_0_l_0_0_0_0_0_0_0_0_0 = 1.12382e-08
Dr_0_0_l_0_0_0_0_0_0_0_0_0_0 = 1.13239e-08
Dr_0_0_l_0_0_0_0_0_0_0_0_0_0_0 = 1.09624e-08
Hl_0_0 = 0.00199689
Hl_0_0_l_0 = 0.00160062
Hl_0_0_l_0_0 = 0.0013587
Hl_0_0_l_0_0_0 = 0.00118475
Hl_0_0_l_0_0_0_0 = 0.00105152
Hl_0_0_l_0_0_0_0_0 = 0.000948399
Hl_0_0_l_0_0_0_0_0_0 = 0.00086138
Hl_0_0_l_0_0_0_0_0_0_0 = 0.000793951
Hl_0_0_l_0_0_0_0_0_0_0_0 = 0.000729193
Hl_0_0_l_0_0_0_0_0_0_0_0_0 = 0.000687295
Hl_0_0_l_0_0_0_0_0_0_0_0_0_0 = 0.000624942
Hr_0_0 = 0.00999986
I = 1
pi2_0_0_0_0 = 1.99705e-05
pi2_0_0_0_0_l_0 = 1.60075e-05
pi2_0_0_0_0_l_0_0 = 1.35881e-05
pi2_0_0_0_0_l_0_0_0 = 1.18485e-05
pi2_0_0_0_0_l_0_0_0_0 = 1.05161e-05
pi2_0_0_0_0_l_0_0_0_0_0 = 9.48478e-06
pi2_0_0_0_0_l_0_0_0_0_0_0 = 8.61449e-06
pi2_0_0_0_0_l_0_0_0_0_0_0_0 = 7.94015e-06
pi2_0_0_0_0_l_0_0_0_0_0_0_0_0 = 7.29249e-06
pi2_0_0_0_0_l_0_0_0_0_0_0_0_0_0 = 6.87349e-06
pi2_0_0_0_0_l_0_0_0_0_0_0_0_0_0_0 = 6.24988e-06
