DD_0_0 = 4.35206e-08
DD_0_0_l_0 = 4.04691e-08
DD_0_0_l_0_0 = 3.55586e-08
DD_0_0_l_0_0_0 = 3.30689e-08
DD_0_0_l_0_0_0_0 = 2.96263e-08
DD_0_0_l_0_0_0_0_0 = 2.79009e-08
DD_0_0_l_0_0_0_0_0_0 = 2.52285e-08
DD_0_0_l_0_0_0_0_0_0_0 = 2.40871e-08
DD_0_0_l_0_0_0_0_0_0_0_0 = 2.18189e-08
DD_0_0_l_0_0_0_0_0_0_0_0_0 = 2.11946e-08
DD_0_0_l_0_0_0_0_0_0_0_0_0_0 = 1.90373e-08
Dr_0_0 = 7.62074e-09
Dr_0_0_l_0 = 8.4689e-09
Dr_0_0_l_0_0 = 8.7495e-09
Dr_0_0_l_0_0_0 = 9.04968e-09
Dr_0_0_l_0_0_0_0 = 9.18863e-09
Dr_0_0_l_0_0_0_0_0 = 9.28243e-09
Dr_0_0_l_0_0_0_0_0_0 = 9.35302e-09
Dr_0_0_l_0_0_0_0_0_0_0 = 9.32131e-09
Dr_0_0_l_0_0_0_0_0_0_0_0 = 9.38434e-09
Dr_0_0_l_0_0_0_0_0_0_0_0_0 = 9.2109e-09
Dr_0_0_l_0_0_0_0_0_0_0_0_0_0 = 9.44105e-09
Dr_0_0_l_0_0_0_0_0_0_0_0_0_0_0 = 9.15227e-09
Hl_0_0 = 0.000963273
Hl_0_0_l_0 = 0.000903672
Hl_0_0_l_0_0 = 0.000807018
Hl_0_0_l_0_0_0 = 0.000757883
Hl_0_0_l_0_0_0_0 = 0.000689482
Hl_0_0_l_0_0_0_0_0 = 0.000655232
Hl_0_0_l_0_0_0_0_0_0 = 0.000601577
Hl_0_0_l_0_0_0_0_0_0_0 = 0.00057885
Hl_0_0_l_0_0_0_0_0_0_0_0 = 0.000532782
Hl_0_0_l_0_0_0_0_0_0_0_0_0 = 0.000520432
Hl_0_0_l_0_0_0_0_0_0_0_0_0_0 = 0.000476151
Hr_0_0 = 0.00999982
I = 1
pi2_0_0_0_0 = 9.6335e-06
pi2_0_0_0_0_l_0 = 9.0374e-06
pi2_0_0_0_0_l_0_0 = 8.07076e-06
pi2_0_0_0_0_l_0_0_0 = 7.57938e-06
pi2_0_0_0_0_l_0_0_0_0 = 6.89529e-06
pi2_0_0_0_0_l_0_0_0_0_0 = 6.55277e-06
pi2_0_0_0_0_l_0_0_0_0_0_0 = 6.01617e-06
pi2_0_0_0_0_l_0_0_0_0_0_0_0 = 5.78889e-06
pi2_0_0_0_0_l_0_0_0_0_0_0_0_0 = 5.32815e-06
pi2_0_0_0_0_l_0_0_0_0_0_0_0_0_0 = 5.20465e-06
pi2_0_0_0_0_l_0_0_0_0_0_0_0_0_0_0 = 4.7618e-06
