DD_0_0 = 5.1457e-08
DD_0_0_l_0 = 3.95571e-08
DD_0_0_l_0_0 = 3.83361e-08
DD_0_0_l_0_0_0 = 3.21691e-08
DD_0_0_l_0_0_0_0 = 3.15161e-08
DD_0_0_l_0_0_0_0_0 = 2.69118e-08
Dr_0_0 = 9.14686e-09
Dr_0_0_l_0 = 8.60704e-09
Dr_0_0_l_0_0 = 9.1887e-09
Dr_0_0_l_0_0_0 = 9.23399e-09
Dr_0_0_l_0_0_0_0 = 9.25453e-09
Dr_0_0_l_0_0_0_0_0 = 1.00162e-08
Dr_0_0_l_0_0_0_0_0_0 = 9.53918e-09
Hl_0_0 = 0.00112258
Hl_0_0_l_0 = 0.000887741
Hl_0_0_l_0_0 = 0.000863306
Hl_0_0_l_0_0_0 = 0.000740996
Hl_0_0_l_0_0_0_0 = 0.000728098
Hl_0_0_l_0_0_0_0_0 = 0.000635922
Hr_0_0 = 0.00999981
I = 1
pi2_0_0_0_0 = 1.12262e-05
pi2_0_0_0_0_l_0 = 8.87789e-06
pi2_0_0_0_0_l_0_0 = 8.63356e-06
pi2_0_0_0_0_l_0_0_0 = 7.41037e-06
pi2_0_0_0_0_l_0_0_0_0 = 7.28147e-06
pi2_0_0_0_0_l_0_0_0_0_0 = 6.35963e-06
