DD_0_0 = 8.16629e-08
DD_0_0_l_0 = 7.74806e-08
DD_0_0_l_0_0 = 5.71984e-08
Dr_0_0 = 7.44636e-09
Dr_0_0_l_0 = 9.77716e-09
Dr_0_0_l_0_0 = 1.228e-08
Dr_0_0_l_0_0_0 = 1.10675e-08
Hl_0_0 = 0.00173386
Hl_0_0_l_0 = 0.00165322
Hl_0_0_l_0_0 = 0.00124998
Hr_0_0 = 0.00999986
I = 1
pi2_0_0_0_0 = 1.73402e-05
pi2_0_0_0_0_l_0 = 1.65342e-05
pi2_0_0_0_0_l_0_0 = 1.2501e-05
