D^2   = 4.658470231180193e-11
Dz    = 1.2235885045544955e-10
pi(A) = 1.9816154004710163e-05
pi(B) = 0.0020000000000000126
pi2   = 9.856982010055788e-09
