DD_0_0 = 5.72435e-07
DD_0_0_l_0 = 4.59272e-07
DD_0_0_l_0_0 = 3.7875e-07
DD_0_0_l_0_0_0 = 3.18949e-07
DD_0_0_l_0_0_0_0 = 2.72674e-07
DD_0_0_l_0_0_0_0_0 = 2.36208e-07
DD_0_0_l_0_0_0_0_0_0 = 2.06691e-07
DD_0_0_l_0_0_0_0_0_0_0 = 1.82577e-07
DD_0_0_l_0_0_0_0_0_0_0_0 = 1.62448e-07
DD_0_0_l_0_0_0_0_0_0_0_0_0 = 1.45598e-07
DD_0_0_l_0_0_0_0_0_0_0_0_0_0 = 1.31196e-07
DD_0_0_l_0_0_0_0_0_0_0_0_0_0_0 = 1.18936e-07
DD_0_0_l_0_0_0_0_0_0_0_0_0_0_0_0 = 1.08238e-07
DD_0_0_l_0_0_0_0_0_0_0_0_0_0_0_0_0 = 9.90475e-08
DD_0_0_l_0_0_0_0_0_0_0_0_0_0_0_0_0_0 = 9.08402e-08
DD_0_0_l_0_0_0_0_0_0_0_0_0_0_0_0_0_0_0 = 8.38188e-08
DD_0_0_l_0_0_0_0_0_0_0_0_0_0_0_0_0_0_0_0 = 7.72914e-08
DD_0_0_l_0_0_0_0_0_0_0_0_0_0_0_0_0_0_0_0_0 = 7.19588e-08
DD_0_0_l_0_0_0_0_0_0_0_0_0_0_0_0_0_0_0_0_0_0 = 6.63926e-08
DD_0_0_l_0_0_0_0_0_0_0_0_0_0_0_0_0_0_0_0_0_0_0 = 6.28166e-08
DD_0_0_l_0_0_0_0_0_0_0_0_0_0_0_0_0_0_0_0_0_0_0_0 = 5.68926e-08
Dr_0_0 = 9.39017e-07
Dr_0_0_l_0 = 8.63062e-07
Dr_0_0_l_0_0 = 7.90241e-07
Dr_0_0_l_0_0_0 = 7.24772e-07
Dr_0_0_l_0_0_0_0 = 6.66722e-07
Dr_0_0_l_0_0_0_0_0 = 6.15261e-07
Dr_0_0_l_0_0_0_0_0_0 = 5.69744e-07
Dr_0_0_l_0_0_0_0_0_0_0 = 5.29195e-07
Dr_0_0_l_0_0_0_0_0_0_0_0 = 4.93104e-07
Dr_0_0_l_0_0_0_0_0_0_0_0_0 = 4.60698e-07
Dr_0_0_l_0_0_0_0_0_0_0_0_0_0 = 4.31632e-07
Dr_0_0_l_0_0_0_0_0_0_0_0_0_0_0 = 4.05337e-07
Dr_0_0_l_0_0_0_0_0_0_0_0_0_0_0_0 = 3.81559e-07
Dr_0_0_l_0_0_0_0_0_0_0_0_0_0_0_0_0 = 3.59935e-07
Dr_0_0_l_0_0_0_0_0_0_0_0_0_0_0_0_0_0 = 3.4017e-07
Dr_0_0_l_0_0_0_0_0_0_0_0_0_0_0_0_0_0_0 = 3.22237e-07
Dr_0_0_l_0_0_0_0_0_0_0_0_0_0_0_0_0_0_0_0 = 3.05446e-07
Dr_0_0_l_0_0_0_0_0_0_0_0_0_0_0_0_0_0_0_0_0 = 2.90717e-07
Dr_0_0_l_0_0_0_0_0_0_0_0_0_0_0_0_0_0_0_0_0_0 = 2.75655e-07
Dr_0_0_l_0_0_0_0_0_0_0_0_0_0_0_0_0_0_0_0_0_0_0 = 2.64803e-07
Dr_0_0_l_0_0_0_0_0_0_0_0_0_0_0_0_0_0_0_0_0_0_0_0 = 2.48212e-07
Dr_0_0_l_0_0_0_0_0_0_0_0_0_0_0_0_0_0_0_0_0_0_0_0_0 = 2.3673e-07
Hl_0_0 = 0.000999876
Hl_0_0_l_0 = 0.000900011
Hl_0_0_l_0_0 = 0.000819951
Hl_0_0_l_0_0_0 = 0.000754003
Hl_0_0_l_0_0_0_0 = 0.000698355
Hl_0_0_l_0_0_0_0_0 = 0.000650795
Hl_0_0_l_0_0_0_0_0_0 = 0.000609469
Hl_0_0_l_0_0_0_0_0_0_0 = 0.000573326
Hl_0_0_l_0_0_0_0_0_0_0_0 = 0.00054127
Hl_0_0_l_0_0_0_0_0_0_0_0_0 = 0.000512792
Hl_0_0_l_0_0_0_0_0_0_0_0_0_0 = 0.000487122
Hl_0_0_l_0_0_0_0_0_0_0_0_0_0_0 = 0.000464081
Hl_0_0_l_0_0_0_0_0_0_0_0_0_0_0_0 = 0.000442998
Hl_0_0_l_0_0_0_0_0_0_0_0_0_0_0_0_0 = 0.000423997
Hl_0_0_l_0_0_0_0_0_0_0_0_0_0_0_0_0_0 = 0.00040628
Hl_0_0_l_0_0_0_0_0_0_0_0_0_0_0_0_0_0_0 = 0.000390454
Hl_0_0_l_0_0_0_0_0_0_0_0_0_0_0_0_0_0_0_0 = 0.000375129
Hl_0_0_l_0_0_0_0_0_0_0_0_0_0_0_0_0_0_0_0_0 = 0.000362133
Hl_0_0_l_0_0_0_0_0_0_0_0_0_0_0_0_0_0_0_0_0_0 = 0.000347995
Hl_0_0_l_0_0_0_0_0_0_0_0_0_0_0_0_0_0_0_0_0_0_0 = 0.000338643
Hl_0_0_l_0_0_0_0_0_0_0_0_0_0_0_0_0_0_0_0_0_0_0_0 = 0.000322524
Hr_0_0 = 0.00999051
I = 1
pi2_0_0_0_0 = 1.00403e-05
pi2_0_0_0_0_l_0 = 9.0313e-06
pi2_0_0_0_0_l_0_0 = 8.22331e-06
pi2_0_0_0_0_l_0_0_0 = 7.55844e-06
pi2_0_0_0_0_l_0_0_0_0 = 6.99792e-06
pi2_0_0_0_0_l_0_0_0_0_0 = 6.51923e-06
pi2_0_0_0_0_l_0_0_0_0_0_0 = 6.10357e-06
pi2_0_0_0_0_l_0_0_0_0_0_0_0 = 5.74024e-06
pi2_0_0_0_0_l_0_0_0_0_0_0_0_0 = 5.41817e-06
pi2_0_0_0_0_l_0_0_0_0_0_0_0_0_0 = 5.13216e-06
pi2_0_0_0_0_l_0_0_0_0_0_0_0_0_0_0 = 4.87448e-06
pi2_0_0_0_0_l_0_0_0_0_0_0_0_0_0_0_0 = 4.64325e-06
pi2_0_0_0_0_l_0_0_0_0_0_0_0_0_0_0_0_0 = 4.43177e-06
pi2_0_0_0_0_l_0_0_0_0_0_0_0_0_0_0_0_0_0 = 4.24117e-06
pi2_0_0_0_0_l_0_0_0_0_0_0_0_0_0_0_0_0_0_0 = 4.06359e-06
pi2_0_0_0_0_l_0_0_0_0_0_0_0_0_0_0_0_0_0_0_0 = 3.90487e-06
pi2_0_0_0_0_l_0_0_0_0_0_0_0_0_0_0_0_0_0_0_0_0 = 3.75141e-06
pi2_0_0_0_0_l_0_0_0_0_0_0_0_0_0_0_0_0_0_0_0_0_0 = 3.62102e-06
pi2_0_0_0_0_l_0_0_0_0_0_0_0_0_0_0_0_0_0_0_0_0_0_0 = 3.47963e-06
pi2_0_0_0_0_l_0_0_0_0_0_0_0_0_0_0_0_0_0_0_0_0_0_0_0 = 3.3856e-06
pi2_0_0_0_0_l_0_0_0_0_0_0_0_0_0_0_0_0_0_0_0_0_0_0_0_0 = 3.2244e-06
