DD_0_0 = 1.02977e-06
DD_0_0_l_0 = 4.6284e-07
DD_0_0_l_0_0 = 4.74904e-07
DD_0_0_l_0_0_0 = 3.16122e-07
DD_0_0_l_0_0_0_0 = 3.16231e-07
DD_0_0_l_0_0_0_0_0 = 2.31486e-07
Dr_0_0 = 2.2781e-06
Dr_0_0_l_0 = 1.37587e-06
Dr_0_0_l_0_0 = 1.19234e-06
Dr_0_0_l_0_0_0 = 9.84844e-07
Dr_0_0_l_0_0_0_0 = 8.88569e-07
Dr_0_0_l_0_0_0_0_0 = 7.70869e-07
Dr_0_0_l_0_0_0_0_0_0 = 6.66269e-07
Hl_0_0 = 0.00112258
Hl_0_0_l_0 = 0.000887741
Hl_0_0_l_0_0 = 0.000863306
Hl_0_0_l_0_0_0 = 0.000740996
Hl_0_0_l_0_0_0_0 = 0.000728098
Hl_0_0_l_0_0_0_0_0 = 0.000635922
Hr_0_0 = 0.00997712
I = 1
pi2_0_0_0_0 = 1.09718e-05
pi2_0_0_0_0_l_0 = 8.77136e-06
pi2_0_0_0_0_l_0_0 = 8.53947e-06
pi2_0_0_0_0_l_0_0_0 = 7.3572e-06
pi2_0_0_0_0_l_0_0_0_0 = 7.22202e-06
pi2_0_0_0_0_l_0_0_0_0_0 = 6.322e-06
