DD_0_0 = 1.41293e-07
DD_0_0_l_0 = 4.24488e-07
DD_0_0_l_0_0 = 3.01107e-07
Dr_0_0 = 3.15438e-08
Dr_0_0_l_0 = 2.73092e-07
Dr_0_0_l_0_0 = 5.22939e-07
Dr_0_0_l_0_0_0 = 4.94409e-07
Hl_0_0 = 0.000856304
Hl_0_0_l_0 = 0.000914369
Hl_0_0_l_0_0 = 0.000769222
Hr_0_0 = 0.00999958
I = 1
pi2_0_0_0_0 = 8.64295e-06
pi2_0_0_0_0_l_0 = 9.27733e-06
pi2_0_0_0_0_l_0_0 = 7.77098e-06
