DD_0_0 = -1.61713e-09
DD_0_0_l_0 = 4.644e-09
DD_0_0_l_0_0 = 3.52795e-09
DD_0_0_l_0_0_0 = 4.59801e-09
DD_0_0_l_0_0_0_0 = 4.10956e-09
DD_0_0_l_0_0_0_0_0 = 4.47432e-09
DD_0_0_l_0_0_0_0_0_0 = 4.19087e-09
DD_0_0_l_0_0_0_0_0_0_0 = 4.33302e-09
DD_0_0_l_0_0_0_0_0_0_0_0 = 4.14203e-09
DD_0_0_l_0_0_0_0_0_0_0_0_0 = 4.18914e-09
DD_0_0_l_0_0_0_0_0_0_0_0_0_0 = 4.04823e-09
Dr_0_0 = -1.96113e-08
Dr_0_0_l_0 = -2.64394e-09
Dr_0_0_l_0_0 = -3.0017e-10
Dr_0_0_l_0_0_0 = 2.30533e-09
Dr_0_0_l_0_0_0_0 = 3.52474e-09
Dr_0_0_l_0_0_0_0_0 = 4.31548e-09
Dr_0_0_l_0_0_0_0_0_0 = 5.09092e-09
Dr_0_0_l_0_0_0_0_0_0_0 = 5.35022e-09
Dr_0_0_l_0_0_0_0_0_0_0_0 = 5.89511e-09
Dr_0_0_l_0_0_0_0_0_0_0_0_0 = 5.94462e-09
Dr_0_0_l_0_0_0_0_0_0_0_0_0_0 = 6.35121e-09
Dr_0_0_l_0_0_0_0_0_0_0_0_0_0_0 = 6.58558e-09
Hl_0_0 = 9.19175e-05
Hl_0_0_l_0 = 9.90808e-05
Hl_0_0_l_0_0 = 9.53242e-05
Hl_0_0_l_0_0_0 = 9.71401e-05
Hl_0_0_l_0_0_0_0 = 9.44976e-05
Hl_0_0_l_0_0_0_0_0 = 9.52747e-05
Hl_0_0_l_0_0_0_0_0_0 = 9.31283e-05
Hl_0_0_l_0_0_0_0_0_0_0 = 9.34802e-05
Hl_0_0_l_0_0_0_0_0_0_0_0 = 9.16224e-05
Hl_0_0_l_0_0_0_0_0_0_0_0_0 = 9.17526e-05
Hl_0_0_l_0_0_0_0_0_0_0_0_0_0 = 9.00883e-05
Hr_0_0 = 0.0100019
I = 1
pi2_0_0_0_0 = 9.26514e-07
pi2_0_0_0_0_l_0 = 9.95639e-07
pi2_0_0_0_0_l_0_0 = 9.56564e-07
pi2_0_0_0_0_l_0_0_0 = 9.74339e-07
pi2_0_0_0_0_l_0_0_0_0 = 9.47206e-07
pi2_0_0_0_0_l_0_0_0_0_0 = 9.5487e-07
pi2_0_0_0_0_l_0_0_0_0_0_0 = 9.32976e-07
pi2_0_0_0_0_l_0_0_0_0_0_0_0 = 9.3647e-07
pi2_0_0_0_0_l_0_0_0_0_0_0_0_0 = 9.17594e-07
pi2_0_0_0_0_l_0_0_0_0_0_0_0_0_0 = 9.18904e-07
pi2_0_0_0_0_l_0_0_0_0_0_0_0_0_0_0 = 9.02049e-07
