DD_0_0 = -1.04294e-08
DD_0_0_l_0 = 4.5985e-09
DD_0_0_l_0_0 = 1.73827e-09
DD_0_0_l_0_0_0 = 4.57583e-09
DD_0_0_l_0_0_0_0 = 3.33216e-09
DD_0_0_l_0_0_0_0_0 = 4.4613e-09
DD_0_0_l_0_0_0_0_0_0 = 3.75386e-09
DD_0_0_l_0_0_0_0_0_0_0 = 4.32473e-09
DD_0_0_l_0_0_0_0_0_0_0_0 = 3.86103e-09
DD_0_0_l_0_0_0_0_0_0_0_0_0 = 4.18367e-09
DD_0_0_l_0_0_0_0_0_0_0_0_0_0 = 3.85192e-09
DD_0_0_l_0_0_0_0_0_0_0_0_0_0_0 = 4.04417e-09
DD_0_0_l_0_0_0_0_0_0_0_0_0_0_0_0 = 3.79246e-09
DD_0_0_l_0_0_0_0_0_0_0_0_0_0_0_0_0 = 3.90865e-09
DD_0_0_l_0_0_0_0_0_0_0_0_0_0_0_0_0_0 = 3.7096e-09
DD_0_0_l_0_0_0_0_0_0_0_0_0_0_0_0_0_0_0 = 3.77809e-09
DD_0_0_l_0_0_0_0_0_0_0_0_0_0_0_0_0_0_0_0 = 3.61588e-09
DD_0_0_l_0_0_0_0_0_0_0_0_0_0_0_0_0_0_0_0_0 = 3.65284e-09
DD_0_0_l_0_0_0_0_0_0_0_0_0_0_0_0_0_0_0_0_0_0 = 3.51769e-09
DD_0_0_l_0_0_0_0_0_0_0_0_0_0_0_0_0_0_0_0_0_0_0 = 3.53296e-09
DD_0_0_l_0_0_0_0_0_0_0_0_0_0_0_0_0_0_0_0_0_0_0_0 = 3.41849e-09
Dr_0_0 = -6.63127e-08
Dr_0_0_l_0 = -1.88628e-08
Dr_0_0_l_0_0 = -1.56212e-08
Dr_0_0_l_0_0_0 = -7.21545e-09
Dr_0_0_l_0_0_0_0 = -5.50878e-09
Dr_0_0_l_0_0_0_0_0 = -2.34535e-09
Dr_0_0_l_0_0_0_0_0_0 = -1.24757e-09
Dr_0_0_l_0_0_0_0_0_0_0 = 2.72116e-10
Dr_0_0_l_0_0_0_0_0_0_0_0 = 1.05241e-09
Dr_0_0_l_0_0_0_0_0_0_0_0_0 = 1.86957e-09
Dr_0_0_l_0_0_0_0_0_0_0_0_0_0 = 2.45865e-09
Dr_0_0_l_0_0_0_0_0_0_0_0_0_0_0 = 2.92061e-09
Dr_0_0_l_0_0_0_0_0_0_0_0_0_0_0_0 = 3.3837e-09
Dr_0_0_l_0_0_0_0_0_0_0_0_0_0_0_0_0 = 3.64598e-09
Dr_0_0_l_0_0_0_0_0_0_0_0_0_0_0_0_0_0 = 4.02085e-09
Dr_0_0_l_0_0_0_0_0_0_0_0_0_0_0_0_0_0_0 = 4.16243e-09
Dr_0_0_l_0_0_0_0_0_0_0_0_0_0_0_0_0_0_0_0 = 4.47272e-09
Dr_0_0_l_0_0_0_0_0_0_0_0_0_0_0_0_0_0_0_0_0 = 4.53744e-09
Dr_0_0_l_0_0_0_0_0_0_0_0_0_0_0_0_0_0_0_0_0_0 = 4.79884e-09
Dr_0_0_l_0_0_0_0_0_0_0_0_0_0_0_0_0_0_0_0_0_0_0 = 4.81269e-09
Dr_0_0_l_0_0_0_0_0_0_0_0_0_0_0_0_0_0_0_0_0_0_0_0 = 5.03614e-09
Dr_0_0_l_0_0_0_0_0_0_0_0_0_0_0_0_0_0_0_0_0_0_0_0_0 = 5.17355e-09
Hl_0_0 = 8.84926e-05
Hl_0_0_l_0 = 9.91151e-05
Hl_0_0_l_0_0 = 9.41818e-05
Hl_0_0_l_0_0_0 = 9.71744e-05
Hl_0_0_l_0_0_0_0 = 9.38113e-05
Hl_0_0_l_0_0_0_0_0 = 9.5309e-05
Hl_0_0_l_0_0_0_0_0_0 = 9.26369e-05
Hl_0_0_l_0_0_0_0_0_0_0 = 9.35146e-05
Hl_0_0_l_0_0_0_0_0_0_0_0 = 9.12391e-05
Hl_0_0_l_0_0_0_0_0_0_0_0_0 = 9.17871e-05
Hl_0_0_l_0_0_0_0_0_0_0_0_0_0 = 8.97735e-05
Hl_0_0_l_0_0_0_0_0_0_0_0_0_0_0 = 9.01229e-05
Hl_0_0_l_0_0_0_0_0_0_0_0_0_0_0_0 = 8.82977e-05
Hl_0_0_l_0_0_0_0_0_0_0_0_0_0_0_0_0 = 8.85186e-05
Hl_0_0_l_0_0_0_0_0_0_0_0_0_0_0_0_0_0 = 8.68371e-05
Hl_0_0_l_0_0_0_0_0_0_0_0_0_0_0_0_0_0_0 = 8.69709e-05
Hl_0_0_l_0_0_0_0_0_0_0_0_0_0_0_0_0_0_0_0 = 8.54037e-05
Hl_0_0_l_0_0_0_0_0_0_0_0_0_0_0_0_0_0_0_0_0 = 8.54769e-05
Hl_0_0_l_0_0_0_0_0_0_0_0_0_0_0_0_0_0_0_0_0_0 = 8.40035e-05
Hl_0_0_l_0_0_0_0_0_0_0_0_0_0_0_0_0_0_0_0_0_0_0 = 8.40338e-05
Hl_0_0_l_0_0_0_0_0_0_0_0_0_0_0_0_0_0_0_0_0_0_0_0 = 8.26392e-05
Hr_0_0 = 0.0100065
I = 1
pi2_0_0_0_0 = 9.07021e-07
pi2_0_0_0_0_l_0 = 1.00384e-06
pi2_0_0_0_0_l_0_0 = 9.5128e-07
pi2_0_0_0_0_l_0_0_0 = 9.79473e-07
pi2_0_0_0_0_l_0_0_0_0 = 9.44384e-07
pi2_0_0_0_0_l_0_0_0_0_0 = 9.58692e-07
pi2_0_0_0_0_l_0_0_0_0_0_0 = 9.31115e-07
pi2_0_0_0_0_l_0_0_0_0_0_0_0 = 9.39563e-07
pi2_0_0_0_0_l_0_0_0_0_0_0_0_0 = 9.16232e-07
pi2_0_0_0_0_l_0_0_0_0_0_0_0_0_0 = 9.21532e-07
pi2_0_0_0_0_l_0_0_0_0_0_0_0_0_0_0 = 9.00974e-07
pi2_0_0_0_0_l_0_0_0_0_0_0_0_0_0_0_0 = 9.04365e-07
pi2_0_0_0_0_l_0_0_0_0_0_0_0_0_0_0_0_0 = 8.85786e-07
pi2_0_0_0_0_l_0_0_0_0_0_0_0_0_0_0_0_0_0 = 8.87936e-07
pi2_0_0_0_0_l_0_0_0_0_0_0_0_0_0_0_0_0_0_0 = 8.70856e-07
pi2_0_0_0_0_l_0_0_0_0_0_0_0_0_0_0_0_0_0_0_0 = 8.72162e-07
pi2_0_0_0_0_l_0_0_0_0_0_0_0_0_0_0_0_0_0_0_0_0 = 8.5627e-07
pi2_0_0_0_0_l_0_0_0_0_0_0_0_0_0_0_0_0_0_0_0_0_0 = 8.56988e-07
pi2_0_0_0_0_l_0_0_0_0_0_0_0_0_0_0_0_0_0_0_0_0_0_0 = 8.42065e-07
pi2_0_0_0_0_l_0_0_0_0_0_0_0_0_0_0_0_0_0_0_0_0_0_0_0 = 8.42367e-07
pi2_0_0_0_0_l_0_0_0_0_0_0_0_0_0_0_0_0_0_0_0_0_0_0_0_0 = 8.28259e-07
