DD_0_0 = 4.18561e-09
DD_0_0_l_0 = 4.79665e-09
DD_0_0_l_0_0 = 4.6619e-09
Dr_0_0 = 7.46274e-09
Dr_0_0_l_0 = 8.07269e-09
Dr_0_0_l_0_0 = 8.67156e-09
Dr_0_0_l_0_0_0 = 8.79528e-09
Hl_0_0 = 9.72036e-05
Hl_0_0_l_0 = 9.9028e-05
Hl_0_0_l_0_0 = 9.70872e-05
Hr_0_0 = 0.00999915
I = 1
pi2_0_0_0_0 = 9.72118e-07
pi2_0_0_0_0_l_0 = 9.90566e-07
pi2_0_0_0_0_l_0_0 = 9.71011e-07
