DD_0_0 = -9.57908e-09
DD_0_0_l_0 = 4.68631e-09
DD_0_0_l_0_0 = 1.87268e-09
DD_0_0_l_0_0_0 = 4.59273e-09
DD_0_0_l_0_0_0_0 = 3.36533e-09
DD_0_0_l_0_0_0_0_0 = 4.45432e-09
DD_0_0_l_0_0_0_0_0_0 = 3.75444e-09
DD_0_0_l_0_0_0_0_0_0_0 = 4.30735e-09
DD_0_0_l_0_0_0_0_0_0_0_0 = 3.84778e-09
DD_0_0_l_0_0_0_0_0_0_0_0_0 = 4.16126e-09
DD_0_0_l_0_0_0_0_0_0_0_0_0_0 = 3.83201e-09
DD_0_0_l_0_0_0_0_0_0_0_0_0_0_0 = 4.01927e-09
DD_0_0_l_0_0_0_0_0_0_0_0_0_0_0_0 = 3.76919e-09
DD_0_0_l_0_0_0_0_0_0_0_0_0_0_0_0_0 = 3.8826e-09
DD_0_0_l_0_0_0_0_0_0_0_0_0_0_0_0_0_0 = 3.68468e-09
DD_0_0_l_0_0_0_0_0_0_0_0_0_0_0_0_0_0_0 = 3.75165e-09
DD_0_0_l_0_0_0_0_0_0_0_0_0_0_0_0_0_0_0_0 = 3.59027e-09
DD_0_0_l_0_0_0_0_0_0_0_0_0_0_0_0_0_0_0_0_0 = 3.62647e-09
DD_0_0_l_0_0_0_0_0_0_0_0_0_0_0_0_0_0_0_0_0_0 = 3.49195e-09
DD_0_0_l_0_0_0_0_0_0_0_0_0_0_0_0_0_0_0_0_0_0_0 = 3.50694e-09
DD_0_0_l_0_0_0_0_0_0_0_0_0_0_0_0_0_0_0_0_0_0_0_0 = 3.39295e-09
Dr_0_0 = -6.18714e-08
Dr_0_0_l_0 = -1.66832e-08
Dr_0_0_l_0_0 = -1.39637e-08
Dr_0_0_l_0_0_0 = -5.96283e-09
Dr_0_0_l_0_0_0_0 = -4.50471e-09
Dr_0_0_l_0_0_0_0_0 = -1.49617e-09
Dr_0_0_l_0_0_0_0_0_0 = -5.48274e-10
Dr_0_0_l_0_0_0_0_0_0_0 = 8.9542e-10
Dr_0_0_l_0_0_0_0_0_0_0_0 = 1.57363e-09
Dr_0_0_l_0_0_0_0_0_0_0_0_0 = 2.34884e-09
Dr_0_0_l_0_0_0_0_0_0_0_0_0_0 = 2.86297e-09
Dr_0_0_l_0_0_0_0_0_0_0_0_0_0_0 = 3.3004e-09
Dr_0_0_l_0_0_0_0_0_0_0_0_0_0_0_0 = 3.70558e-09
Dr_0_0_l_0_0_0_0_0_0_0_0_0_0_0_0_0 = 3.95328e-09
Dr_0_0_l_0_0_0_0_0_0_0_0_0_0_0_0_0_0 = 4.28169e-09
Dr_0_0_l_0_0_0_0_0_0_0_0_0_0_0_0_0_0_0 = 4.41479e-09
Dr_0_0_l_0_0_0_0_0_0_0_0_0_0_0_0_0_0_0_0 = 4.68673e-09
Dr_0_0_l_0_0_0_0_0_0_0_0_0_0_0_0_0_0_0_0_0 = 4.74695e-09
Dr_0_0_l_0_0_0_0_0_0_0_0_0_0_0_0_0_0_0_0_0_0 = 4.97597e-09
Dr_0_0_l_0_0_0_0_0_0_0_0_0_0_0_0_0_0_0_0_0_0_0 = 4.98801e-09
Dr_0_0_l_0_0_0_0_0_0_0_0_0_0_0_0_0_0_0_0_0_0_0_0 = 5.18359e-09
Dr_0_0_l_0_0_0_0_0_0_0_0_0_0_0_0_0_0_0_0_0_0_0_0_0 = 5.30105e-09
Hl_0_0 = 8.84926e-05
Hl_0_0_l_0 = 9.91151e-05
Hl_0_0_l_0_0 = 9.41818e-05
Hl_0_0_l_0_0_0 = 9.71744e-05
Hl_0_0_l_0_0_0_0 = 9.38113e-05
Hl_0_0_l_0_0_0_0_0 = 9.5309e-05
Hl_0_0_l_0_0_0_0_0_0 = 9.26369e-05
Hl_0_0_l_0_0_0_0_0_0_0 = 9.35146e-05
Hl_0_0_l_0_0_0_0_0_0_0_0 = 9.12391e-05
Hl_0_0_l_0_0_0_0_0_0_0_0_0 = 9.17871e-05
Hl_0_0_l_0_0_0_0_0_0_0_0_0_0 = 8.97735e-05
Hl_0_0_l_0_0_0_0_0_0_0_0_0_0_0 = 9.01229e-05
Hl_0_0_l_0_0_0_0_0_0_0_0_0_0_0_0 = 8.82977e-05
Hl_0_0_l_0_0_0_0_0_0_0_0_0_0_0_0_0 = 8.85186e-05
Hl_0_0_l_0_0_0_0_0_0_0_0_0_0_0_0_0_0 = 8.68371e-05
Hl_0_0_l_0_0_0_0_0_0_0_0_0_0_0_0_0_0_0 = 8.69709e-05
Hl_0_0_l_0_0_0_0_0_0_0_0_0_0_0_0_0_0_0_0 = 8.54037e-05
Hl_0_0_l_0_0_0_0_0_0_0_0_0_0_0_0_0_0_0_0_0 = 8.54769e-05
Hl_0_0_l_0_0_0_0_0_0_0_0_0_0_0_0_0_0_0_0_0_0 = 8.40035e-05
Hl_0_0_l_0_0_0_0_0_0_0_0_0_0_0_0_0_0_0_0_0_0_0 = 8.40338e-05
Hl_0_0_l_0_0_0_0_0_0_0_0_0_0_0_0_0_0_0_0_0_0_0_0 = 8.26392e-05
Hr_0_0 = 0.0100061
I = 1
pi2_0_0_0_0 = 9.05986e-07
pi2_0_0_0_0_l_0 = 1.00314e-06
pi2_0_0_0_0_l_0_0 = 9.50771e-07
pi2_0_0_0_0_l_0_0_0 = 9.79035e-07
pi2_0_0_0_0_l_0_0_0_0 = 9.44032e-07
pi2_0_0_0_0_l_0_0_0_0_0 = 9.58368e-07
pi2_0_0_0_0_l_0_0_0_0_0_0 = 9.30842e-07
pi2_0_0_0_0_l_0_0_0_0_0_0_0 = 9.39304e-07
pi2_0_0_0_0_l_0_0_0_0_0_0_0_0 = 9.16008e-07
pi2_0_0_0_0_l_0_0_0_0_0_0_0_0_0 = 9.21316e-07
pi2_0_0_0_0_l_0_0_0_0_0_0_0_0_0_0 = 9.00783e-07
pi2_0_0_0_0_l_0_0_0_0_0_0_0_0_0_0_0 = 9.04178e-07
pi2_0_0_0_0_l_0_0_0_0_0_0_0_0_0_0_0_0 = 8.85619e-07
pi2_0_0_0_0_l_0_0_0_0_0_0_0_0_0_0_0_0_0 = 8.87771e-07
pi2_0_0_0_0_l_0_0_0_0_0_0_0_0_0_0_0_0_0_0 = 8.70707e-07
pi2_0_0_0_0_l_0_0_0_0_0_0_0_0_0_0_0_0_0_0_0 = 8.72014e-07
pi2_0_0_0_0_l_0_0_0_0_0_0_0_0_0_0_0_0_0_0_0_0 = 8.56135e-07
pi2_0_0_0_0_l_0_0_0_0_0_0_0_0_0_0_0_0_0_0_0_0_0 = 8.56853e-07
pi2_0_0_0_0_l_0_0_0_0_0_0_0_0_0_0_0_0_0_0_0_0_0_0 = 8.41942e-07
pi2_0_0_0_0_l_0_0_0_0_0_0_0_0_0_0_0_0_0_0_0_0_0_0_0 = 8.42243e-07
pi2_0_0_0_0_l_0_0_0_0_0_0_0_0_0_0_0_0_0_0_0_0_0_0_0_0 = 8.28145e-07
