D^2   = 4.1894575390447746e-11
Dz    = 1.027674986737504e-10
pi(A) = 1.9816154004710163e-05
pi(B) = 0.0020000000000000126
pi2   = 9.85406292207707e-09
