DD_0_0 = 3.18473e-07
DD_0_0_l_0 = 2.06327e-07
DD_0_0_l_0_0 = 2.05241e-07
DD_0_0_l_0_0_0 = 1.55557e-07
DD_0_0_l_0_0_0_0 = 1.54317e-07
DD_0_0_l_0_0_0_0_0 = 1.22e-07
Dr_0_0 = 3.09443e-07
Dr_0_0_l_0 = 2.34628e-07
Dr_0_0_l_0_0 = 2.28506e-07
Dr_0_0_l_0_0_0 = 2.14863e-07
Dr_0_0_l_0_0_0_0 = 1.99105e-07
Dr_0_0_l_0_0_0_0_0 = 1.95558e-07
Dr_0_0_l_0_0_0_0_0_0 = 1.77754e-07
Hl_0_0 = 0.00112258
Hl_0_0_l_0 = 0.000887741
Hl_0_0_l_0_0 = 0.000863306
Hl_0_0_l_0_0_0 = 0.000740996
Hl_0_0_l_0_0_0_0 = 0.000728098
Hl_0_0_l_0_0_0_0_0 = 0.000635922
Hr_0_0 = 0.00999681
I = 1
pi2_0_0_0_0 = 1.12154e-05
pi2_0_0_0_0_l_0 = 8.87939e-06
pi2_0_0_0_0_l_0_0 = 8.6361e-06
pi2_0_0_0_0_l_0_0_0 = 7.41378e-06
pi2_0_0_0_0_l_0_0_0_0 = 7.2843e-06
pi2_0_0_0_0_l_0_0_0_0_0 = 6.36294e-06
