DD_0_0 = 2.36027e-09
DD_0_0_l_0 = 2.48176e-09
DD_0_0_l_0_0 = 2.39249e-09
Dr_0_0 = 2.26596e-09
Dr_0_0_l_0 = 2.38426e-09
Dr_0_0_l_0_0 = 2.45642e-09
Dr_0_0_l_0_0_0 = 2.43777e-09
Hl_0_0 = 9.72036e-05
Hl_0_0_l_0 = 9.9028e-05
Hl_0_0_l_0_0 = 9.70872e-05
Hr_0_0 = 0.00999967
I = 1
pi2_0_0_0_0 = 9.72061e-07
pi2_0_0_0_0_l_0 = 9.90308e-07
pi2_0_0_0_0_l_0_0 = 9.70877e-07
