DD_0_0 = 3.81894e-08
DD_0_0_l_0 = 4.10889e-08
DD_0_0_l_0_0 = 3.36923e-08
Dr_0_0 = 6.61221e-09
Dr_0_0_l_0 = 8.20482e-09
Dr_0_0_l_0_0 = 9.66992e-09
Dr_0_0_l_0_0_0 = 9.09767e-09
Hl_0_0 = 0.000856304
Hl_0_0_l_0 = 0.000914369
Hl_0_0_l_0_0 = 0.000769222
Hr_0_0 = 0.00999983
I = 1
pi2_0_0_0_0 = 8.56396e-06
pi2_0_0_0_0_l_0 = 9.1448e-06
pi2_0_0_0_0_l_0_0 = 7.69292e-06
