DD_0_0 = 1.84308e-09
DD_0_0_l_0 = 2.57522e-09
DD_0_0_l_0_0 = 2.21428e-09
DD_0_0_l_0_0_0 = 2.45177e-09
DD_0_0_l_0_0_0_0 = 2.2303e-09
DD_0_0_l_0_0_0_0_0 = 2.3591e-09
DD_0_0_l_0_0_0_0_0_0 = 2.19793e-09
DD_0_0_l_0_0_0_0_0_0_0 = 2.27869e-09
DD_0_0_l_0_0_0_0_0_0_0_0 = 2.15153e-09
DD_0_0_l_0_0_0_0_0_0_0_0_0 = 2.20542e-09
DD_0_0_l_0_0_0_0_0_0_0_0_0_0 = 2.10038e-09
DD_0_0_l_0_0_0_0_0_0_0_0_0_0_0 = 2.13722e-09
DD_0_0_l_0_0_0_0_0_0_0_0_0_0_0_0 = 2.04796e-09
DD_0_0_l_0_0_0_0_0_0_0_0_0_0_0_0_0 = 2.07305e-09
DD_0_0_l_0_0_0_0_0_0_0_0_0_0_0_0_0_0 = 1.9958e-09
DD_0_0_l_0_0_0_0_0_0_0_0_0_0_0_0_0_0_0 = 2.01229e-09
DD_0_0_l_0_0_0_0_0_0_0_0_0_0_0_0_0_0_0_0 = 1.94465e-09
DD_0_0_l_0_0_0_0_0_0_0_0_0_0_0_0_0_0_0_0_0 = 1.9545e-09
DD_0_0_l_0_0_0_0_0_0_0_0_0_0_0_0_0_0_0_0_0_0 = 1.89489e-09
DD_0_0_l_0_0_0_0_0_0_0_0_0_0_0_0_0_0_0_0_0_0_0 = 1.89939e-09
DD_0_0_l_0_0_0_0_0_0_0_0_0_0_0_0_0_0_0_0_0_0_0_0 = 1.84671e-09
Dr_0_0 = 1.1208e-09
Dr_0_0_l_0 = 2.53058e-09
Dr_0_0_l_0_0 = 2.08301e-09
Dr_0_0_l_0_0_0 = 2.46195e-09
Dr_0_0_l_0_0_0_0 = 2.24352e-09
Dr_0_0_l_0_0_0_0_0 = 2.42442e-09
Dr_0_0_l_0_0_0_0_0_0 = 2.29519e-09
Dr_0_0_l_0_0_0_0_0_0_0 = 2.39597e-09
Dr_0_0_l_0_0_0_0_0_0_0_0 = 2.31202e-09
Dr_0_0_l_0_0_0_0_0_0_0_0_0 = 2.37107e-09
Dr_0_0_l_0_0_0_0_0_0_0_0_0_0 = 2.31353e-09
Dr_0_0_l_0_0_0_0_0_0_0_0_0_0_0 = 2.34779e-09
Dr_0_0_l_0_0_0_0_0_0_0_0_0_0_0_0 = 2.30702e-09
Dr_0_0_l_0_0_0_0_0_0_0_0_0_0_0_0_0 = 2.32533e-09
Dr_0_0_l_0_0_0_0_0_0_0_0_0_0_0_0_0_0 = 2.29582e-09
Dr_0_0_l_0_0_0_0_0_0_0_0_0_0_0_0_0_0_0 = 2.3033e-09
Dr_0_0_l_0_0_0_0_0_0_0_0_0_0_0_0_0_0_0_0 = 2.28168e-09
Dr_0_0_l_0_0_0_0_0_0_0_0_0_0_0_0_0_0_0_0_0 = 2.28155e-09
Dr_0_0_l_0_0_0_0_0_0_0_0_0_0_0_0_0_0_0_0_0_0 = 2.26557e-09
Dr_0_0_l_0_0_0_0_0_0_0_0_0_0_0_0_0_0_0_0_0_0_0 = 2.25998e-09
Dr_0_0_l_0_0_0_0_0_0_0_0_0_0_0_0_0_0_0_0_0_0_0_0 = 2.24813e-09
Dr_0_0_l_0_0_0_0_0_0_0_0_0_0_0_0_0_0_0_0_0_0_0_0_0 = 2.23183e-09
Hl_0_0 = 8.84925e-05
Hl_0_0_l_0 = 9.91151e-05
Hl_0_0_l_0_0 = 9.41818e-05
Hl_0_0_l_0_0_0 = 9.71744e-05
Hl_0_0_l_0_0_0_0 = 9.38113e-05
Hl_0_0_l_0_0_0_0_0 = 9.5309e-05
Hl_0_0_l_0_0_0_0_0_0 = 9.26369e-05
Hl_0_0_l_0_0_0_0_0_0_0 = 9.35146e-05
Hl_0_0_l_0_0_0_0_0_0_0_0 = 9.12391e-05
Hl_0_0_l_0_0_0_0_0_0_0_0_0 = 9.17871e-05
Hl_0_0_l_0_0_0_0_0_0_0_0_0_0 = 8.97735e-05
Hl_0_0_l_0_0_0_0_0_0_0_0_0_0_0 = 9.01229e-05
Hl_0_0_l_0_0_0_0_0_0_0_0_0_0_0_0 = 8.82977e-05
Hl_0_0_l_0_0_0_0_0_0_0_0_0_0_0_0_0 = 8.85186e-05
Hl_0_0_l_0_0_0_0_0_0_0_0_0_0_0_0_0_0 = 8.68371e-05
Hl_0_0_l_0_0_0_0_0_0_0_0_0_0_0_0_0_0_0 = 8.69709e-05
Hl_0_0_l_0_0_0_0_0_0_0_0_0_0_0_0_0_0_0_0 = 8.54037e-05
Hl_0_0_l_0_0_0_0_0_0_0_0_0_0_0_0_0_0_0_0_0 = 8.54769e-05
Hl_0_0_l_0_0_0_0_0_0_0_0_0_0_0_0_0_0_0_0_0_0 = 8.40035e-05
Hl_0_0_l_0_0_0_0_0_0_0_0_0_0_0_0_0_0_0_0_0_0_0 = 8.40338e-05
Hl_0_0_l_0_0_0_0_0_0_0_0_0_0_0_0_0_0_0_0_0_0_0_0 = 8.26392e-05
Hr_0_0 = 0.00999979
I = 1
pi2_0_0_0_0 = 8.85586e-07
pi2_0_0_0_0_l_0 = 9.91372e-07
pi2_0_0_0_0_l_0_0 = 9.42017e-07
pi2_0_0_0_0_l_0_0_0 = 9.71867e-07
pi2_0_0_0_0_l_0_0_0_0 = 9.38223e-07
pi2_0_0_0_0_l_0_0_0_0_0 = 9.53172e-07
pi2_0_0_0_0_l_0_0_0_0_0_0 = 9.26442e-07
pi2_0_0_0_0_l_0_0_0_0_0_0_0 = 9.35205e-07
pi2_0_0_0_0_l_0_0_0_0_0_0_0_0 = 9.12443e-07
pi2_0_0_0_0_l_0_0_0_0_0_0_0_0_0 = 9.17916e-07
pi2_0_0_0_0_l_0_0_0_0_0_0_0_0_0_0 = 8.97774e-07
pi2_0_0_0_0_l_0_0_0_0_0_0_0_0_0_0_0 = 9.01264e-07
pi2_0_0_0_0_l_0_0_0_0_0_0_0_0_0_0_0_0 = 8.83007e-07
pi2_0_0_0_0_l_0_0_0_0_0_0_0_0_0_0_0_0_0 = 8.85213e-07
pi2_0_0_0_0_l_0_0_0_0_0_0_0_0_0_0_0_0_0_0 = 8.68394e-07
pi2_0_0_0_0_l_0_0_0_0_0_0_0_0_0_0_0_0_0_0_0 = 8.6973e-07
pi2_0_0_0_0_l_0_0_0_0_0_0_0_0_0_0_0_0_0_0_0_0 = 8.54056e-07
pi2_0_0_0_0_l_0_0_0_0_0_0_0_0_0_0_0_0_0_0_0_0_0 = 8.54786e-07
pi2_0_0_0_0_l_0_0_0_0_0_0_0_0_0_0_0_0_0_0_0_0_0_0 = 8.4005e-07
pi2_0_0_0_0_l_0_0_0_0_0_0_0_0_0_0_0_0_0_0_0_0_0_0_0 = 8.40352e-07
pi2_0_0_0_0_l_0_0_0_0_0_0_0_0_0_0_0_0_0_0_0_0_0_0_0_0 = 8.26403e-07
