D^2   = -1.9815451107031697e-09
Dz    = -5.830260743022452e-08
pi(A) = 1.98161540047628e-05
pi(B) = 0.0020000000000000044
pi2   = 1.282863963965119e-09
