DD_0_0 = -4.00649e-08
DD_0_0_l_0 = 1.17488e-07
DD_0_0_l_0_0 = 7.28866e-08
DD_0_0_l_0_0_0 = 9.82166e-08
DD_0_0_l_0_0_0_0 = 7.49231e-08
DD_0_0_l_0_0_0_0_0 = 8.29788e-08
DD_0_0_l_0_0_0_0_0_0 = 6.79569e-08
DD_0_0_l_0_0_0_0_0_0_0 = 7.09627e-08
DD_0_0_l_0_0_0_0_0_0_0_0 = 6.03287e-08
DD_0_0_l_0_0_0_0_0_0_0_0_0 = 6.13379e-08
DD_0_0_l_0_0_0_0_0_0_0_0_0_0 = 5.34777e-08
Dr_0_0 = -4.08057e-07
Dr_0_0_l_0 = -1.68791e-08
Dr_0_0_l_0_0 = 1.81533e-08
Dr_0_0_l_0_0_0 = 7.40596e-08
Dr_0_0_l_0_0_0_0 = 8.80142e-08
Dr_0_0_l_0_0_0_0_0 = 1.02236e-07
Dr_0_0_l_0_0_0_0_0_0 = 1.08524e-07
Dr_0_0_l_0_0_0_0_0_0_0 = 1.11212e-07
Dr_0_0_l_0_0_0_0_0_0_0_0 = 1.13857e-07
Dr_0_0_l_0_0_0_0_0_0_0_0_0 = 1.12563e-07
Dr_0_0_l_0_0_0_0_0_0_0_0_0_0 = 1.13164e-07
Dr_0_0_l_0_0_0_0_0_0_0_0_0_0_0 = 1.10093e-07
Hl_0_0 = 0.00044275
Hl_0_0_l_0 = 0.000477862
Hl_0_0_l_0_0 = 0.000433129
Hl_0_0_l_0_0_0 = 0.000435027
Hl_0_0_l_0_0_0_0 = 0.000401539
Hl_0_0_l_0_0_0_0_0 = 0.000399607
Hl_0_0_l_0_0_0_0_0_0 = 0.000371927
Hl_0_0_l_0_0_0_0_0_0_0 = 0.00036981
Hl_0_0_l_0_0_0_0_0_0_0_0 = 0.000345695
Hl_0_0_l_0_0_0_0_0_0_0_0_0 = 0.000344414
Hl_0_0_l_0_0_0_0_0_0_0_0_0_0 = 0.00032256
Hr_0_0 = 0.0100081
I = 1
pi2_0_0_0_0 = 4.58796e-06
pi2_0_0_0_0_l_0 = 4.87226e-06
pi2_0_0_0_0_l_0_0 = 4.3978e-06
pi2_0_0_0_0_l_0_0_0 = 4.40431e-06
pi2_0_0_0_0_l_0_0_0_0 = 4.05729e-06
pi2_0_0_0_0_l_0_0_0_0_0 = 4.03324e-06
pi2_0_0_0_0_l_0_0_0_0_0_0 = 3.74929e-06
pi2_0_0_0_0_l_0_0_0_0_0_0_0 = 3.726e-06
pi2_0_0_0_0_l_0_0_0_0_0_0_0_0 = 3.47993e-06
pi2_0_0_0_0_l_0_0_0_0_0_0_0_0_0 = 3.46623e-06
pi2_0_0_0_0_l_0_0_0_0_0_0_0_0_0_0 = 3.24389e-06
