DD_0_0 = 7.6725e-08
DD_0_0_l_0 = 1.20694e-07
DD_0_0_l_0_0 = 9.73063e-08
DD_0_0_l_0_0_0 = 9.97859e-08
DD_0_0_l_0_0_0_0 = 8.56688e-08
DD_0_0_l_0_0_0_0_0 = 8.39511e-08
DD_0_0_l_0_0_0_0_0_0 = 7.39719e-08
DD_0_0_l_0_0_0_0_0_0_0 = 7.16794e-08
DD_0_0_l_0_0_0_0_0_0_0_0 = 6.40875e-08
DD_0_0_l_0_0_0_0_0_0_0_0_0 = 6.19682e-08
DD_0_0_l_0_0_0_0_0_0_0_0_0_0 = 5.5921e-08
DD_0_0_l_0_0_0_0_0_0_0_0_0_0_0 = 5.41471e-08
DD_0_0_l_0_0_0_0_0_0_0_0_0_0_0_0 = 4.91597e-08
DD_0_0_l_0_0_0_0_0_0_0_0_0_0_0_0_0 = 4.77551e-08
DD_0_0_l_0_0_0_0_0_0_0_0_0_0_0_0_0_0 = 4.35151e-08
DD_0_0_l_0_0_0_0_0_0_0_0_0_0_0_0_0_0_0 = 4.24677e-08
DD_0_0_l_0_0_0_0_0_0_0_0_0_0_0_0_0_0_0_0 = 3.87544e-08
DD_0_0_l_0_0_0_0_0_0_0_0_0_0_0_0_0_0_0_0_0 = 3.80516e-08
DD_0_0_l_0_0_0_0_0_0_0_0_0_0_0_0_0_0_0_0_0_0 = 3.46944e-08
DD_0_0_l_0_0_0_0_0_0_0_0_0_0_0_0_0_0_0_0_0_0_0 = 3.43378e-08
DD_0_0_l_0_0_0_0_0_0_0_0_0_0_0_0_0_0_0_0_0_0_0_0 = 3.11896e-08
Dr_0_0 = 2.15361e-08
Dr_0_0_l_0 = 1.50209e-07
Dr_0_0_l_0_0 = 1.53241e-07
Dr_0_0_l_0_0_0 = 1.66393e-07
Dr_0_0_l_0_0_0_0 = 1.64163e-07
Dr_0_0_l_0_0_0_0_0 = 1.63426e-07
Dr_0_0_l_0_0_0_0_0_0 = 1.5975e-07
Dr_0_0_l_0_0_0_0_0_0_0 = 1.55587e-07
Dr_0_0_l_0_0_0_0_0_0_0_0 = 1.51536e-07
Dr_0_0_l_0_0_0_0_0_0_0_0_0 = 1.46528e-07
Dr_0_0_l_0_0_0_0_0_0_0_0_0_0 = 1.42464e-07
Dr_0_0_l_0_0_0_0_0_0_0_0_0_0_0 = 1.37482e-07
Dr_0_0_l_0_0_0_0_0_0_0_0_0_0_0_0 = 1.33506e-07
Dr_0_0_l_0_0_0_0_0_0_0_0_0_0_0_0_0 = 1.28913e-07
Dr_0_0_l_0_0_0_0_0_0_0_0_0_0_0_0_0_0 = 1.25001e-07
Dr_0_0_l_0_0_0_0_0_0_0_0_0_0_0_0_0_0_0 = 1.20998e-07
Dr_0_0_l_0_0_0_0_0_0_0_0_0_0_0_0_0_0_0_0 = 1.17034e-07
Dr_0_0_l_0_0_0_0_0_0_0_0_0_0_0_0_0_0_0_0_0 = 1.13809e-07
Dr_0_0_l_0_0_0_0_0_0_0_0_0_0_0_0_0_0_0_0_0_0 = 1.09568e-07
Dr_0_0_l_0_0_0_0_0_0_0_0_0_0_0_0_0_0_0_0_0_0_0 = 1.07403e-07
Dr_0_0_l_0_0_0_0_0_0_0_0_0_0_0_0_0_0_0_0_0_0_0_0 = 1.02467e-07
Dr_0_0_l_0_0_0_0_0_0_0_0_0_0_0_0_0_0_0_0_0_0_0_0_0 = 9.88457e-08
Hl_0_0 = 0.000484798
Hl_0_0_l_0 = 0.00047576
Hl_0_0_l_0_0 = 0.000447355
Hl_0_0_l_0_0_0 = 0.000432893
Hl_0_0_l_0_0_0_0 = 0.000410375
Hl_0_0_l_0_0_0_0_0 = 0.000397398
Hl_0_0_l_0_0_0_0_0_0 = 0.000378597
Hl_0_0_l_0_0_0_0_0_0_0 = 0.000367475
Hl_0_0_l_0_0_0_0_0_0_0_0 = 0.000351301
Hl_0_0_l_0_0_0_0_0_0_0_0_0 = 0.000341891
Hl_0_0_l_0_0_0_0_0_0_0_0_0_0 = 0.000327645
Hl_0_0_l_0_0_0_0_0_0_0_0_0_0_0 = 0.000319763
Hl_0_0_l_0_0_0_0_0_0_0_0_0_0_0_0 = 0.000306936
Hl_0_0_l_0_0_0_0_0_0_0_0_0_0_0_0_0 = 0.000300451
Hl_0_0_l_0_0_0_0_0_0_0_0_0_0_0_0_0_0 = 0.000288625
Hl_0_0_l_0_0_0_0_0_0_0_0_0_0_0_0_0_0_0 = 0.000283481
Hl_0_0_l_0_0_0_0_0_0_0_0_0_0_0_0_0_0_0_0 = 0.000272265
Hl_0_0_l_0_0_0_0_0_0_0_0_0_0_0_0_0_0_0_0_0 = 0.000268515
Hl_0_0_l_0_0_0_0_0_0_0_0_0_0_0_0_0_0_0_0_0_0 = 0.00025747
Hl_0_0_l_0_0_0_0_0_0_0_0_0_0_0_0_0_0_0_0_0_0_0 = 0.000255335
Hl_0_0_l_0_0_0_0_0_0_0_0_0_0_0_0_0_0_0_0_0_0_0_0 = 0.000243864
Hr_0_0 = 0.00999947
I = 1
pi2_0_0_0_0 = 4.90899e-06
pi2_0_0_0_0_l_0 = 4.79161e-06
pi2_0_0_0_0_l_0_0 = 4.49914e-06
pi2_0_0_0_0_l_0_0_0 = 4.34875e-06
pi2_0_0_0_0_l_0_0_0_0 = 4.11997e-06
pi2_0_0_0_0_l_0_0_0_0_0 = 3.98757e-06
pi2_0_0_0_0_l_0_0_0_0_0_0 = 3.79758e-06
pi2_0_0_0_0_l_0_0_0_0_0_0_0 = 3.68484e-06
pi2_0_0_0_0_l_0_0_0_0_0_0_0_0 = 3.52185e-06
pi2_0_0_0_0_l_0_0_0_0_0_0_0_0_0 = 3.42674e-06
pi2_0_0_0_0_l_0_0_0_0_0_0_0_0_0_0 = 3.28344e-06
pi2_0_0_0_0_l_0_0_0_0_0_0_0_0_0_0_0 = 3.2039e-06
pi2_0_0_0_0_l_0_0_0_0_0_0_0_0_0_0_0_0 = 3.07505e-06
pi2_0_0_0_0_l_0_0_0_0_0_0_0_0_0_0_0_0_0 = 3.00964e-06
pi2_0_0_0_0_l_0_0_0_0_0_0_0_0_0_0_0_0_0_0 = 2.89096e-06
pi2_0_0_0_0_l_0_0_0_0_0_0_0_0_0_0_0_0_0_0_0 = 2.83909e-06
pi2_0_0_0_0_l_0_0_0_0_0_0_0_0_0_0_0_0_0_0_0_0 = 2.72662e-06
pi2_0_0_0_0_l_0_0_0_0_0_0_0_0_0_0_0_0_0_0_0_0_0 = 2.68877e-06
pi2_0_0_0_0_l_0_0_0_0_0_0_0_0_0_0_0_0_0_0_0_0_0_0 = 2.57807e-06
pi2_0_0_0_0_l_0_0_0_0_0_0_0_0_0_0_0_0_0_0_0_0_0_0_0 = 2.55645e-06
pi2_0_0_0_0_l_0_0_0_0_0_0_0_0_0_0_0_0_0_0_0_0_0_0_0_0 = 2.44145e-06
