DD_0_0 = 5.36631e-08
DD_0_0_l_0 = 1.10509e-07
DD_0_0_l_0_0 = 9.40016e-08
Dr_0_0 = 4.62368e-08
Dr_0_0_l_0 = 1.00159e-07
Dr_0_0_l_0_0 = 1.5288e-07
Dr_0_0_l_0_0_0 = 1.57399e-07
Hl_0_0 = 0.000447629
Hl_0_0_l_0 = 0.000477618
Hl_0_0_l_0_0 = 0.00043478
Hr_0_0 = 0.00999898
I = 1
pi2_0_0_0_0 = 4.49171e-06
pi2_0_0_0_0_l_0 = 4.80574e-06
pi2_0_0_0_0_l_0_0 = 4.36503e-06
