DD_0_0 = -1.25631e-08
DD_0_0_l_0 = 1.16421e-07
DD_0_0_l_0_0 = 7.46511e-08
DD_0_0_l_0_0_0 = 9.58736e-08
DD_0_0_l_0_0_0_0 = 7.38326e-08
DD_0_0_l_0_0_0_0_0 = 8.06553e-08
DD_0_0_l_0_0_0_0_0_0 = 6.63283e-08
DD_0_0_l_0_0_0_0_0_0_0 = 6.88939e-08
DD_0_0_l_0_0_0_0_0_0_0_0 = 5.86789e-08
DD_0_0_l_0_0_0_0_0_0_0_0_0 = 5.95507e-08
DD_0_0_l_0_0_0_0_0_0_0_0_0_0 = 5.19432e-08
Dr_0_0 = -2.88219e-07
Dr_0_0_l_0 = 3.25195e-08
Dr_0_0_l_0_0 = 5.09697e-08
Dr_0_0_l_0_0_0 = 9.55136e-08
Dr_0_0_l_0_0_0_0 = 1.02306e-07
Dr_0_0_l_0_0_0_0_0 = 1.12861e-07
Dr_0_0_l_0_0_0_0_0_0 = 1.15201e-07
Dr_0_0_l_0_0_0_0_0_0_0 = 1.16541e-07
Dr_0_0_l_0_0_0_0_0_0_0_0 = 1.16681e-07
Dr_0_0_l_0_0_0_0_0_0_0_0_0 = 1.14993e-07
Dr_0_0_l_0_0_0_0_0_0_0_0_0_0 = 1.13827e-07
Dr_0_0_l_0_0_0_0_0_0_0_0_0_0_0 = 1.09991e-07
Hl_0_0 = 0.00044275
Hl_0_0_l_0 = 0.000477862
Hl_0_0_l_0_0 = 0.000433129
Hl_0_0_l_0_0_0 = 0.000435027
Hl_0_0_l_0_0_0_0 = 0.000401539
Hl_0_0_l_0_0_0_0_0 = 0.000399607
Hl_0_0_l_0_0_0_0_0_0 = 0.000371927
Hl_0_0_l_0_0_0_0_0_0_0 = 0.00036981
Hl_0_0_l_0_0_0_0_0_0_0_0 = 0.000345695
Hl_0_0_l_0_0_0_0_0_0_0_0_0 = 0.000344414
Hl_0_0_l_0_0_0_0_0_0_0_0_0_0 = 0.00032256
Hr_0_0 = 0.0100057
I = 1
pi2_0_0_0_0 = 4.56119e-06
pi2_0_0_0_0_l_0 = 4.85445e-06
pi2_0_0_0_0_l_0_0 = 4.38544e-06
pi2_0_0_0_0_l_0_0_0 = 4.39382e-06
pi2_0_0_0_0_l_0_0_0_0 = 4.04928e-06
pi2_0_0_0_0_l_0_0_0_0_0 = 4.02593e-06
pi2_0_0_0_0_l_0_0_0_0_0_0 = 3.74347e-06
pi2_0_0_0_0_l_0_0_0_0_0_0_0 = 3.72046e-06
pi2_0_0_0_0_l_0_0_0_0_0_0_0_0 = 3.47543e-06
pi2_0_0_0_0_l_0_0_0_0_0_0_0_0_0 = 3.4618e-06
pi2_0_0_0_0_l_0_0_0_0_0_0_0_0_0_0 = 3.24024e-06
