DD_0_0 = 5.63739e-08
DD_0_0_l_0 = 1.07807e-07
DD_0_0_l_0_0 = 9.09094e-08
Dr_0_0 = 5.2733e-08
Dr_0_0_l_0 = 1.02201e-07
Dr_0_0_l_0_0 = 1.48391e-07
Dr_0_0_l_0_0_0 = 1.50558e-07
Hl_0_0 = 0.000447629
Hl_0_0_l_0 = 0.000477618
Hl_0_0_l_0_0 = 0.00043478
Hr_0_0 = 0.00999885
I = 1
pi2_0_0_0_0 = 4.49165e-06
pi2_0_0_0_0_l_0 = 4.80304e-06
pi2_0_0_0_0_l_0_0 = 4.36351e-06
