DD_0_0 = 2.6893e-07
DD_0_0_l_0 = 1.15519e-07
DD_0_0_l_0_0 = 1.33096e-07
DD_0_0_l_0_0_0 = 9.53124e-08
DD_0_0_l_0_0_0_0 = 9.93236e-08
DD_0_0_l_0_0_0_0_0 = 8.027e-08
Dr_0_0 = 7.40133e-07
Dr_0_0_l_0 = 3.89829e-07
Dr_0_0_l_0_0 = 3.58619e-07
Dr_0_0_l_0_0_0 = 2.88918e-07
Dr_0_0_l_0_0_0_0 = 2.71625e-07
Dr_0_0_l_0_0_0_0_0 = 2.38609e-07
Dr_0_0_l_0_0_0_0_0_0 = 2.11961e-07
Hl_0_0 = 0.000573832
Hl_0_0_l_0 = 0.000471308
Hl_0_0_l_0_0 = 0.000477478
Hl_0_0_l_0_0_0 = 0.000428375
Hl_0_0_l_0_0_0_0 = 0.000429086
Hl_0_0_l_0_0_0_0_0 = 0.00039272
Hr_0_0 = 0.0099851
I = 1
pi2_0_0_0_0 = 5.57522e-06
pi2_0_0_0_0_l_0 = 4.646e-06
pi2_0_0_0_0_l_0_0 = 4.71313e-06
pi2_0_0_0_0_l_0_0_0 = 4.24699e-06
pi2_0_0_0_0_l_0_0_0_0 = 4.25271e-06
pi2_0_0_0_0_l_0_0_0_0_0 = 3.90152e-06
