DD_0_0 = 1.25922e-07
DD_0_0_l_0 = 7.32321e-08
DD_0_0_l_0_0 = 8.20833e-08
DD_0_0_l_0_0_0 = 6.39509e-08
DD_0_0_l_0_0_0_0 = 6.61979e-08
DD_0_0_l_0_0_0_0_0 = 5.5708e-08
Dr_0_0 = 2.00689e-07
Dr_0_0_l_0 = 1.21382e-07
Dr_0_0_l_0_0 = 1.20626e-07
Dr_0_0_l_0_0_0 = 1.08144e-07
Dr_0_0_l_0_0_0_0 = 1.02924e-07
Dr_0_0_l_0_0_0_0_0 = 9.90176e-08
Dr_0_0_l_0_0_0_0_0_0 = 9.20792e-08
Hl_0_0 = 0.000573832
Hl_0_0_l_0 = 0.000471308
Hl_0_0_l_0_0 = 0.000477478
Hl_0_0_l_0_0_0 = 0.000428375
Hl_0_0_l_0_0_0_0 = 0.000429086
Hl_0_0_l_0_0_0_0_0 = 0.00039272
Hr_0_0 = 0.00999589
I = 1
pi2_0_0_0_0 = 5.70324e-06
pi2_0_0_0_0_l_0 = 4.70053e-06
pi2_0_0_0_0_l_0_0 = 4.76383e-06
pi2_0_0_0_0_l_0_0_0 = 4.27761e-06
pi2_0_0_0_0_l_0_0_0_0 = 4.28465e-06
pi2_0_0_0_0_l_0_0_0_0_0 = 3.9234e-06
