DD_0_0 = 1.82005e-08
DD_0_0_l_0 = 1.97632e-08
DD_0_0_l_0_0 = 1.75394e-08
Dr_0_0 = 5.76801e-09
Dr_0_0_l_0 = 6.66595e-09
Dr_0_0_l_0_0 = 7.34275e-09
Dr_0_0_l_0_0_0 = 7.10666e-09
Hl_0_0 = 0.000447629
Hl_0_0_l_0 = 0.000477618
Hl_0_0_l_0_0 = 0.00043478
Hr_0_0 = 0.00999978
I = 1
pi2_0_0_0_0 = 4.47676e-06
pi2_0_0_0_0_l_0 = 4.7767e-06
pi2_0_0_0_0_l_0_0 = 4.34812e-06
