DD_0_0 = -1.04375e-08
DD_0_0_l_0 = 4.59763e-09
DD_0_0_l_0_0 = 1.73697e-09
DD_0_0_l_0_0_0 = 4.57564e-09
DD_0_0_l_0_0_0_0 = 3.33183e-09
DD_0_0_l_0_0_0_0_0 = 4.46134e-09
DD_0_0_l_0_0_0_0_0_0 = 3.75383e-09
DD_0_0_l_0_0_0_0_0_0_0 = 4.32488e-09
DD_0_0_l_0_0_0_0_0_0_0_0 = 3.86114e-09
DD_0_0_l_0_0_0_0_0_0_0_0_0 = 4.18387e-09
DD_0_0_l_0_0_0_0_0_0_0_0_0_0 = 3.85209e-09
DD_0_0_l_0_0_0_0_0_0_0_0_0_0_0 = 4.04439e-09
DD_0_0_l_0_0_0_0_0_0_0_0_0_0_0_0 = 3.79267e-09
DD_0_0_l_0_0_0_0_0_0_0_0_0_0_0_0_0 = 3.90888e-09
DD_0_0_l_0_0_0_0_0_0_0_0_0_0_0_0_0_0 = 3.70982e-09
DD_0_0_l_0_0_0_0_0_0_0_0_0_0_0_0_0_0_0 = 3.77833e-09
DD_0_0_l_0_0_0_0_0_0_0_0_0_0_0_0_0_0_0_0 = 3.61611e-09
DD_0_0_l_0_0_0_0_0_0_0_0_0_0_0_0_0_0_0_0_0 = 3.65308e-09
DD_0_0_l_0_0_0_0_0_0_0_0_0_0_0_0_0_0_0_0_0_0 = 3.51792e-09
DD_0_0_l_0_0_0_0_0_0_0_0_0_0_0_0_0_0_0_0_0_0_0 = 3.5332e-09
DD_0_0_l_0_0_0_0_0_0_0_0_0_0_0_0_0_0_0_0_0_0_0_0 = 3.41872e-09
Dr_0_0 = -6.63549e-08
Dr_0_0_l_0 = -1.88836e-08
Dr_0_0_l_0_0 = -1.56371e-08
Dr_0_0_l_0_0_0 = -7.2275e-09
Dr_0_0_l_0_0_0_0 = -5.51846e-09
Dr_0_0_l_0_0_0_0_0 = -2.35356e-09
Dr_0_0_l_0_0_0_0_0_0 = -1.25434e-09
Dr_0_0_l_0_0_0_0_0_0_0 = 2.6607e-10
Dr_0_0_l_0_0_0_0_0_0_0_0 = 1.04735e-09
Dr_0_0_l_0_0_0_0_0_0_0_0_0 = 1.86491e-09
Dr_0_0_l_0_0_0_0_0_0_0_0_0_0 = 2.4547e-09
Dr_0_0_l_0_0_0_0_0_0_0_0_0_0_0 = 2.91689e-09
Dr_0_0_l_0_0_0_0_0_0_0_0_0_0_0_0 = 3.38054e-09
Dr_0_0_l_0_0_0_0_0_0_0_0_0_0_0_0_0 = 3.64296e-09
Dr_0_0_l_0_0_0_0_0_0_0_0_0_0_0_0_0_0 = 4.01828e-09
Dr_0_0_l_0_0_0_0_0_0_0_0_0_0_0_0_0_0_0 = 4.15994e-09
Dr_0_0_l_0_0_0_0_0_0_0_0_0_0_0_0_0_0_0_0 = 4.47059e-09
Dr_0_0_l_0_0_0_0_0_0_0_0_0_0_0_0_0_0_0_0_0 = 4.53536e-09
Dr_0_0_l_0_0_0_0_0_0_0_0_0_0_0_0_0_0_0_0_0_0 = 4.79708e-09
Dr_0_0_l_0_0_0_0_0_0_0_0_0_0_0_0_0_0_0_0_0_0_0 = 4.81094e-09
Dr_0_0_l_0_0_0_0_0_0_0_0_0_0_0_0_0_0_0_0_0_0_0_0 = 5.03466e-09
Dr_0_0_l_0_0_0_0_0_0_0_0_0_0_0_0_0_0_0_0_0_0_0_0_0 = 5.17226e-09
Hl_0_0 = 8.84925e-05
Hl_0_0_l_0 = 9.91151e-05
Hl_0_0_l_0_0 = 9.41818e-05
Hl_0_0_l_0_0_0 = 9.71744e-05
Hl_0_0_l_0_0_0_0 = 9.38113e-05
Hl_0_0_l_0_0_0_0_0 = 9.5309e-05
Hl_0_0_l_0_0_0_0_0_0 = 9.26369e-05
Hl_0_0_l_0_0_0_0_0_0_0 = 9.35146e-05
Hl_0_0_l_0_0_0_0_0_0_0_0 = 9.12391e-05
Hl_0_0_l_0_0_0_0_0_0_0_0_0 = 9.17871e-05
Hl_0_0_l_0_0_0_0_0_0_0_0_0_0 = 8.97735e-05
Hl_0_0_l_0_0_0_0_0_0_0_0_0_0_0 = 9.01229e-05
Hl_0_0_l_0_0_0_0_0_0_0_0_0_0_0_0 = 8.82977e-05
Hl_0_0_l_0_0_0_0_0_0_0_0_0_0_0_0_0 = 8.85186e-05
Hl_0_0_l_0_0_0_0_0_0_0_0_0_0_0_0_0_0 = 8.68371e-05
Hl_0_0_l_0_0_0_0_0_0_0_0_0_0_0_0_0_0_0 = 8.69709e-05
Hl_0_0_l_0_0_0_0_0_0_0_0_0_0_0_0_0_0_0_0 = 8.54037e-05
Hl_0_0_l_0_0_0_0_0_0_0_0_0_0_0_0_0_0_0_0_0 = 8.54769e-05
Hl_0_0_l_0_0_0_0_0_0_0_0_0_0_0_0_0_0_0_0_0_0 = 8.40035e-05
Hl_0_0_l_0_0_0_0_0_0_0_0_0_0_0_0_0_0_0_0_0_0_0 = 8.40338e-05
Hl_0_0_l_0_0_0_0_0_0_0_0_0_0_0_0_0_0_0_0_0_0_0_0 = 8.26392e-05
Hr_0_0 = 0.0100065
I = 1
pi2_0_0_0_0 = 9.07031e-07
pi2_0_0_0_0_l_0 = 1.00384e-06
pi2_0_0_0_0_l_0_0 = 9.51284e-07
pi2_0_0_0_0_l_0_0_0 = 9.79478e-07
pi2_0_0_0_0_l_0_0_0_0 = 9.44388e-07
pi2_0_0_0_0_l_0_0_0_0_0 = 9.58695e-07
pi2_0_0_0_0_l_0_0_0_0_0_0 = 9.31117e-07
pi2_0_0_0_0_l_0_0_0_0_0_0_0 = 9.39565e-07
pi2_0_0_0_0_l_0_0_0_0_0_0_0_0 = 9.16234e-07
pi2_0_0_0_0_l_0_0_0_0_0_0_0_0_0 = 9.21534e-07
pi2_0_0_0_0_l_0_0_0_0_0_0_0_0_0_0 = 9.00976e-07
pi2_0_0_0_0_l_0_0_0_0_0_0_0_0_0_0_0 = 9.04367e-07
pi2_0_0_0_0_l_0_0_0_0_0_0_0_0_0_0_0_0 = 8.85787e-07
pi2_0_0_0_0_l_0_0_0_0_0_0_0_0_0_0_0_0_0 = 8.87937e-07
pi2_0_0_0_0_l_0_0_0_0_0_0_0_0_0_0_0_0_0_0 = 8.70858e-07
pi2_0_0_0_0_l_0_0_0_0_0_0_0_0_0_0_0_0_0_0_0 = 8.72164e-07
pi2_0_0_0_0_l_0_0_0_0_0_0_0_0_0_0_0_0_0_0_0_0 = 8.56271e-07
pi2_0_0_0_0_l_0_0_0_0_0_0_0_0_0_0_0_0_0_0_0_0_0 = 8.56989e-07
pi2_0_0_0_0_l_0_0_0_0_0_0_0_0_0_0_0_0_0_0_0_0_0_0 = 8.42066e-07
pi2_0_0_0_0_l_0_0_0_0_0_0_0_0_0_0_0_0_0_0_0_0_0_0_0 = 8.42368e-07
pi2_0_0_0_0_l_0_0_0_0_0_0_0_0_0_0_0_0_0_0_0_0_0_0_0_0 = 8.2826e-07
