DD_0_0 = -1.59366e-09
DD_0_0_l_0 = 4.64529e-09
DD_0_0_l_0_0 = 3.52936e-09
DD_0_0_l_0_0_0 = 4.59641e-09
DD_0_0_l_0_0_0_0 = 4.10792e-09
DD_0_0_l_0_0_0_0_0 = 4.47182e-09
DD_0_0_l_0_0_0_0_0_0 = 4.18833e-09
DD_0_0_l_0_0_0_0_0_0_0 = 4.33019e-09
DD_0_0_l_0_0_0_0_0_0_0_0 = 4.13917e-09
DD_0_0_l_0_0_0_0_0_0_0_0_0 = 4.18619e-09
DD_0_0_l_0_0_0_0_0_0_0_0_0_0 = 4.04527e-09
Dr_0_0 = -1.94989e-08
Dr_0_0_l_0 = -2.58285e-09
Dr_0_0_l_0_0 = -2.60847e-10
Dr_0_0_l_0_0_0 = 2.33643e-09
Dr_0_0_l_0_0_0_0 = 3.54552e-09
Dr_0_0_l_0_0_0_0_0 = 4.33358e-09
Dr_0_0_l_0_0_0_0_0_0 = 5.10282e-09
Dr_0_0_l_0_0_0_0_0_0_0 = 5.36111e-09
Dr_0_0_l_0_0_0_0_0_0_0_0 = 5.90181e-09
Dr_0_0_l_0_0_0_0_0_0_0_0_0 = 5.95098e-09
Dr_0_0_l_0_0_0_0_0_0_0_0_0_0 = 6.35451e-09
Dr_0_0_l_0_0_0_0_0_0_0_0_0_0_0 = 6.58675e-09
Hl_0_0 = 9.19175e-05
Hl_0_0_l_0 = 9.90808e-05
Hl_0_0_l_0_0 = 9.53242e-05
Hl_0_0_l_0_0_0 = 9.71401e-05
Hl_0_0_l_0_0_0_0 = 9.44976e-05
Hl_0_0_l_0_0_0_0_0 = 9.52747e-05
Hl_0_0_l_0_0_0_0_0_0 = 9.31283e-05
Hl_0_0_l_0_0_0_0_0_0_0 = 9.34802e-05
Hl_0_0_l_0_0_0_0_0_0_0_0 = 9.16224e-05
Hl_0_0_l_0_0_0_0_0_0_0_0_0 = 9.17526e-05
Hl_0_0_l_0_0_0_0_0_0_0_0_0_0 = 9.00883e-05
Hr_0_0 = 0.0100018
I = 1
pi2_0_0_0_0 = 9.26493e-07
pi2_0_0_0_0_l_0 = 9.9562e-07
pi2_0_0_0_0_l_0_0 = 9.56551e-07
pi2_0_0_0_0_l_0_0_0 = 9.74327e-07
pi2_0_0_0_0_l_0_0_0_0 = 9.47198e-07
pi2_0_0_0_0_l_0_0_0_0_0 = 9.54861e-07
pi2_0_0_0_0_l_0_0_0_0_0_0 = 9.32969e-07
pi2_0_0_0_0_l_0_0_0_0_0_0_0 = 9.36463e-07
pi2_0_0_0_0_l_0_0_0_0_0_0_0_0 = 9.17589e-07
pi2_0_0_0_0_l_0_0_0_0_0_0_0_0_0 = 9.18898e-07
pi2_0_0_0_0_l_0_0_0_0_0_0_0_0_0_0 = 9.02044e-07
