DD_0_0 = 4.94182e-05
DD_0_0_l_0 = 5.70576e-06
DD_0_0_l_0_0 = 8.45206e-06
DD_0_0_l_0_0_0 = 2.30778e-06
DD_0_0_l_0_0_0_0 = 3.25179e-06
DD_0_0_l_0_0_0_0_0 = 1.22763e-06
DD_0_0_l_0_0_0_0_0_0 = 1.66672e-06
DD_0_0_l_0_0_0_0_0_0_0 = 7.54918e-07
DD_0_0_l_0_0_0_0_0_0_0_0 = 9.95661e-07
DD_0_0_l_0_0_0_0_0_0_0_0_0 = 5.08226e-07
DD_0_0_l_0_0_0_0_0_0_0_0_0_0 = 6.54803e-07
Dr_0_0 = 1.43541e-14
Dr_0_0_l_0 = 3.87593e-05
Dr_0_0_l_0_0 = 5.63531e-06
Dr_0_0_l_0_0_0 = 1.7992e-05
Dr_0_0_l_0_0_0_0 = 4.13663e-06
Dr_0_0_l_0_0_0_0_0 = 1.06041e-05
Dr_0_0_l_0_0_0_0_0_0 = 3.04028e-06
Dr_0_0_l_0_0_0_0_0_0_0 = 7.06967e-06
Dr_0_0_l_0_0_0_0_0_0_0_0 = 2.32028e-06
Dr_0_0_l_0_0_0_0_0_0_0_0_0 = 5.08497e-06
Dr_0_0_l_0_0_0_0_0_0_0_0_0_0 = 1.83174e-06
Dr_0_0_l_0_0_0_0_0_0_0_0_0_0_0 = 3.85125e-06
Hl_0_0 = 0.0099999
Hl_0_0_l_0 = 0.00333323
Hl_0_0_l_0_0 = 0.00333323
Hl_0_0_l_0_0_0 = 0.0019999
Hl_0_0_l_0_0_0_0 = 0.0019999
Hl_0_0_l_0_0_0_0_0 = 0.00142847
Hl_0_0_l_0_0_0_0_0_0 = 0.00142847
Hl_0_0_l_0_0_0_0_0_0_0 = 0.00111101
Hl_0_0_l_0_0_0_0_0_0_0_0 = 0.00111101
Hl_0_0_l_0_0_0_0_0_0_0_0_0 = 0.000908991
Hl_0_0_l_0_0_0_0_0_0_0_0_0_0 = 0.000908991
Hr_0_0 = 0.0099999
I = 1
pi2_0_0_0_0 = 0.000119377
pi2_0_0_0_0_l_0 = 3.54447e-05
pi2_0_0_0_0_l_0_0 = 3.57036e-05
pi2_0_0_0_0_l_0_0_0 = 2.07465e-05
pi2_0_0_0_0_l_0_0_0_0 = 2.06273e-05
pi2_0_0_0_0_l_0_0_0_0_0 = 1.4638e-05
pi2_0_0_0_0_l_0_0_0_0_0_0 = 1.44877e-05
pi2_0_0_0_0_l_0_0_0_0_0_0_0 = 1.13051e-05
pi2_0_0_0_0_l_0_0_0_0_0_0_0_0 = 1.11716e-05
pi2_0_0_0_0_l_0_0_0_0_0_0_0_0_0 = 9.20867e-06
pi2_0_0_0_0_l_0_0_0_0_0_0_0_0_0_0 = 9.09656e-06
