DD_0_0 = 4.94182e-05
DD_0_0_l_0 = 5.70576e-06
DD_0_0_l_0_0 = 8.45206e-06
Dr_0_0 = 2.0518e-15
Dr_0_0_l_0 = 3.87593e-05
Dr_0_0_l_0_0 = 5.63531e-06
Dr_0_0_l_0_0_0 = 1.7992e-05
Hl_0_0 = 0.0099999
Hl_0_0_l_0 = 0.00333323
Hl_0_0_l_0_0 = 0.00333323
Hr_0_0 = 0.0099999
I = 1
pi2_0_0_0_0 = 0.000119377
pi2_0_0_0_0_l_0 = 3.54447e-05
pi2_0_0_0_0_l_0_0 = 3.57036e-05
