DD_0_0 = 4.18561e-09
DD_0_0_l_0 = 4.79665e-09
DD_0_0_l_0_0 = 4.6619e-09
Dr_0_0 = 7.46275e-09
Dr_0_0_l_0 = 8.0727e-09
Dr_0_0_l_0_0 = 8.67157e-09
Dr_0_0_l_0_0_0 = 8.79529e-09
Hl_0_0 = 9.72036e-05
Hl_0_0_l_0 = 9.9028e-05
Hl_0_0_l_0_0 = 9.70872e-05
Hr_0_0 = 0.00999915
I = 1
pi2_0_0_0_0 = 9.72118e-07
pi2_0_0_0_0_l_0 = 9.90566e-07
pi2_0_0_0_0_l_0_0 = 9.71011e-07
