DD_0_0 = -4.10274e-09
DD_0_0_l_0 = 4.94612e-09
DD_0_0_l_0_0 = 2.6234e-09
DD_0_0_l_0_0_0 = 4.51741e-09
DD_0_0_l_0_0_0_0 = 3.46933e-09
DD_0_0_l_0_0_0_0_0 = 4.2706e-09
DD_0_0_l_0_0_0_0_0_0 = 3.65779e-09
DD_0_0_l_0_0_0_0_0_0_0 = 4.08011e-09
DD_0_0_l_0_0_0_0_0_0_0_0 = 3.66996e-09
DD_0_0_l_0_0_0_0_0_0_0_0_0 = 3.91608e-09
DD_0_0_l_0_0_0_0_0_0_0_0_0_0 = 3.61789e-09
DD_0_0_l_0_0_0_0_0_0_0_0_0_0_0 = 3.76812e-09
DD_0_0_l_0_0_0_0_0_0_0_0_0_0_0_0 = 3.53905e-09
DD_0_0_l_0_0_0_0_0_0_0_0_0_0_0_0_0 = 3.63165e-09
DD_0_0_l_0_0_0_0_0_0_0_0_0_0_0_0_0_0 = 3.44875e-09
DD_0_0_l_0_0_0_0_0_0_0_0_0_0_0_0_0_0_0 = 3.50428e-09
DD_0_0_l_0_0_0_0_0_0_0_0_0_0_0_0_0_0_0_0 = 3.35412e-09
DD_0_0_l_0_0_0_0_0_0_0_0_0_0_0_0_0_0_0_0_0 = 3.38456e-09
DD_0_0_l_0_0_0_0_0_0_0_0_0_0_0_0_0_0_0_0_0_0 = 3.25874e-09
DD_0_0_l_0_0_0_0_0_0_0_0_0_0_0_0_0_0_0_0_0_0_0 = 3.27153e-09
DD_0_0_l_0_0_0_0_0_0_0_0_0_0_0_0_0_0_0_0_0_0_0_0 = 3.16451e-09
Dr_0_0 = -3.29466e-08
Dr_0_0_l_0 = -3.92196e-09
Dr_0_0_l_0_0 = -4.10481e-09
Dr_0_0_l_0_0_0 = 1.06463e-09
Dr_0_0_l_0_0_0_0 = 1.13578e-09
Dr_0_0_l_0_0_0_0_0 = 3.07878e-09
Dr_0_0_l_0_0_0_0_0_0 = 3.18949e-09
Dr_0_0_l_0_0_0_0_0_0_0 = 4.11734e-09
Dr_0_0_l_0_0_0_0_0_0_0_0 = 4.22567e-09
Dr_0_0_l_0_0_0_0_0_0_0_0_0 = 4.71935e-09
Dr_0_0_l_0_0_0_0_0_0_0_0_0_0 = 4.81569e-09
Dr_0_0_l_0_0_0_0_0_0_0_0_0_0_0 = 5.09019e-09
Dr_0_0_l_0_0_0_0_0_0_0_0_0_0_0_0 = 5.17316e-09
Dr_0_0_l_0_0_0_0_0_0_0_0_0_0_0_0_0 = 5.32492e-09
Dr_0_0_l_0_0_0_0_0_0_0_0_0_0_0_0_0_0 = 5.39542e-09
Dr_0_0_l_0_0_0_0_0_0_0_0_0_0_0_0_0_0_0 = 5.47342e-09
Dr_0_0_l_0_0_0_0_0_0_0_0_0_0_0_0_0_0_0_0 = 5.53292e-09
Dr_0_0_l_0_0_0_0_0_0_0_0_0_0_0_0_0_0_0_0_0 = 5.56435e-09
Dr_0_0_l_0_0_0_0_0_0_0_0_0_0_0_0_0_0_0_0_0_0 = 5.61436e-09
Dr_0_0_l_0_0_0_0_0_0_0_0_0_0_0_0_0_0_0_0_0_0_0 = 5.61533e-09
Dr_0_0_l_0_0_0_0_0_0_0_0_0_0_0_0_0_0_0_0_0_0_0_0 = 5.65718e-09
Dr_0_0_l_0_0_0_0_0_0_0_0_0_0_0_0_0_0_0_0_0_0_0_0_0 = 5.66605e-09
Hl_0_0 = 8.84926e-05
Hl_0_0_l_0 = 9.91151e-05
Hl_0_0_l_0_0 = 9.41818e-05
Hl_0_0_l_0_0_0 = 9.71744e-05
Hl_0_0_l_0_0_0_0 = 9.38113e-05
Hl_0_0_l_0_0_0_0_0 = 9.5309e-05
Hl_0_0_l_0_0_0_0_0_0 = 9.26369e-05
Hl_0_0_l_0_0_0_0_0_0_0 = 9.35146e-05
Hl_0_0_l_0_0_0_0_0_0_0_0 = 9.12391e-05
Hl_0_0_l_0_0_0_0_0_0_0_0_0 = 9.17871e-05
Hl_0_0_l_0_0_0_0_0_0_0_0_0_0 = 8.97735e-05
Hl_0_0_l_0_0_0_0_0_0_0_0_0_0_0 = 9.01229e-05
Hl_0_0_l_0_0_0_0_0_0_0_0_0_0_0_0 = 8.82977e-05
Hl_0_0_l_0_0_0_0_0_0_0_0_0_0_0_0_0 = 8.85186e-05
Hl_0_0_l_0_0_0_0_0_0_0_0_0_0_0_0_0_0 = 8.68371e-05
Hl_0_0_l_0_0_0_0_0_0_0_0_0_0_0_0_0_0_0 = 8.69709e-05
Hl_0_0_l_0_0_0_0_0_0_0_0_0_0_0_0_0_0_0_0 = 8.54037e-05
Hl_0_0_l_0_0_0_0_0_0_0_0_0_0_0_0_0_0_0_0_0 = 8.54769e-05
Hl_0_0_l_0_0_0_0_0_0_0_0_0_0_0_0_0_0_0_0_0_0 = 8.40035e-05
Hl_0_0_l_0_0_0_0_0_0_0_0_0_0_0_0_0_0_0_0_0_0_0 = 8.40338e-05
Hl_0_0_l_0_0_0_0_0_0_0_0_0_0_0_0_0_0_0_0_0_0_0_0 = 8.26392e-05
Hr_0_0 = 0.0100032
I = 1
pi2_0_0_0_0 = 8.98538e-07
pi2_0_0_0_0_l_0 = 9.98359e-07
pi2_0_0_0_0_l_0_0 = 9.4727e-07
pi2_0_0_0_0_l_0_0_0 = 9.76065e-07
pi2_0_0_0_0_l_0_0_0_0 = 9.41641e-07
pi2_0_0_0_0_l_0_0_0_0_0 = 9.56189e-07
pi2_0_0_0_0_l_0_0_0_0_0_0 = 9.29004e-07
pi2_0_0_0_0_l_0_0_0_0_0_0_0 = 9.37572e-07
pi2_0_0_0_0_l_0_0_0_0_0_0_0_0 = 9.14505e-07
pi2_0_0_0_0_l_0_0_0_0_0_0_0_0_0 = 9.1987e-07
pi2_0_0_0_0_l_0_0_0_0_0_0_0_0_0_0 = 8.99506e-07
pi2_0_0_0_0_l_0_0_0_0_0_0_0_0_0_0_0 = 9.02933e-07
pi2_0_0_0_0_l_0_0_0_0_0_0_0_0_0_0_0_0 = 8.84505e-07
pi2_0_0_0_0_l_0_0_0_0_0_0_0_0_0_0_0_0_0 = 8.86674e-07
pi2_0_0_0_0_l_0_0_0_0_0_0_0_0_0_0_0_0_0_0 = 8.69717e-07
pi2_0_0_0_0_l_0_0_0_0_0_0_0_0_0_0_0_0_0_0_0 = 8.71032e-07
pi2_0_0_0_0_l_0_0_0_0_0_0_0_0_0_0_0_0_0_0_0_0 = 8.55242e-07
pi2_0_0_0_0_l_0_0_0_0_0_0_0_0_0_0_0_0_0_0_0_0_0 = 8.55962e-07
pi2_0_0_0_0_l_0_0_0_0_0_0_0_0_0_0_0_0_0_0_0_0_0_0 = 8.41127e-07
pi2_0_0_0_0_l_0_0_0_0_0_0_0_0_0_0_0_0_0_0_0_0_0_0_0 = 8.41426e-07
pi2_0_0_0_0_l_0_0_0_0_0_0_0_0_0_0_0_0_0_0_0_0_0_0_0_0 = 8.27392e-07
