DD_0_0 = 2.5e-05
DD_0_0_l_0 = 4.28571e-06
DD_0_0_l_0_0 = 4.84563e-06
DD_0_0_l_0_0_0 = 1.81319e-06
DD_0_0_l_0_0_0_0 = 2.02207e-06
DD_0_0_l_0_0_0_0_0 = 9.95375e-07
DD_0_0_l_0_0_0_0_0_0 = 1.0984e-06
DD_0_0_l_0_0_0_0_0_0_0 = 6.26654e-07
DD_0_0_l_0_0_0_0_0_0_0_0 = 6.85713e-07
DD_0_0_l_0_0_0_0_0_0_0_0_0 = 4.29685e-07
DD_0_0_l_0_0_0_0_0_0_0_0_0_0 = 4.66936e-07
Dr_0_0 = 3.75153e-14
Dr_0_0_l_0 = 1.66665e-05
Dr_0_0_l_0_0 = 3.80948e-06
Dr_0_0_l_0_0_0 = 8.31894e-06
Dr_0_0_l_0_0_0_0 = 2.88153e-06
Dr_0_0_l_0_0_0_0_0 = 5.15127e-06
Dr_0_0_l_0_0_0_0_0_0 = 2.16489e-06
Dr_0_0_l_0_0_0_0_0_0_0 = 3.56235e-06
Dr_0_0_l_0_0_0_0_0_0_0_0 = 1.68062e-06
Dr_0_0_l_0_0_0_0_0_0_0_0_0 = 2.63672e-06
Dr_0_0_l_0_0_0_0_0_0_0_0_0_0 = 1.34515e-06
Dr_0_0_l_0_0_0_0_0_0_0_0_0_0_0 = 2.04401e-06
Hl_0_0 = 0.0099999
Hl_0_0_l_0 = 0.00333323
Hl_0_0_l_0_0 = 0.00333323
Hl_0_0_l_0_0_0 = 0.0019999
Hl_0_0_l_0_0_0_0 = 0.0019999
Hl_0_0_l_0_0_0_0_0 = 0.00142847
Hl_0_0_l_0_0_0_0_0_0 = 0.00142847
Hl_0_0_l_0_0_0_0_0_0_0 = 0.00111101
Hl_0_0_l_0_0_0_0_0_0_0_0 = 0.00111101
Hl_0_0_l_0_0_0_0_0_0_0_0_0 = 0.000908991
Hl_0_0_l_0_0_0_0_0_0_0_0_0_0 = 0.000908991
Hr_0_0 = 0.0099999
I = 1
pi2_0_0_0_0 = 0.00010833
pi2_0_0_0_0_l_0 = 3.476e-05
pi2_0_0_0_0_l_0_0 = 3.45179e-05
pi2_0_0_0_0_l_0_0_0 = 2.05235e-05
pi2_0_0_0_0_l_0_0_0_0 = 2.03694e-05
pi2_0_0_0_0_l_0_0_0_0_0 = 1.45399e-05
pi2_0_0_0_0_l_0_0_0_0_0_0 = 1.44347e-05
pi2_0_0_0_0_l_0_0_0_0_0_0_0 = 1.12545e-05
pi2_0_0_0_0_l_0_0_0_0_0_0_0_0 = 1.11781e-05
pi2_0_0_0_0_l_0_0_0_0_0_0_0_0_0 = 9.17974e-06
pi2_0_0_0_0_l_0_0_0_0_0_0_0_0_0_0 = 9.12183e-06
