DD_0_0 = 2.5e-05
DD_0_0_l_0 = 4.28571e-06
DD_0_0_l_0_0 = 4.84563e-06
DD_0_0_l_0_0_0 = 1.81319e-06
DD_0_0_l_0_0_0_0 = 2.02207e-06
DD_0_0_l_0_0_0_0_0 = 9.95375e-07
Dr_0_0 = 1.05014e-14
Dr_0_0_l_0 = 1.66665e-05
Dr_0_0_l_0_0 = 3.80948e-06
Dr_0_0_l_0_0_0 = 8.31894e-06
Dr_0_0_l_0_0_0_0 = 2.88153e-06
Dr_0_0_l_0_0_0_0_0 = 5.15127e-06
Dr_0_0_l_0_0_0_0_0_0 = 2.16489e-06
Hl_0_0 = 0.0099999
Hl_0_0_l_0 = 0.00333323
Hl_0_0_l_0_0 = 0.00333323
Hl_0_0_l_0_0_0 = 0.0019999
Hl_0_0_l_0_0_0_0 = 0.0019999
Hl_0_0_l_0_0_0_0_0 = 0.00142847
Hr_0_0 = 0.0099999
I = 1
pi2_0_0_0_0 = 0.00010833
pi2_0_0_0_0_l_0 = 3.476e-05
pi2_0_0_0_0_l_0_0 = 3.45179e-05
pi2_0_0_0_0_l_0_0_0 = 2.05235e-05
pi2_0_0_0_0_l_0_0_0_0 = 2.03694e-05
pi2_0_0_0_0_l_0_0_0_0_0 = 1.45399e-05
