D^2   = 2.4895976354156885e-07
Dz    = 1.6565257283866928e-07
pi(A) = 0.0020000000000000018
pi(B) = 0.002000000000000014
pi2   = 1.0828262864193267e-06
