D^2   = 4.374500212914444e-08
Dz    = 1.127433547704811e-08
pi(A) = 0.0020000000000000018
pi(B) = 0.002000000000000014
pi2   = 1.0056371677385244e-06
