DD_0_0 = 4.92759e-07
DD_0_0_l_0 = 1.61118e-07
DD_0_0_l_0_0 = 1.59669e-07
DD_0_0_l_0_0_0 = 9.40437e-08
DD_0_0_l_0_0_0_0 = 9.32414e-08
DD_0_0_l_0_0_0_0_0 = 6.5424e-08
Dr_0_0 = -2.38019e-16
Dr_0_0_l_0 = 1.87351e-08
Dr_0_0_l_0_0 = 1.19117e-08
Dr_0_0_l_0_0_0 = 1.75764e-08
Dr_0_0_l_0_0_0_0 = 1.34472e-08
Dr_0_0_l_0_0_0_0_0 = 1.65615e-08
Dr_0_0_l_0_0_0_0_0_0 = 1.36073e-08
Hl_0_0 = 0.0099999
Hl_0_0_l_0 = 0.00333323
Hl_0_0_l_0_0 = 0.00333323
Hl_0_0_l_0_0_0 = 0.0019999
Hl_0_0_l_0_0_0_0 = 0.0019999
Hl_0_0_l_0_0_0_0_0 = 0.00142847
Hr_0_0 = 0.0099999
I = 1
pi2_0_0_0_0 = 0.000100006
pi2_0_0_0_0_l_0 = 3.3336e-05
pi2_0_0_0_0_l_0_0 = 3.33353e-05
pi2_0_0_0_0_l_0_0_0 = 2.00011e-05
pi2_0_0_0_0_l_0_0_0_0 = 2.00008e-05
pi2_0_0_0_0_l_0_0_0_0_0 = 1.42862e-05
