DD_0_0 = 5.29866e-05
DD_0_0_l_0 = 6.07849e-06
DD_0_0_l_0_0 = 8.97394e-06
DD_0_0_l_0_0_0 = 2.43529e-06
DD_0_0_l_0_0_0_0 = 3.42846e-06
DD_0_0_l_0_0_0_0_0 = 1.28671e-06
DD_0_0_l_0_0_0_0_0_0 = 1.74791e-06
DD_0_0_l_0_0_0_0_0_0_0 = 7.87209e-07
DD_0_0_l_0_0_0_0_0_0_0_0 = 1.03974e-06
DD_0_0_l_0_0_0_0_0_0_0_0_0 = 5.28129e-07
DD_0_0_l_0_0_0_0_0_0_0_0_0_0 = 6.78634e-07
Dr_0_0 = 2.11678e-06
Dr_0_0_l_0 = 4.24469e-05
Dr_0_0_l_0_0 = 6.60695e-06
Dr_0_0_l_0_0_0 = 1.96095e-05
Dr_0_0_l_0_0_0_0 = 4.69141e-06
Dr_0_0_l_0_0_0_0_0 = 1.15171e-05
Dr_0_0_l_0_0_0_0_0_0 = 3.39968e-06
Dr_0_0_l_0_0_0_0_0_0_0 = 7.65742e-06
Dr_0_0_l_0_0_0_0_0_0_0_0 = 2.57239e-06
Dr_0_0_l_0_0_0_0_0_0_0_0_0 = 5.49535e-06
Dr_0_0_l_0_0_0_0_0_0_0_0_0_0 = 2.03693e-06
Dr_0_0_l_0_0_0_0_0_0_0_0_0_0_0 = 4.13338e-06
Hl_0_0 = 0.0096668
Hl_0_0_l_0 = 0.00333102
Hl_0_0_l_0_0 = 0.0032666
Hl_0_0_l_0_0_0 = 0.00199895
Hl_0_0_l_0_0_0_0 = 0.00197134
Hl_0_0_l_0_0_0_0_0 = 0.00142794
Hl_0_0_l_0_0_0_0_0_0 = 0.0014126
Hl_0_0_l_0_0_0_0_0_0_0 = 0.00111068
Hl_0_0_l_0_0_0_0_0_0_0_0 = 0.00110091
Hl_0_0_l_0_0_0_0_0_0_0_0_0 = 0.000908771
Hl_0_0_l_0_0_0_0_0_0_0_0_0_0 = 0.000900803
Hr_0_0 = 0.00999969
I = 1
pi2_0_0_0_0 = 0.000117833
pi2_0_0_0_0_l_0 = 3.55475e-05
pi2_0_0_0_0_l_0_0 = 3.52306e-05
pi2_0_0_0_0_l_0_0_0 = 2.07658e-05
pi2_0_0_0_0_l_0_0_0_0 = 2.0384e-05
pi2_0_0_0_0_l_0_0_0_0_0 = 1.46397e-05
pi2_0_0_0_0_l_0_0_0_0_0_0 = 1.43378e-05
pi2_0_0_0_0_l_0_0_0_0_0_0_0 = 1.13022e-05
pi2_0_0_0_0_l_0_0_0_0_0_0_0_0 = 1.10695e-05
pi2_0_0_0_0_l_0_0_0_0_0_0_0_0_0 = 9.20644e-06
pi2_0_0_0_0_l_0_0_0_0_0_0_0_0_0_0 = 9.00941e-06
