DD_0_0 = 5.29866e-05
DD_0_0_l_0 = 6.07849e-06
DD_0_0_l_0_0 = 8.97393e-06
DD_0_0_l_0_0_0 = 2.43554e-06
DD_0_0_l_0_0_0_0 = 3.4232e-06
DD_0_0_l_0_0_0_0_0 = 1.29499e-06
Dr_0_0 = 2.11678e-06
Dr_0_0_l_0 = 4.24469e-05
Dr_0_0_l_0_0 = 6.60695e-06
Dr_0_0_l_0_0_0 = 1.96094e-05
Dr_0_0_l_0_0_0_0 = 4.69349e-06
Dr_0_0_l_0_0_0_0_0 = 1.14092e-05
Dr_0_0_l_0_0_0_0_0_0 = 3.45921e-06
Hl_0_0 = 0.0096668
Hl_0_0_l_0 = 0.00333102
Hl_0_0_l_0_0 = 0.0032666
Hl_0_0_l_0_0_0 = 0.00199895
Hl_0_0_l_0_0_0_0 = 0.00197135
Hl_0_0_l_0_0_0_0_0 = 0.00142769
Hr_0_0 = 0.00999969
I = 1
pi2_0_0_0_0 = 0.000117833
pi2_0_0_0_0_l_0 = 3.55475e-05
pi2_0_0_0_0_l_0_0 = 3.52305e-05
pi2_0_0_0_0_l_0_0_0 = 2.07665e-05
pi2_0_0_0_0_l_0_0_0_0 = 2.03637e-05
pi2_0_0_0_0_l_0_0_0_0_0 = 1.46483e-05
