D^2   = 5.29835800371079e-07
Dz    = 4.244456447636934e-07
pi(A) = 0.0019333144316201287
pi(B) = 0.0020000000000000126
pi2   = 1.178298944364084e-06
