DD_0_0 = 5.23875e-05
DD_0_0_l_0 = 6.12856e-06
DD_0_0_l_0_0 = 8.65077e-06
Dr_0_0 = 2.08928e-06
Dr_0_0_l_0 = 4.18857e-05
Dr_0_0_l_0_0 = 6.88573e-06
Dr_0_0_l_0_0_0 = 1.8942e-05
Hl_0_0 = 0.0096666
Hl_0_0_l_0 = 0.00333306
Hl_0_0_l_0_0 = 0.00322571
Hr_0_0 = 0.00999969
I = 1
pi2_0_0_0_0 = 0.000117548
pi2_0_0_0_0_l_0 = 3.56787e-05
pi2_0_0_0_0_l_0_0 = 3.46335e-05
