DD_0_0 = 5.24033e-05
DD_0_0_l_0 = 6.05482e-06
DD_0_0_l_0_0 = 8.89017e-06
DD_0_0_l_0_0_0 = 2.42749e-06
DD_0_0_l_0_0_0_0 = 3.39528e-06
DD_0_0_l_0_0_0_0_0 = 1.29111e-06
Dr_0_0 = 2.0897e-06
Dr_0_0_l_0 = 4.19048e-05
Dr_0_0_l_0_0 = 6.56949e-06
Dr_0_0_l_0_0_0 = 1.93755e-05
Dr_0_0_l_0_0_0_0 = 4.66942e-06
Dr_0_0_l_0_0_0_0_0 = 1.12803e-05
Dr_0_0_l_0_0_0_0_0_0 = 3.44195e-06
Hl_0_0 = 0.0096668
Hl_0_0_l_0 = 0.00333102
Hl_0_0_l_0_0 = 0.0032666
Hl_0_0_l_0_0_0 = 0.00199895
Hl_0_0_l_0_0_0_0 = 0.00197135
Hl_0_0_l_0_0_0_0_0 = 0.00142769
Hr_0_0 = 0.00999969
I = 1
pi2_0_0_0_0 = 0.000117562
pi2_0_0_0_0_l_0 = 3.55364e-05
pi2_0_0_0_0_l_0_0 = 3.52025e-05
pi2_0_0_0_0_l_0_0_0 = 2.07631e-05
pi2_0_0_0_0_l_0_0_0_0 = 2.03582e-05
pi2_0_0_0_0_l_0_0_0_0_0 = 1.46467e-05
