DD_0_0 = 4.72173e-05
DD_0_0_l_0 = 5.83e-06
DD_0_0_l_0_0 = 8.14319e-06
DD_0_0_l_0_0_0 = 2.35062e-06
DD_0_0_l_0_0_0_0 = 3.15014e-06
DD_0_0_l_0_0_0_0_0 = 1.24759e-06
DD_0_0_l_0_0_0_0_0_0 = 1.62096e-06
DD_0_0_l_0_0_0_0_0_0_0 = 7.65883e-07
DD_0_0_l_0_0_0_0_0_0_0_0 = 9.71215e-07
DD_0_0_l_0_0_0_0_0_0_0_0_0 = 5.1491e-07
DD_0_0_l_0_0_0_0_0_0_0_0_0_0 = 6.40229e-07
DD_0_0_l_0_0_0_0_0_0_0_0_0_0_0 = 3.68458e-07
DD_0_0_l_0_0_0_0_0_0_0_0_0_0_0_0 = 4.50702e-07
DD_0_0_l_0_0_0_0_0_0_0_0_0_0_0_0_0 = 2.75934e-07
DD_0_0_l_0_0_0_0_0_0_0_0_0_0_0_0_0_0 = 3.32883e-07
DD_0_0_l_0_0_0_0_0_0_0_0_0_0_0_0_0_0_0 = 2.13935e-07
DD_0_0_l_0_0_0_0_0_0_0_0_0_0_0_0_0_0_0_0 = 2.55034e-07
DD_0_0_l_0_0_0_0_0_0_0_0_0_0_0_0_0_0_0_0_0 = 1.70458e-07
DD_0_0_l_0_0_0_0_0_0_0_0_0_0_0_0_0_0_0_0_0_0 = 2.01109e-07
DD_0_0_l_0_0_0_0_0_0_0_0_0_0_0_0_0_0_0_0_0_0_0 = 1.38859e-07
DD_0_0_l_0_0_0_0_0_0_0_0_0_0_0_0_0_0_0_0_0_0_0_0 = 1.62101e-07
Dr_0_0 = 1.84954e-06
Dr_0_0_l_0 = 3.7097e-05
Dr_0_0_l_0_0 = 6.2183e-06
Dr_0_0_l_0_0_0 = 1.72977e-05
Dr_0_0_l_0_0_0_0 = 4.44103e-06
Dr_0_0_l_0_0_0_0_0 = 1.02255e-05
Dr_0_0_l_0_0_0_0_0_0 = 3.22979e-06
Dr_0_0_l_0_0_0_0_0_0_0 = 6.8321e-06
Dr_0_0_l_0_0_0_0_0_0_0_0 = 2.45028e-06
Dr_0_0_l_0_0_0_0_0_0_0_0_0 = 4.92233e-06
Dr_0_0_l_0_0_0_0_0_0_0_0_0_0 = 1.9267e-06
Dr_0_0_l_0_0_0_0_0_0_0_0_0_0_0 = 3.73307e-06
Dr_0_0_l_0_0_0_0_0_0_0_0_0_0_0_0 = 1.55877e-06
Dr_0_0_l_0_0_0_0_0_0_0_0_0_0_0_0_0 = 2.93853e-06
Dr_0_0_l_0_0_0_0_0_0_0_0_0_0_0_0_0_0 = 1.29009e-06
Dr_0_0_l_0_0_0_0_0_0_0_0_0_0_0_0_0_0_0 = 2.37947e-06
Dr_0_0_l_0_0_0_0_0_0_0_0_0_0_0_0_0_0_0_0 = 1.08758e-06
Dr_0_0_l_0_0_0_0_0_0_0_0_0_0_0_0_0_0_0_0_0 = 1.9701e-06
Dr_0_0_l_0_0_0_0_0_0_0_0_0_0_0_0_0_0_0_0_0_0 = 9.30899e-07
Dr_0_0_l_0_0_0_0_0_0_0_0_0_0_0_0_0_0_0_0_0_0_0 = 1.66069e-06
Dr_0_0_l_0_0_0_0_0_0_0_0_0_0_0_0_0_0_0_0_0_0_0_0 = 8.09849e-07
Dr_0_0_l_0_0_0_0_0_0_0_0_0_0_0_0_0_0_0_0_0_0_0_0_0 = 1.41755e-06
Hl_0_0 = 0.0096668
Hl_0_0_l_0 = 0.00333102
Hl_0_0_l_0_0 = 0.0032666
Hl_0_0_l_0_0_0 = 0.00199895
Hl_0_0_l_0_0_0_0 = 0.00197134
Hl_0_0_l_0_0_0_0_0 = 0.00142794
Hl_0_0_l_0_0_0_0_0_0 = 0.0014126
Hl_0_0_l_0_0_0_0_0_0_0 = 0.00111068
Hl_0_0_l_0_0_0_0_0_0_0_0 = 0.00110091
Hl_0_0_l_0_0_0_0_0_0_0_0_0 = 0.000908759
Hl_0_0_l_0_0_0_0_0_0_0_0_0_0 = 0.000902
Hl_0_0_l_0_0_0_0_0_0_0_0_0_0_0 = 0.000768961
Hl_0_0_l_0_0_0_0_0_0_0_0_0_0_0_0 = 0.000764004
Hl_0_0_l_0_0_0_0_0_0_0_0_0_0_0_0_0 = 0.000666437
Hl_0_0_l_0_0_0_0_0_0_0_0_0_0_0_0_0_0 = 0.000662646
Hl_0_0_l_0_0_0_0_0_0_0_0_0_0_0_0_0_0_0 = 0.000588033
Hl_0_0_l_0_0_0_0_0_0_0_0_0_0_0_0_0_0_0_0 = 0.00058504
Hl_0_0_l_0_0_0_0_0_0_0_0_0_0_0_0_0_0_0_0_0 = 0.000526133
Hl_0_0_l_0_0_0_0_0_0_0_0_0_0_0_0_0_0_0_0_0_0 = 0.00052371
Hl_0_0_l_0_0_0_0_0_0_0_0_0_0_0_0_0_0_0_0_0_0_0 = 0.000476023
Hl_0_0_l_0_0_0_0_0_0_0_0_0_0_0_0_0_0_0_0_0_0_0_0 = 0.000473835
Hr_0_0 = 0.00999972
I = 1
pi2_0_0_0_0 = 0.000115162
pi2_0_0_0_0_l_0 = 3.54312e-05
pi2_0_0_0_0_l_0_0 = 3.49527e-05
pi2_0_0_0_0_l_0_0_0 = 2.07301e-05
pi2_0_0_0_0_l_0_0_0_0 = 2.03266e-05
pi2_0_0_0_0_l_0_0_0_0_0 = 1.46249e-05
pi2_0_0_0_0_l_0_0_0_0_0_0 = 1.43279e-05
pi2_0_0_0_0_l_0_0_0_0_0_0_0 = 1.1295e-05
pi2_0_0_0_0_l_0_0_0_0_0_0_0_0 = 1.10729e-05
pi2_0_0_0_0_l_0_0_0_0_0_0_0_0_0 = 9.20075e-06
pi2_0_0_0_0_l_0_0_0_0_0_0_0_0_0_0 = 9.02981e-06
pi2_0_0_0_0_l_0_0_0_0_0_0_0_0_0_0_0 = 7.76236e-06
pi2_0_0_0_0_l_0_0_0_0_0_0_0_0_0_0_0_0 = 7.62717e-06
pi2_0_0_0_0_l_0_0_0_0_0_0_0_0_0_0_0_0_0 = 6.7135e-06
pi2_0_0_0_0_l_0_0_0_0_0_0_0_0_0_0_0_0_0_0 = 6.60408e-06
pi2_0_0_0_0_l_0_0_0_0_0_0_0_0_0_0_0_0_0_0_0 = 5.91477e-06
pi2_0_0_0_0_l_0_0_0_0_0_0_0_0_0_0_0_0_0_0_0_0 = 5.82447e-06
pi2_0_0_0_0_l_0_0_0_0_0_0_0_0_0_0_0_0_0_0_0_0_0 = 5.28617e-06
pi2_0_0_0_0_l_0_0_0_0_0_0_0_0_0_0_0_0_0_0_0_0_0_0 = 5.21042e-06
pi2_0_0_0_0_l_0_0_0_0_0_0_0_0_0_0_0_0_0_0_0_0_0_0_0 = 4.77871e-06
pi2_0_0_0_0_l_0_0_0_0_0_0_0_0_0_0_0_0_0_0_0_0_0_0_0_0 = 4.7123e-06
