DD_0_0 = 4.72173e-05
DD_0_0_l_0 = 5.83e-06
DD_0_0_l_0_0 = 8.14318e-06
DD_0_0_l_0_0_0 = 2.35083e-06
DD_0_0_l_0_0_0_0 = 3.14569e-06
DD_0_0_l_0_0_0_0_0 = 1.25431e-06
Dr_0_0 = 1.84954e-06
Dr_0_0_l_0 = 3.7097e-05
Dr_0_0_l_0_0 = 6.2183e-06
Dr_0_0_l_0_0_0 = 1.72976e-05
Dr_0_0_l_0_0_0_0 = 4.44279e-06
Dr_0_0_l_0_0_0_0_0 = 1.01335e-05
Dr_0_0_l_0_0_0_0_0_0 = 3.27986e-06
Hl_0_0 = 0.0096668
Hl_0_0_l_0 = 0.00333102
Hl_0_0_l_0_0 = 0.0032666
Hl_0_0_l_0_0_0 = 0.00199895
Hl_0_0_l_0_0_0_0 = 0.00197135
Hl_0_0_l_0_0_0_0_0 = 0.00142769
Hr_0_0 = 0.00999972
I = 1
pi2_0_0_0_0 = 0.000115162
pi2_0_0_0_0_l_0 = 3.54312e-05
pi2_0_0_0_0_l_0_0 = 3.49527e-05
pi2_0_0_0_0_l_0_0_0 = 2.07306e-05
pi2_0_0_0_0_l_0_0_0_0 = 2.03093e-05
pi2_0_0_0_0_l_0_0_0_0_0 = 1.46316e-05
