DD_0_0 = 2.39628e-05
DD_0_0_l_0 = 4.30802e-06
DD_0_0_l_0_0 = 4.69385e-06
DD_0_0_l_0_0_0 = 1.82174e-06
DD_0_0_l_0_0_0_0 = 1.96923e-06
DD_0_0_l_0_0_0_0_0 = 1.00105e-06
Dr_0_0 = 7.97495e-07
Dr_0_0_l_0 = 1.60247e-05
Dr_0_0_l_0_0 = 4.02144e-06
Dr_0_0_l_0_0_0 = 8.0477e-06
Dr_0_0_l_0_0_0_0 = 2.98827e-06
Dr_0_0_l_0_0_0_0_0 = 4.96929e-06
Dr_0_0_l_0_0_0_0_0_0 = 2.24649e-06
Hl_0_0 = 0.0096668
Hl_0_0_l_0 = 0.00333102
Hl_0_0_l_0_0 = 0.0032666
Hl_0_0_l_0_0_0 = 0.00199895
Hl_0_0_l_0_0_0_0 = 0.00197135
Hl_0_0_l_0_0_0_0_0 = 0.00142769
Hr_0_0 = 0.00999982
I = 1
pi2_0_0_0_0 = 0.000104648
pi2_0_0_0_0_l_0 = 3.47242e-05
pi2_0_0_0_0_l_0_0 = 3.38172e-05
pi2_0_0_0_0_l_0_0_0 = 2.05061e-05
pi2_0_0_0_0_l_0_0_0_0 = 2.00713e-05
pi2_0_0_0_0_l_0_0_0_0_0 = 1.45294e-05
