DD_0_0 = 4.26687e-06
DD_0_0_l_0 = 1.25967e-06
DD_0_0_l_0_0 = 1.18193e-06
DD_0_0_l_0_0_0 = 6.4051e-07
DD_0_0_l_0_0_0_0 = 6.10252e-07
DD_0_0_l_0_0_0_0_0 = 3.99107e-07
DD_0_0_l_0_0_0_0_0_0 = 3.83845e-07
DD_0_0_l_0_0_0_0_0_0_0 = 2.7611e-07
DD_0_0_l_0_0_0_0_0_0_0_0 = 2.67263e-07
DD_0_0_l_0_0_0_0_0_0_0_0_0 = 2.0381e-07
DD_0_0_l_0_0_0_0_0_0_0_0_0_0 = 1.98206e-07
DD_0_0_l_0_0_0_0_0_0_0_0_0_0_0 = 1.57287e-07
DD_0_0_l_0_0_0_0_0_0_0_0_0_0_0_0 = 1.5351e-07
DD_0_0_l_0_0_0_0_0_0_0_0_0_0_0_0_0 = 1.25406e-07
DD_0_0_l_0_0_0_0_0_0_0_0_0_0_0_0_0_0 = 1.2274e-07
DD_0_0_l_0_0_0_0_0_0_0_0_0_0_0_0_0_0_0 = 1.0252e-07
DD_0_0_l_0_0_0_0_0_0_0_0_0_0_0_0_0_0_0_0 = 1.0057e-07
DD_0_0_l_0_0_0_0_0_0_0_0_0_0_0_0_0_0_0_0_0 = 8.54904e-08
DD_0_0_l_0_0_0_0_0_0_0_0_0_0_0_0_0_0_0_0_0_0 = 8.40216e-08
DD_0_0_l_0_0_0_0_0_0_0_0_0_0_0_0_0_0_0_0_0_0_0 = 7.24508e-08
DD_0_0_l_0_0_0_0_0_0_0_0_0_0_0_0_0_0_0_0_0_0_0_0 = 7.12743e-08
Dr_0_0 = 5.68004e-08
Dr_0_0_l_0 = 1.14889e-06
Dr_0_0_l_0_0 = 5.7349e-07
Dr_0_0_l_0_0_0 = 8.05186e-07
Dr_0_0_l_0_0_0_0 = 5.10592e-07
Dr_0_0_l_0_0_0_0_0 = 6.1549e-07
Dr_0_0_l_0_0_0_0_0_0 = 4.32496e-07
Dr_0_0_l_0_0_0_0_0_0_0 = 4.94005e-07
Dr_0_0_l_0_0_0_0_0_0_0_0 = 3.68254e-07
Dr_0_0_l_0_0_0_0_0_0_0_0_0 = 4.09495e-07
Dr_0_0_l_0_0_0_0_0_0_0_0_0_0 = 3.17418e-07
Dr_0_0_l_0_0_0_0_0_0_0_0_0_0_0 = 3.47423e-07
Dr_0_0_l_0_0_0_0_0_0_0_0_0_0_0_0 = 2.76966e-07
Dr_0_0_l_0_0_0_0_0_0_0_0_0_0_0_0_0 = 3.00019e-07
Dr_0_0_l_0_0_0_0_0_0_0_0_0_0_0_0_0_0 = 2.44319e-07
Dr_0_0_l_0_0_0_0_0_0_0_0_0_0_0_0_0_0_0 = 2.62731e-07
Dr_0_0_l_0_0_0_0_0_0_0_0_0_0_0_0_0_0_0_0 = 2.17573e-07
Dr_0_0_l_0_0_0_0_0_0_0_0_0_0_0_0_0_0_0_0_0 = 2.32709e-07
Dr_0_0_l_0_0_0_0_0_0_0_0_0_0_0_0_0_0_0_0_0_0 = 1.95353e-07
Dr_0_0_l_0_0_0_0_0_0_0_0_0_0_0_0_0_0_0_0_0_0_0 = 2.08074e-07
Dr_0_0_l_0_0_0_0_0_0_0_0_0_0_0_0_0_0_0_0_0_0_0_0 = 1.7671e-07
Dr_0_0_l_0_0_0_0_0_0_0_0_0_0_0_0_0_0_0_0_0_0_0_0_0 = 1.8742e-07
Hl_0_0 = 0.0096668
Hl_0_0_l_0 = 0.00333102
Hl_0_0_l_0_0 = 0.0032666
Hl_0_0_l_0_0_0 = 0.00199895
Hl_0_0_l_0_0_0_0 = 0.00197134
Hl_0_0_l_0_0_0_0_0 = 0.00142794
Hl_0_0_l_0_0_0_0_0_0 = 0.0014126
Hl_0_0_l_0_0_0_0_0_0_0 = 0.00111068
Hl_0_0_l_0_0_0_0_0_0_0_0 = 0.00110091
Hl_0_0_l_0_0_0_0_0_0_0_0_0 = 0.000908759
Hl_0_0_l_0_0_0_0_0_0_0_0_0_0 = 0.000902
Hl_0_0_l_0_0_0_0_0_0_0_0_0_0_0 = 0.000768961
Hl_0_0_l_0_0_0_0_0_0_0_0_0_0_0_0 = 0.000764004
Hl_0_0_l_0_0_0_0_0_0_0_0_0_0_0_0_0 = 0.000666437
Hl_0_0_l_0_0_0_0_0_0_0_0_0_0_0_0_0_0 = 0.000662646
Hl_0_0_l_0_0_0_0_0_0_0_0_0_0_0_0_0_0_0 = 0.000588033
Hl_0_0_l_0_0_0_0_0_0_0_0_0_0_0_0_0_0_0_0 = 0.00058504
Hl_0_0_l_0_0_0_0_0_0_0_0_0_0_0_0_0_0_0_0_0 = 0.000526133
Hl_0_0_l_0_0_0_0_0_0_0_0_0_0_0_0_0_0_0_0_0_0 = 0.00052371
Hl_0_0_l_0_0_0_0_0_0_0_0_0_0_0_0_0_0_0_0_0_0_0 = 0.000476023
Hl_0_0_l_0_0_0_0_0_0_0_0_0_0_0_0_0_0_0_0_0_0_0_0 = 0.000473835
Hr_0_0 = 0.00999989
I = 1
pi2_0_0_0_0 = 9.72365e-05
pi2_0_0_0_0_l_0 = 3.35167e-05
pi2_0_0_0_0_l_0_0 = 3.28127e-05
pi2_0_0_0_0_l_0_0_0 = 2.00834e-05
pi2_0_0_0_0_l_0_0_0_0 = 1.9783e-05
pi2_0_0_0_0_l_0_0_0_0_0 = 1.43328e-05
pi2_0_0_0_0_l_0_0_0_0_0_0 = 1.41664e-05
pi2_0_0_0_0_l_0_0_0_0_0_0_0 = 1.11408e-05
pi2_0_0_0_0_l_0_0_0_0_0_0_0_0 = 1.10352e-05
pi2_0_0_0_0_l_0_0_0_0_0_0_0_0_0 = 9.11101e-06
pi2_0_0_0_0_l_0_0_0_0_0_0_0_0_0_0 = 9.03804e-06
pi2_0_0_0_0_l_0_0_0_0_0_0_0_0_0_0_0 = 7.70657e-06
pi2_0_0_0_0_l_0_0_0_0_0_0_0_0_0_0_0_0 = 7.65312e-06
pi2_0_0_0_0_l_0_0_0_0_0_0_0_0_0_0_0_0_0 = 6.67712e-06
pi2_0_0_0_0_l_0_0_0_0_0_0_0_0_0_0_0_0_0_0 = 6.63629e-06
pi2_0_0_0_0_l_0_0_0_0_0_0_0_0_0_0_0_0_0_0_0 = 5.89021e-06
pi2_0_0_0_0_l_0_0_0_0_0_0_0_0_0_0_0_0_0_0_0_0 = 5.85799e-06
pi2_0_0_0_0_l_0_0_0_0_0_0_0_0_0_0_0_0_0_0_0_0_0 = 5.26916e-06
pi2_0_0_0_0_l_0_0_0_0_0_0_0_0_0_0_0_0_0_0_0_0_0_0 = 5.2431e-06
pi2_0_0_0_0_l_0_0_0_0_0_0_0_0_0_0_0_0_0_0_0_0_0_0_0 = 4.76656e-06
pi2_0_0_0_0_l_0_0_0_0_0_0_0_0_0_0_0_0_0_0_0_0_0_0_0_0 = 4.74316e-06
