DD_0_0 = 4.26676e-06
DD_0_0_l_0 = 1.2608e-06
DD_0_0_l_0_0 = 1.16388e-06
Dr_0_0 = 5.67992e-08
Dr_0_0_l_0 = 1.14884e-06
Dr_0_0_l_0_0 = 5.77396e-07
Dr_0_0_l_0_0_0 = 7.96862e-07
Hl_0_0 = 0.0096666
Hl_0_0_l_0 = 0.00333306
Hl_0_0_l_0_0 = 0.00322571
Hr_0_0 = 0.00999989
I = 1
pi2_0_0_0_0 = 9.72344e-05
pi2_0_0_0_0_l_0 = 3.35387e-05
pi2_0_0_0_0_l_0_0 = 3.24003e-05
