DD_0_0 = 4.76188e-07
DD_0_0_l_0 = 1.60938e-07
DD_0_0_l_0_0 = 1.56389e-07
DD_0_0_l_0_0_0 = 9.39585e-08
DD_0_0_l_0_0_0_0 = 9.18515e-08
DD_0_0_l_0_0_0_0_0 = 6.53597e-08
Dr_0_0 = 9.05872e-10
Dr_0_0_l_0 = 1.83944e-08
Dr_0_0_l_0_0 = 1.2181e-08
Dr_0_0_l_0_0_0 = 1.73701e-08
Dr_0_0_l_0_0_0_0 = 1.35937e-08
Dr_0_0_l_0_0_0_0_0 = 1.64492e-08
Dr_0_0_l_0_0_0_0_0_0 = 1.37086e-08
Hl_0_0 = 0.0096668
Hl_0_0_l_0 = 0.00333102
Hl_0_0_l_0_0 = 0.0032666
Hl_0_0_l_0_0_0 = 0.00199895
Hl_0_0_l_0_0_0_0 = 0.00197135
Hl_0_0_l_0_0_0_0_0 = 0.00142769
Hr_0_0 = 0.0099999
I = 1
pi2_0_0_0_0 = 9.66752e-05
pi2_0_0_0_0_l_0 = 3.33138e-05
pi2_0_0_0_0_l_0_0 = 3.26689e-05
pi2_0_0_0_0_l_0_0_0 = 1.99916e-05
pi2_0_0_0_0_l_0_0_0_0 = 1.97153e-05
pi2_0_0_0_0_l_0_0_0_0_0 = 1.42784e-05
