DD_0_0 = 3.12383e-05
DD_0_0_l_0 = 6.18461e-06
DD_0_0_l_0_0 = 5.92882e-06
DD_0_0_l_0_0_0 = 2.49187e-06
DD_0_0_l_0_0_0_0 = 2.41238e-06
DD_0_0_l_0_0_0_0_0 = 1.31249e-06
Dr_0_0 = 1.21869e-05
Dr_0_0_l_0 = 2.59029e-05
Dr_0_0_l_0_0 = 9.2501e-06
Dr_0_0_l_0_0_0 = 1.27068e-05
Dr_0_0_l_0_0_0_0 = 6.08746e-06
Dr_0_0_l_0_0_0_0_0 = 7.37181e-06
Dr_0_0_l_0_0_0_0_0_0 = 4.33961e-06
Hl_0_0 = 0.00686975
Hl_0_0_l_0 = 0.00313018
Hl_0_0_l_0_0 = 0.00269603
Hl_0_0_l_0_0_0 = 0.00191164
Hl_0_0_l_0_0_0_0 = 0.00172698
Hl_0_0_l_0_0_0_0_0 = 0.00136461
Hr_0_0 = 0.00998771
I = 1
pi2_0_0_0_0 = 8.02421e-05
pi2_0_0_0_0_l_0 = 3.32561e-05
pi2_0_0_0_0_l_0_0 = 2.85023e-05
pi2_0_0_0_0_l_0_0_0 = 1.97663e-05
pi2_0_0_0_0_l_0_0_0_0 = 1.76347e-05
pi2_0_0_0_0_l_0_0_0_0_0 = 1.39306e-05
