DD_0_0 = 2.99072e-05
DD_0_0_l_0 = 6.8186e-06
DD_0_0_l_0_0 = 4.92113e-06
Dr_0_0 = 1.17066e-05
Dr_0_0_l_0 = 2.46819e-05
Dr_0_0_l_0_0 = 1.04563e-05
Dr_0_0_l_0_0_0 = 1.09389e-05
Hl_0_0 = 0.00678571
Hl_0_0_l_0 = 0.00321422
Hl_0_0_l_0_0 = 0.00249994
Hr_0_0 = 0.00998819
I = 1
pi2_0_0_0_0 = 7.8735e-05
pi2_0_0_0_0_l_0 = 3.46354e-05
pi2_0_0_0_0_l_0_0 = 2.61601e-05
