DD_0_0 = 2.81949e-05
DD_0_0_l_0 = 5.83582e-06
DD_0_0_l_0_0 = 5.46876e-06
DD_0_0_l_0_0_0 = 2.36468e-06
DD_0_0_l_0_0_0_0 = 2.26927e-06
DD_0_0_l_0_0_0_0_0 = 1.25819e-06
DD_0_0_l_0_0_0_0_0_0 = 1.22429e-06
DD_0_0_l_0_0_0_0_0_0_0 = 7.73414e-07
DD_0_0_l_0_0_0_0_0_0_0_0 = 7.58985e-07
DD_0_0_l_0_0_0_0_0_0_0_0_0 = 5.21987e-07
DD_0_0_l_0_0_0_0_0_0_0_0_0_0 = 5.01862e-07
Dr_0_0 = 1.07803e-05
Dr_0_0_l_0 = 2.29698e-05
Dr_0_0_l_0_0 = 8.46298e-06
Dr_0_0_l_0_0_0 = 1.14118e-05
Dr_0_0_l_0_0_0_0 = 5.55017e-06
Dr_0_0_l_0_0_0_0_0 = 7.02221e-06
Dr_0_0_l_0_0_0_0_0_0 = 3.90901e-06
Dr_0_0_l_0_0_0_0_0_0_0 = 4.82567e-06
Dr_0_0_l_0_0_0_0_0_0_0_0 = 2.91481e-06
Dr_0_0_l_0_0_0_0_0_0_0_0_0 = 3.54692e-06
Dr_0_0_l_0_0_0_0_0_0_0_0_0_0 = 2.30529e-06
Dr_0_0_l_0_0_0_0_0_0_0_0_0_0_0 = 2.66569e-06
Hl_0_0 = 0.00686964
Hl_0_0_l_0 = 0.00313029
Hl_0_0_l_0_0 = 0.00269578
Hl_0_0_l_0_0_0 = 0.00191239
Hl_0_0_l_0_0_0_0 = 0.00172397
Hl_0_0_l_0_0_0_0_0 = 0.00137967
Hl_0_0_l_0_0_0_0_0_0 = 0.0012742
Hl_0_0_l_0_0_0_0_0_0_0 = 0.00107988
Hl_0_0_l_0_0_0_0_0_0_0_0 = 0.00101233
Hl_0_0_l_0_0_0_0_0_0_0_0_0 = 0.000888118
Hl_0_0_l_0_0_0_0_0_0_0_0_0_0 = 0.000833247
Hr_0_0 = 0.00998912
I = 1
pi2_0_0_0_0 = 7.89235e-05
pi2_0_0_0_0_l_0 = 3.3128e-05
pi2_0_0_0_0_l_0_0 = 2.83691e-05
pi2_0_0_0_0_l_0_0_0 = 1.97177e-05
pi2_0_0_0_0_l_0_0_0_0 = 1.76531e-05
pi2_0_0_0_0_l_0_0_0_0_0 = 1.40509e-05
pi2_0_0_0_0_l_0_0_0_0_0_0 = 1.28917e-05
pi2_0_0_0_0_l_0_0_0_0_0_0_0 = 1.09237e-05
pi2_0_0_0_0_l_0_0_0_0_0_0_0_0 = 1.01779e-05
pi2_0_0_0_0_l_0_0_0_0_0_0_0_0_0 = 8.95086e-06
pi2_0_0_0_0_l_0_0_0_0_0_0_0_0_0_0 = 8.34552e-06
