DD_0_0 = 2.70917e-05
DD_0_0_l_0 = 6.40532e-06
DD_0_0_l_0_0 = 4.5689e-06
Dr_0_0 = 1.03907e-05
Dr_0_0_l_0 = 2.19712e-05
Dr_0_0_l_0_0 = 9.54597e-06
Dr_0_0_l_0_0_0 = 9.87647e-06
Hl_0_0 = 0.00678571
Hl_0_0_l_0 = 0.00321422
Hl_0_0_l_0_0 = 0.00249994
Hr_0_0 = 0.00998951
I = 1
pi2_0_0_0_0 = 7.75309e-05
pi2_0_0_0_0_l_0 = 3.44474e-05
pi2_0_0_0_0_l_0_0 = 2.6072e-05
