DD_0_0 = 3.3705e-07
DD_0_0_l_0 = 1.50579e-07
DD_0_0_l_0_0 = 1.28309e-07
DD_0_0_l_0_0_0 = 8.94518e-08
DD_0_0_l_0_0_0_0 = 7.9959e-08
DD_0_0_l_0_0_0_0_0 = 6.21445e-08
Dr_0_0 = 6.38759e-09
Dr_0_0_l_0 = 1.5519e-08
Dr_0_0_l_0_0 = 1.34203e-08
Dr_0_0_l_0_0_0 = 1.55967e-08
Dr_0_0_l_0_0_0_0 = 1.41351e-08
Dr_0_0_l_0_0_0_0_0 = 1.53931e-08
Dr_0_0_l_0_0_0_0_0_0 = 1.3963e-08
Hl_0_0 = 0.00686975
Hl_0_0_l_0 = 0.00313018
Hl_0_0_l_0_0 = 0.00269603
Hl_0_0_l_0_0_0 = 0.00191164
Hl_0_0_l_0_0_0_0 = 0.00172698
Hl_0_0_l_0_0_0_0_0 = 0.00136461
Hr_0_0 = 0.00999989
I = 1
pi2_0_0_0_0 = 6.87028e-05
pi2_0_0_0_0_l_0 = 3.1305e-05
pi2_0_0_0_0_l_0_0 = 2.69627e-05
pi2_0_0_0_0_l_0_0_0 = 1.91184e-05
pi2_0_0_0_0_l_0_0_0_0 = 1.72715e-05
pi2_0_0_0_0_l_0_0_0_0_0 = 1.36474e-05
