DD_0_0 = 1.1426e-06
DD_0_0_l_0 = 1.57747e-06
DD_0_0_l_0_0 = 8.65169e-07
Dr_0_0 = 1.21137e-06
Dr_0_0_l_0 = 1.55811e-06
Dr_0_0_l_0_0 = 2.07742e-06
Dr_0_0_l_0_0_0 = 1.60351e-06
Hl_0_0 = 0.00173386
Hl_0_0_l_0 = 0.00165322
Hl_0_0_l_0_0 = 0.00124998
Hr_0_0 = 0.00999384
I = 1
pi2_0_0_0_0 = 1.76458e-05
pi2_0_0_0_0_l_0 = 1.69249e-05
pi2_0_0_0_0_l_0_0 = 1.27266e-05
