DD_0_0 = 2.99917e-06
DD_0_0_l_0 = 1.55244e-06
DD_0_0_l_0_0 = 1.22992e-06
DD_0_0_l_0_0_0 = 8.26638e-07
DD_0_0_l_0_0_0_0 = 7.27387e-07
DD_0_0_l_0_0_0_0_0 = 5.04479e-07
Dr_0_0 = 4.24078e-06
Dr_0_0_l_0 = 3.44532e-06
Dr_0_0_l_0_0 = 2.78148e-06
Dr_0_0_l_0_0_0 = 2.39055e-06
Dr_0_0_l_0_0_0_0 = 2.04089e-06
Dr_0_0_l_0_0_0_0_0 = 1.75852e-06
Dr_0_0_l_0_0_0_0_0_0 = 1.48257e-06
Hl_0_0 = 0.00208224
Hl_0_0_l_0 = 0.00158355
Hl_0_0_l_0_0 = 0.00139397
Hl_0_0_l_0_0_0 = 0.00116358
Hl_0_0_l_0_0_0_0 = 0.00108553
Hl_0_0_l_0_0_0_0_0 = 0.00091439
Hr_0_0 = 0.0099787
I = 1
pi2_0_0_0_0 = 2.11357e-05
pi2_0_0_0_0_l_0 = 1.59915e-05
pi2_0_0_0_0_l_0_0 = 1.40301e-05
pi2_0_0_0_0_l_0_0_0 = 1.17014e-05
pi2_0_0_0_0_l_0_0_0_0 = 1.08832e-05
pi2_0_0_0_0_l_0_0_0_0_0 = 9.16611e-06
