DD_0_0 = 2.5447e-06
DD_0_0_l_0 = 1.57054e-06
DD_0_0_l_0_0 = 1.12849e-06
DD_0_0_l_0_0_0 = 8.50541e-07
DD_0_0_l_0_0_0_0 = 6.68185e-07
DD_0_0_l_0_0_0_0_0 = 5.40782e-07
DD_0_0_l_0_0_0_0_0_0 = 4.45092e-07
DD_0_0_l_0_0_0_0_0_0_0 = 3.76395e-07
DD_0_0_l_0_0_0_0_0_0_0_0 = 3.17108e-07
DD_0_0_l_0_0_0_0_0_0_0_0_0 = 2.80326e-07
DD_0_0_l_0_0_0_0_0_0_0_0_0_0 = 2.31002e-07
Dr_0_0 = 3.39745e-06
Dr_0_0_l_0 = 3.04407e-06
Dr_0_0_l_0_0 = 2.55015e-06
Dr_0_0_l_0_0_0 = 2.20394e-06
Dr_0_0_l_0_0_0_0 = 1.90683e-06
Dr_0_0_l_0_0_0_0_0 = 1.67965e-06
Dr_0_0_l_0_0_0_0_0_0 = 1.48552e-06
Dr_0_0_l_0_0_0_0_0_0_0 = 1.33228e-06
Dr_0_0_l_0_0_0_0_0_0_0_0 = 1.19356e-06
Dr_0_0_l_0_0_0_0_0_0_0_0_0 = 1.09383e-06
Dr_0_0_l_0_0_0_0_0_0_0_0_0_0 = 9.70032e-07
Dr_0_0_l_0_0_0_0_0_0_0_0_0_0_0 = 8.82693e-07
Hl_0_0 = 0.00199689
Hl_0_0_l_0 = 0.00160062
Hl_0_0_l_0_0 = 0.0013587
Hl_0_0_l_0_0_0 = 0.00118475
Hl_0_0_l_0_0_0_0 = 0.00105152
Hl_0_0_l_0_0_0_0_0 = 0.000948399
Hl_0_0_l_0_0_0_0_0_0 = 0.00086138
Hl_0_0_l_0_0_0_0_0_0_0 = 0.000793951
Hl_0_0_l_0_0_0_0_0_0_0_0 = 0.000729193
Hl_0_0_l_0_0_0_0_0_0_0_0_0 = 0.000687295
Hl_0_0_l_0_0_0_0_0_0_0_0_0_0 = 0.000624942
Hr_0_0 = 0.00998291
I = 1
pi2_0_0_0_0 = 2.03454e-05
pi2_0_0_0_0_l_0 = 1.62181e-05
pi2_0_0_0_0_l_0_0 = 1.372e-05
pi2_0_0_0_0_l_0_0_0 = 1.19367e-05
pi2_0_0_0_0_l_0_0_0_0 = 1.05765e-05
pi2_0_0_0_0_l_0_0_0_0_0 = 9.52681e-06
pi2_0_0_0_0_l_0_0_0_0_0_0 = 8.64472e-06
pi2_0_0_0_0_l_0_0_0_0_0_0_0 = 7.96034e-06
pi2_0_0_0_0_l_0_0_0_0_0_0_0_0 = 7.30841e-06
pi2_0_0_0_0_l_0_0_0_0_0_0_0_0_0 = 6.88144e-06
pi2_0_0_0_0_l_0_0_0_0_0_0_0_0_0_0 = 6.25569e-06
