DD_0_0 = 2.90229e-06
DD_0_0_l_0 = 1.51385e-06
DD_0_0_l_0_0 = 1.20144e-06
DD_0_0_l_0_0_0 = 8.09841e-07
DD_0_0_l_0_0_0_0 = 7.13342e-07
DD_0_0_l_0_0_0_0_0 = 4.95839e-07
Dr_0_0 = 4.04298e-06
Dr_0_0_l_0 = 3.29786e-06
Dr_0_0_l_0_0 = 2.67134e-06
Dr_0_0_l_0_0_0 = 2.30187e-06
Dr_0_0_l_0_0_0_0 = 1.96728e-06
Dr_0_0_l_0_0_0_0_0 = 1.69974e-06
Dr_0_0_l_0_0_0_0_0_0 = 1.4344e-06
Hl_0_0 = 0.00208224
Hl_0_0_l_0 = 0.00158355
Hl_0_0_l_0_0 = 0.00139397
Hl_0_0_l_0_0_0 = 0.00116358
Hl_0_0_l_0_0_0_0 = 0.00108553
Hl_0_0_l_0_0_0_0_0 = 0.00091439
Hr_0_0 = 0.00997969
I = 1
pi2_0_0_0_0 = 2.1127e-05
pi2_0_0_0_0_l_0 = 1.59894e-05
pi2_0_0_0_0_l_0_0 = 1.40306e-05
pi2_0_0_0_0_l_0_0_0 = 1.17017e-05
pi2_0_0_0_0_l_0_0_0_0 = 1.08851e-05
pi2_0_0_0_0_l_0_0_0_0_0 = 9.1674e-06
