DD_0_0 = 2.21058e-06
DD_0_0_l_0 = 1.228e-06
DD_0_0_l_0_0 = 9.87184e-07
DD_0_0_l_0_0_0 = 6.81927e-07
DD_0_0_l_0_0_0_0 = 6.0518e-07
DD_0_0_l_0_0_0_0_0 = 4.28575e-07
Dr_0_0 = 2.68714e-06
Dr_0_0_l_0 = 2.27138e-06
Dr_0_0_l_0_0 = 1.89481e-06
Dr_0_0_l_0_0_0 = 1.66857e-06
Dr_0_0_l_0_0_0_0 = 1.43988e-06
Dr_0_0_l_0_0_0_0_0 = 1.27323e-06
Dr_0_0_l_0_0_0_0_0_0 = 1.08368e-06
Hl_0_0 = 0.00208224
Hl_0_0_l_0 = 0.00158355
Hl_0_0_l_0_0 = 0.00139397
Hl_0_0_l_0_0_0 = 0.00116358
Hl_0_0_l_0_0_0_0 = 0.00108553
Hl_0_0_l_0_0_0_0_0 = 0.00091439
Hr_0_0 = 0.00998646
I = 1
pi2_0_0_0_0 = 2.10604e-05
pi2_0_0_0_0_l_0 = 1.59691e-05
pi2_0_0_0_0_l_0_0 = 1.40289e-05
pi2_0_0_0_0_l_0_0_0 = 1.17e-05
pi2_0_0_0_0_l_0_0_0_0 = 1.08944e-05
pi2_0_0_0_0_l_0_0_0_0_0 = 9.17396e-06
