DD_0_0 = 1.95713e-06
DD_0_0_l_0 = 1.25781e-06
DD_0_0_l_0_0 = 9.23636e-07
DD_0_0_l_0_0_0 = 7.07094e-07
DD_0_0_l_0_0_0_0 = 5.6402e-07
DD_0_0_l_0_0_0_0_0 = 4.60188e-07
DD_0_0_l_0_0_0_0_0_0 = 3.8399e-07
DD_0_0_l_0_0_0_0_0_0_0 = 3.25092e-07
DD_0_0_l_0_0_0_0_0_0_0_0 = 2.79287e-07
DD_0_0_l_0_0_0_0_0_0_0_0_0 = 2.424e-07
DD_0_0_l_0_0_0_0_0_0_0_0_0_0 = 2.12596e-07
DD_0_0_l_0_0_0_0_0_0_0_0_0_0_0 = 1.87884e-07
DD_0_0_l_0_0_0_0_0_0_0_0_0_0_0_0 = 1.67362e-07
DD_0_0_l_0_0_0_0_0_0_0_0_0_0_0_0_0 = 1.49968e-07
DD_0_0_l_0_0_0_0_0_0_0_0_0_0_0_0_0_0 = 1.35219e-07
DD_0_0_l_0_0_0_0_0_0_0_0_0_0_0_0_0_0_0 = 1.22502e-07
DD_0_0_l_0_0_0_0_0_0_0_0_0_0_0_0_0_0_0_0 = 1.11534e-07
DD_0_0_l_0_0_0_0_0_0_0_0_0_0_0_0_0_0_0_0_0 = 1.01972e-07
DD_0_0_l_0_0_0_0_0_0_0_0_0_0_0_0_0_0_0_0_0_0 = 9.35128e-08
DD_0_0_l_0_0_0_0_0_0_0_0_0_0_0_0_0_0_0_0_0_0_0 = 8.64463e-08
DD_0_0_l_0_0_0_0_0_0_0_0_0_0_0_0_0_0_0_0_0_0_0_0 = 7.8498e-08
Dr_0_0 = 2.2733e-06
Dr_0_0_l_0 = 2.09557e-06
Dr_0_0_l_0_0 = 1.80209e-06
Dr_0_0_l_0_0_0 = 1.58303e-06
Dr_0_0_l_0_0_0_0 = 1.39014e-06
Dr_0_0_l_0_0_0_0_0 = 1.23822e-06
Dr_0_0_l_0_0_0_0_0_0 = 1.10693e-06
Dr_0_0_l_0_0_0_0_0_0_0 = 9.99708e-07
Dr_0_0_l_0_0_0_0_0_0_0_0 = 9.06091e-07
Dr_0_0_l_0_0_0_0_0_0_0_0_0 = 8.27633e-07
Dr_0_0_l_0_0_0_0_0_0_0_0_0_0 = 7.58235e-07
Dr_0_0_l_0_0_0_0_0_0_0_0_0_0_0 = 6.98933e-07
Dr_0_0_l_0_0_0_0_0_0_0_0_0_0_0_0 = 6.45851e-07
Dr_0_0_l_0_0_0_0_0_0_0_0_0_0_0_0_0 = 5.99799e-07
Dr_0_0_l_0_0_0_0_0_0_0_0_0_0_0_0_0_0 = 5.58147e-07
Dr_0_0_l_0_0_0_0_0_0_0_0_0_0_0_0_0_0_0 = 5.21578e-07
Dr_0_0_l_0_0_0_0_0_0_0_0_0_0_0_0_0_0_0_0 = 4.88181e-07
Dr_0_0_l_0_0_0_0_0_0_0_0_0_0_0_0_0_0_0_0_0 = 4.58654e-07
Dr_0_0_l_0_0_0_0_0_0_0_0_0_0_0_0_0_0_0_0_0_0 = 4.31158e-07
Dr_0_0_l_0_0_0_0_0_0_0_0_0_0_0_0_0_0_0_0_0_0_0 = 4.07889e-07
Dr_0_0_l_0_0_0_0_0_0_0_0_0_0_0_0_0_0_0_0_0_0_0_0 = 3.80955e-07
Dr_0_0_l_0_0_0_0_0_0_0_0_0_0_0_0_0_0_0_0_0_0_0_0_0 = 3.60567e-07
Hl_0_0 = 0.00199909
Hl_0_0_l_0 = 0.00160018
Hl_0_0_l_0_0 = 0.00135961
Hl_0_0_l_0_0_0 = 0.0011842
Hl_0_0_l_0_0_0_0 = 0.0010524
Hl_0_0_l_0_0_0_0_0 = 0.00094752
Hl_0_0_l_0_0_0_0_0_0 = 0.000862749
Hl_0_0_l_0_0_0_0_0_0_0 = 0.000792034
Hl_0_0_l_0_0_0_0_0_0_0_0 = 0.000732507
Hl_0_0_l_0_0_0_0_0_0_0_0_0 = 0.000681329
Hl_0_0_l_0_0_0_0_0_0_0_0_0_0 = 0.000637081
Hl_0_0_l_0_0_0_0_0_0_0_0_0_0_0 = 0.000598222
Hl_0_0_l_0_0_0_0_0_0_0_0_0_0_0_0 = 0.000563976
Hl_0_0_l_0_0_0_0_0_0_0_0_0_0_0_0_0 = 0.000533421
Hl_0_0_l_0_0_0_0_0_0_0_0_0_0_0_0_0_0 = 0.000506098
Hl_0_0_l_0_0_0_0_0_0_0_0_0_0_0_0_0_0_0 = 0.000481425
Hl_0_0_l_0_0_0_0_0_0_0_0_0_0_0_0_0_0_0_0 = 0.000459085
Hl_0_0_l_0_0_0_0_0_0_0_0_0_0_0_0_0_0_0_0_0 = 0.000438789
Hl_0_0_l_0_0_0_0_0_0_0_0_0_0_0_0_0_0_0_0_0_0 = 0.000419969
Hl_0_0_l_0_0_0_0_0_0_0_0_0_0_0_0_0_0_0_0_0_0_0 = 0.000403756
Hl_0_0_l_0_0_0_0_0_0_0_0_0_0_0_0_0_0_0_0_0_0_0_0 = 0.000384542
Hr_0_0 = 0.00998853
I = 1
pi2_0_0_0_0 = 2.02671e-05
pi2_0_0_0_0_l_0 = 1.61694e-05
pi2_0_0_0_0_l_0_0 = 1.37067e-05
pi2_0_0_0_0_l_0_0_0 = 1.19199e-05
pi2_0_0_0_0_l_0_0_0_0 = 1.058e-05
pi2_0_0_0_0_l_0_0_0_0_0 = 9.51692e-06
pi2_0_0_0_0_l_0_0_0_0_0_0 = 8.65866e-06
pi2_0_0_0_0_l_0_0_0_0_0_0_0 = 7.94423e-06
pi2_0_0_0_0_l_0_0_0_0_0_0_0_0 = 7.34325e-06
pi2_0_0_0_0_l_0_0_0_0_0_0_0_0_0 = 6.82738e-06
pi2_0_0_0_0_l_0_0_0_0_0_0_0_0_0_0 = 6.38155e-06
pi2_0_0_0_0_l_0_0_0_0_0_0_0_0_0_0_0 = 5.99052e-06
pi2_0_0_0_0_l_0_0_0_0_0_0_0_0_0_0_0_0 = 5.64598e-06
pi2_0_0_0_0_l_0_0_0_0_0_0_0_0_0_0_0_0_0 = 5.33891e-06
pi2_0_0_0_0_l_0_0_0_0_0_0_0_0_0_0_0_0_0_0 = 5.06433e-06
pi2_0_0_0_0_l_0_0_0_0_0_0_0_0_0_0_0_0_0_0_0 = 4.81661e-06
pi2_0_0_0_0_l_0_0_0_0_0_0_0_0_0_0_0_0_0_0_0_0 = 4.59233e-06
pi2_0_0_0_0_l_0_0_0_0_0_0_0_0_0_0_0_0_0_0_0_0_0 = 4.38868e-06
pi2_0_0_0_0_l_0_0_0_0_0_0_0_0_0_0_0_0_0_0_0_0_0_0 = 4.19997e-06
pi2_0_0_0_0_l_0_0_0_0_0_0_0_0_0_0_0_0_0_0_0_0_0_0_0 = 4.03715e-06
pi2_0_0_0_0_l_0_0_0_0_0_0_0_0_0_0_0_0_0_0_0_0_0_0_0_0 = 3.84474e-06
