DD_0_0 = 9.90044e-08
DD_0_0_l_0 = 7.38851e-08
DD_0_0_l_0_0 = 6.43035e-08
DD_0_0_l_0_0_0 = 5.27573e-08
DD_0_0_l_0_0_0_0 = 4.87958e-08
DD_0_0_l_0_0_0_0_0 = 4.03004e-08
Dr_0_0 = 9.10631e-09
Dr_0_0_l_0 = 1.02309e-08
Dr_0_0_l_0_0 = 1.09202e-08
Dr_0_0_l_0_0_0 = 1.13232e-08
Dr_0_0_l_0_0_0_0 = 1.13291e-08
Dr_0_0_l_0_0_0_0_0 = 1.22165e-08
Dr_0_0_l_0_0_0_0_0_0 = 1.14744e-08
Hl_0_0 = 0.00208224
Hl_0_0_l_0 = 0.00158355
Hl_0_0_l_0_0 = 0.00139397
Hl_0_0_l_0_0_0 = 0.00116358
Hl_0_0_l_0_0_0_0 = 0.00108553
Hl_0_0_l_0_0_0_0_0 = 0.00091439
Hr_0_0 = 0.00999985
I = 1
pi2_0_0_0_0 = 2.0824e-05
pi2_0_0_0_0_l_0 = 1.58368e-05
pi2_0_0_0_0_l_0_0 = 1.39409e-05
pi2_0_0_0_0_l_0_0_0 = 1.16367e-05
pi2_0_0_0_0_l_0_0_0_0 = 1.08563e-05
pi2_0_0_0_0_l_0_0_0_0_0 = 9.14466e-06
