DD_0_0 = 9.48657e-08
DD_0_0_l_0 = 7.47407e-08
DD_0_0_l_0_0 = 6.26093e-08
DD_0_0_l_0_0_0 = 5.37876e-08
DD_0_0_l_0_0_0_0 = 4.71753e-08
DD_0_0_l_0_0_0_0_0 = 4.19307e-08
DD_0_0_l_0_0_0_0_0_0 = 3.77049e-08
DD_0_0_l_0_0_0_0_0_0_0 = 3.41929e-08
DD_0_0_l_0_0_0_0_0_0_0_0 = 3.1247e-08
DD_0_0_l_0_0_0_0_0_0_0_0_0 = 2.87244e-08
DD_0_0_l_0_0_0_0_0_0_0_0_0_0 = 2.65517e-08
DD_0_0_l_0_0_0_0_0_0_0_0_0_0_0 = 2.46517e-08
DD_0_0_l_0_0_0_0_0_0_0_0_0_0_0_0 = 2.29839e-08
DD_0_0_l_0_0_0_0_0_0_0_0_0_0_0_0_0 = 2.15025e-08
DD_0_0_l_0_0_0_0_0_0_0_0_0_0_0_0_0_0 = 2.01832e-08
DD_0_0_l_0_0_0_0_0_0_0_0_0_0_0_0_0_0_0 = 1.89973e-08
DD_0_0_l_0_0_0_0_0_0_0_0_0_0_0_0_0_0_0_0 = 1.79281e-08
DD_0_0_l_0_0_0_0_0_0_0_0_0_0_0_0_0_0_0_0_0 = 1.69611e-08
DD_0_0_l_0_0_0_0_0_0_0_0_0_0_0_0_0_0_0_0_0_0 = 1.60688e-08
DD_0_0_l_0_0_0_0_0_0_0_0_0_0_0_0_0_0_0_0_0_0_0 = 1.53022e-08
DD_0_0_l_0_0_0_0_0_0_0_0_0_0_0_0_0_0_0_0_0_0_0_0 = 1.44022e-08
Dr_0_0 = 8.70873e-09
Dr_0_0_l_0 = 1.0152e-08
Dr_0_0_l_0_0 = 1.08292e-08
Dr_0_0_l_0_0_0 = 1.12168e-08
Dr_0_0_l_0_0_0_0 = 1.14098e-08
Dr_0_0_l_0_0_0_0_0 = 1.14968e-08
Dr_0_0_l_0_0_0_0_0_0 = 1.15035e-08
Dr_0_0_l_0_0_0_0_0_0_0 = 1.14634e-08
Dr_0_0_l_0_0_0_0_0_0_0_0 = 1.13849e-08
Dr_0_0_l_0_0_0_0_0_0_0_0_0 = 1.12842e-08
Dr_0_0_l_0_0_0_0_0_0_0_0_0_0 = 1.1164e-08
Dr_0_0_l_0_0_0_0_0_0_0_0_0_0_0 = 1.10335e-08
Dr_0_0_l_0_0_0_0_0_0_0_0_0_0_0_0 = 1.08932e-08
Dr_0_0_l_0_0_0_0_0_0_0_0_0_0_0_0_0 = 1.07487e-08
Dr_0_0_l_0_0_0_0_0_0_0_0_0_0_0_0_0_0 = 1.05996e-08
Dr_0_0_l_0_0_0_0_0_0_0_0_0_0_0_0_0_0_0 = 1.04497e-08
Dr_0_0_l_0_0_0_0_0_0_0_0_0_0_0_0_0_0_0_0 = 1.02983e-08
Dr_0_0_l_0_0_0_0_0_0_0_0_0_0_0_0_0_0_0_0_0 = 1.01477e-08
Dr_0_0_l_0_0_0_0_0_0_0_0_0_0_0_0_0_0_0_0_0_0 = 9.99825e-09
Dr_0_0_l_0_0_0_0_0_0_0_0_0_0_0_0_0_0_0_0_0_0_0 = 9.84753e-09
Dr_0_0_l_0_0_0_0_0_0_0_0_0_0_0_0_0_0_0_0_0_0_0_0 = 9.70869e-09
Dr_0_0_l_0_0_0_0_0_0_0_0_0_0_0_0_0_0_0_0_0_0_0_0_0 = 9.52539e-09
Hl_0_0 = 0.00199909
Hl_0_0_l_0 = 0.00160018
Hl_0_0_l_0_0 = 0.00135961
Hl_0_0_l_0_0_0 = 0.0011842
Hl_0_0_l_0_0_0_0 = 0.0010524
Hl_0_0_l_0_0_0_0_0 = 0.00094752
Hl_0_0_l_0_0_0_0_0_0 = 0.000862749
Hl_0_0_l_0_0_0_0_0_0_0 = 0.000792034
Hl_0_0_l_0_0_0_0_0_0_0_0 = 0.000732507
Hl_0_0_l_0_0_0_0_0_0_0_0_0 = 0.000681329
Hl_0_0_l_0_0_0_0_0_0_0_0_0_0 = 0.000637081
Hl_0_0_l_0_0_0_0_0_0_0_0_0_0_0 = 0.000598222
Hl_0_0_l_0_0_0_0_0_0_0_0_0_0_0_0 = 0.000563976
Hl_0_0_l_0_0_0_0_0_0_0_0_0_0_0_0_0 = 0.000533421
Hl_0_0_l_0_0_0_0_0_0_0_0_0_0_0_0_0_0 = 0.000506098
Hl_0_0_l_0_0_0_0_0_0_0_0_0_0_0_0_0_0_0 = 0.000481425
Hl_0_0_l_0_0_0_0_0_0_0_0_0_0_0_0_0_0_0_0 = 0.000459085
Hl_0_0_l_0_0_0_0_0_0_0_0_0_0_0_0_0_0_0_0_0 = 0.000438789
Hl_0_0_l_0_0_0_0_0_0_0_0_0_0_0_0_0_0_0_0_0_0 = 0.000419969
Hl_0_0_l_0_0_0_0_0_0_0_0_0_0_0_0_0_0_0_0_0_0_0 = 0.000403756
Hl_0_0_l_0_0_0_0_0_0_0_0_0_0_0_0_0_0_0_0_0_0_0_0 = 0.000384542
Hr_0_0 = 0.00999986
I = 1
pi2_0_0_0_0 = 1.99925e-05
pi2_0_0_0_0_l_0 = 1.60031e-05
pi2_0_0_0_0_l_0_0 = 1.35972e-05
pi2_0_0_0_0_l_0_0_0 = 1.1843e-05
pi2_0_0_0_0_l_0_0_0_0 = 1.05249e-05
pi2_0_0_0_0_l_0_0_0_0_0 = 9.47599e-06
pi2_0_0_0_0_l_0_0_0_0_0_0 = 8.62819e-06
pi2_0_0_0_0_l_0_0_0_0_0_0_0 = 7.92097e-06
pi2_0_0_0_0_l_0_0_0_0_0_0_0_0 = 7.32564e-06
pi2_0_0_0_0_l_0_0_0_0_0_0_0_0_0 = 6.8138e-06
pi2_0_0_0_0_l_0_0_0_0_0_0_0_0_0_0 = 6.37128e-06
pi2_0_0_0_0_l_0_0_0_0_0_0_0_0_0_0_0 = 5.98266e-06
pi2_0_0_0_0_l_0_0_0_0_0_0_0_0_0_0_0_0 = 5.64016e-06
pi2_0_0_0_0_l_0_0_0_0_0_0_0_0_0_0_0_0_0 = 5.33458e-06
pi2_0_0_0_0_l_0_0_0_0_0_0_0_0_0_0_0_0_0_0 = 5.06131e-06
pi2_0_0_0_0_l_0_0_0_0_0_0_0_0_0_0_0_0_0_0_0 = 4.81456e-06
pi2_0_0_0_0_l_0_0_0_0_0_0_0_0_0_0_0_0_0_0_0_0 = 4.59114e-06
pi2_0_0_0_0_l_0_0_0_0_0_0_0_0_0_0_0_0_0_0_0_0_0 = 4.38816e-06
pi2_0_0_0_0_l_0_0_0_0_0_0_0_0_0_0_0_0_0_0_0_0_0_0 = 4.19994e-06
pi2_0_0_0_0_l_0_0_0_0_0_0_0_0_0_0_0_0_0_0_0_0_0_0_0 = 4.0378e-06
pi2_0_0_0_0_l_0_0_0_0_0_0_0_0_0_0_0_0_0_0_0_0_0_0_0_0 = 3.84564e-06
