DD_0_0 = 1.4078e-07
DD_0_0_l_0 = 4.24662e-07
DD_0_0_l_0_0 = 3.01275e-07
Dr_0_0 = 3.03419e-08
Dr_0_0_l_0 = 2.72453e-07
Dr_0_0_l_0_0 = 5.2301e-07
Dr_0_0_l_0_0_0 = 4.94651e-07
Hl_0_0 = 0.000856304
Hl_0_0_l_0 = 0.000914369
Hl_0_0_l_0_0 = 0.000769222
Hr_0_0 = 0.0099996
I = 1
pi2_0_0_0_0 = 8.64298e-06
pi2_0_0_0_0_l_0 = 9.27759e-06
pi2_0_0_0_0_l_0_0 = 7.77112e-06
