DD_0_0 = 4.11946e-07
DD_0_0_l_0 = 4.59716e-07
DD_0_0_l_0_0 = 3.44324e-07
DD_0_0_l_0_0_0 = 3.20949e-07
DD_0_0_l_0_0_0_0 = 2.56606e-07
DD_0_0_l_0_0_0_0_0 = 2.38778e-07
DD_0_0_l_0_0_0_0_0_0 = 1.96567e-07
DD_0_0_l_0_0_0_0_0_0_0 = 1.85641e-07
DD_0_0_l_0_0_0_0_0_0_0_0 = 1.54623e-07
DD_0_0_l_0_0_0_0_0_0_0_0_0 = 1.49415e-07
DD_0_0_l_0_0_0_0_0_0_0_0_0_0 = 1.23871e-07
Dr_0_0 = 4.82376e-07
Dr_0_0_l_0 = 6.78692e-07
Dr_0_0_l_0_0 = 6.56885e-07
Dr_0_0_l_0_0_0 = 6.28563e-07
Dr_0_0_l_0_0_0_0 = 5.95619e-07
Dr_0_0_l_0_0_0_0_0 = 5.54923e-07
Dr_0_0_l_0_0_0_0_0_0 = 5.23263e-07
Dr_0_0_l_0_0_0_0_0_0_0 = 4.88503e-07
Dr_0_0_l_0_0_0_0_0_0_0_0 = 4.58121e-07
Dr_0_0_l_0_0_0_0_0_0_0_0_0 = 4.3375e-07
Dr_0_0_l_0_0_0_0_0_0_0_0_0_0 = 4.00495e-07
Dr_0_0_l_0_0_0_0_0_0_0_0_0_0_0 = 3.71087e-07
Hl_0_0 = 0.000963273
Hl_0_0_l_0 = 0.000903672
Hl_0_0_l_0_0 = 0.000807018
Hl_0_0_l_0_0_0 = 0.000757883
Hl_0_0_l_0_0_0_0 = 0.000689482
Hl_0_0_l_0_0_0_0_0 = 0.000655232
Hl_0_0_l_0_0_0_0_0_0 = 0.000601577
Hl_0_0_l_0_0_0_0_0_0_0 = 0.00057885
Hl_0_0_l_0_0_0_0_0_0_0_0 = 0.000532782
Hl_0_0_l_0_0_0_0_0_0_0_0_0 = 0.000520432
Hl_0_0_l_0_0_0_0_0_0_0_0_0_0 = 0.000476151
Hr_0_0 = 0.00999508
I = 1
pi2_0_0_0_0 = 9.75922e-06
pi2_0_0_0_0_l_0 = 9.11788e-06
pi2_0_0_0_0_l_0_0 = 8.12858e-06
pi2_0_0_0_0_l_0_0_0 = 7.62402e-06
pi2_0_0_0_0_l_0_0_0_0 = 6.93047e-06
pi2_0_0_0_0_l_0_0_0_0_0 = 6.58097e-06
pi2_0_0_0_0_l_0_0_0_0_0_0 = 6.03972e-06
pi2_0_0_0_0_l_0_0_0_0_0_0_0 = 5.80789e-06
pi2_0_0_0_0_l_0_0_0_0_0_0_0_0 = 5.34482e-06
pi2_0_0_0_0_l_0_0_0_0_0_0_0_0_0 = 5.218e-06
pi2_0_0_0_0_l_0_0_0_0_0_0_0_0_0_0 = 4.77297e-06
