DD_0_0 = 1.46286e-07
DD_0_0_l_0 = 4.22706e-07
DD_0_0_l_0_0 = 2.99426e-07
Dr_0_0 = 4.31972e-08
Dr_0_0_l_0 = 2.7918e-07
Dr_0_0_l_0_0 = 5.22069e-07
Dr_0_0_l_0_0_0 = 4.919e-07
Hl_0_0 = 0.000856304
Hl_0_0_l_0 = 0.000914369
Hl_0_0_l_0_0 = 0.000769222
Hr_0_0 = 0.00999947
I = 1
pi2_0_0_0_0 = 8.6426e-06
pi2_0_0_0_0_l_0 = 9.27476e-06
pi2_0_0_0_0_l_0_0 = 7.76956e-06
