DD_0_0 = 1.83658e-07
DD_0_0_l_0 = 4.01763e-07
DD_0_0_l_0_0 = 2.82268e-07
Dr_0_0 = 1.28757e-07
Dr_0_0_l_0 = 3.15811e-07
Dr_0_0_l_0_0 = 5.01228e-07
Dr_0_0_l_0_0_0 = 4.60465e-07
Hl_0_0 = 0.000856304
Hl_0_0_l_0 = 0.000914369
Hl_0_0_l_0_0 = 0.000769222
Hr_0_0 = 0.00999861
I = 1
pi2_0_0_0_0 = 8.63715e-06
pi2_0_0_0_0_l_0 = 9.25206e-06
pi2_0_0_0_0_l_0_0 = 7.75695e-06
