DD_0_0 = 8.24638e-07
DD_0_0_l_0 = 3.97078e-07
DD_0_0_l_0_0 = 4.09954e-07
DD_0_0_l_0_0_0 = 2.79569e-07
DD_0_0_l_0_0_0_0 = 2.80325e-07
DD_0_0_l_0_0_0_0_0 = 2.08411e-07
Dr_0_0 = 1.61429e-06
Dr_0_0_l_0 = 1.00354e-06
Dr_0_0_l_0_0 = 8.85986e-07
Dr_0_0_l_0_0_0 = 7.5254e-07
Dr_0_0_l_0_0_0_0 = 6.811e-07
Dr_0_0_l_0_0_0_0_0 = 6.06189e-07
Dr_0_0_l_0_0_0_0_0_0 = 5.29178e-07
Hl_0_0 = 0.00112258
Hl_0_0_l_0 = 0.000887741
Hl_0_0_l_0_0 = 0.000863306
Hl_0_0_l_0_0_0 = 0.000740996
Hl_0_0_l_0_0_0_0 = 0.000728098
Hl_0_0_l_0_0_0_0_0 = 0.000635922
Hr_0_0 = 0.00998376
I = 1
pi2_0_0_0_0 = 1.10605e-05
pi2_0_0_0_0_l_0 = 8.81238e-06
pi2_0_0_0_0_l_0_0 = 8.57735e-06
pi2_0_0_0_0_l_0_0_0 = 7.37995e-06
pi2_0_0_0_0_l_0_0_0_0 = 7.24672e-06
pi2_0_0_0_0_l_0_0_0_0_0 = 6.33867e-06
