DD_0_0 = 5.07036e-07
DD_0_0_l_0 = 4.10472e-07
DD_0_0_l_0_0 = 3.40952e-07
DD_0_0_l_0_0_0 = 2.88811e-07
DD_0_0_l_0_0_0_0 = 2.48174e-07
DD_0_0_l_0_0_0_0_0 = 2.15934e-07
DD_0_0_l_0_0_0_0_0_0 = 1.89696e-07
DD_0_0_l_0_0_0_0_0_0_0 = 1.68153e-07
DD_0_0_l_0_0_0_0_0_0_0_0 = 1.50093e-07
DD_0_0_l_0_0_0_0_0_0_0_0_0 = 1.34912e-07
DD_0_0_l_0_0_0_0_0_0_0_0_0_0 = 1.21891e-07
DD_0_0_l_0_0_0_0_0_0_0_0_0_0_0 = 1.10769e-07
DD_0_0_l_0_0_0_0_0_0_0_0_0_0_0_0 = 1.01036e-07
DD_0_0_l_0_0_0_0_0_0_0_0_0_0_0_0_0 = 9.26492e-08
DD_0_0_l_0_0_0_0_0_0_0_0_0_0_0_0_0_0 = 8.51397e-08
DD_0_0_l_0_0_0_0_0_0_0_0_0_0_0_0_0_0_0 = 7.87013e-08
DD_0_0_l_0_0_0_0_0_0_0_0_0_0_0_0_0_0_0_0 = 7.26985e-08
DD_0_0_l_0_0_0_0_0_0_0_0_0_0_0_0_0_0_0_0_0 = 6.77895e-08
DD_0_0_l_0_0_0_0_0_0_0_0_0_0_0_0_0_0_0_0_0_0 = 6.26459e-08
DD_0_0_l_0_0_0_0_0_0_0_0_0_0_0_0_0_0_0_0_0_0_0 = 5.93447e-08
DD_0_0_l_0_0_0_0_0_0_0_0_0_0_0_0_0_0_0_0_0_0_0_0 = 5.3851e-08
Dr_0_0 = 7.63874e-07
Dr_0_0_l_0 = 7.08512e-07
Dr_0_0_l_0_0 = 6.53694e-07
Dr_0_0_l_0_0_0 = 6.03398e-07
Dr_0_0_l_0_0_0_0 = 5.58147e-07
Dr_0_0_l_0_0_0_0_0 = 5.17573e-07
Dr_0_0_l_0_0_0_0_0_0 = 4.8135e-07
Dr_0_0_l_0_0_0_0_0_0_0 = 4.48827e-07
Dr_0_0_l_0_0_0_0_0_0_0_0 = 4.19684e-07
Dr_0_0_l_0_0_0_0_0_0_0_0_0 = 3.9336e-07
Dr_0_0_l_0_0_0_0_0_0_0_0_0_0 = 3.69627e-07
Dr_0_0_l_0_0_0_0_0_0_0_0_0_0_0 = 3.4805e-07
Dr_0_0_l_0_0_0_0_0_0_0_0_0_0_0_0 = 3.28463e-07
Dr_0_0_l_0_0_0_0_0_0_0_0_0_0_0_0_0 = 3.10568e-07
Dr_0_0_l_0_0_0_0_0_0_0_0_0_0_0_0_0_0 = 2.9417e-07
Dr_0_0_l_0_0_0_0_0_0_0_0_0_0_0_0_0_0_0 = 2.79218e-07
Dr_0_0_l_0_0_0_0_0_0_0_0_0_0_0_0_0_0_0_0 = 2.65209e-07
Dr_0_0_l_0_0_0_0_0_0_0_0_0_0_0_0_0_0_0_0_0 = 2.52838e-07
Dr_0_0_l_0_0_0_0_0_0_0_0_0_0_0_0_0_0_0_0_0_0 = 2.40223e-07
Dr_0_0_l_0_0_0_0_0_0_0_0_0_0_0_0_0_0_0_0_0_0_0 = 2.31026e-07
Dr_0_0_l_0_0_0_0_0_0_0_0_0_0_0_0_0_0_0_0_0_0_0_0 = 2.17093e-07
Dr_0_0_l_0_0_0_0_0_0_0_0_0_0_0_0_0_0_0_0_0_0_0_0_0 = 2.07312e-07
Hl_0_0 = 0.000999876
Hl_0_0_l_0 = 0.000900011
Hl_0_0_l_0_0 = 0.000819951
Hl_0_0_l_0_0_0 = 0.000754003
Hl_0_0_l_0_0_0_0 = 0.000698355
Hl_0_0_l_0_0_0_0_0 = 0.000650795
Hl_0_0_l_0_0_0_0_0_0 = 0.000609469
Hl_0_0_l_0_0_0_0_0_0_0 = 0.000573326
Hl_0_0_l_0_0_0_0_0_0_0_0 = 0.00054127
Hl_0_0_l_0_0_0_0_0_0_0_0_0 = 0.000512792
Hl_0_0_l_0_0_0_0_0_0_0_0_0_0 = 0.000487122
Hl_0_0_l_0_0_0_0_0_0_0_0_0_0_0 = 0.000464081
Hl_0_0_l_0_0_0_0_0_0_0_0_0_0_0_0 = 0.000442998
Hl_0_0_l_0_0_0_0_0_0_0_0_0_0_0_0_0 = 0.000423997
Hl_0_0_l_0_0_0_0_0_0_0_0_0_0_0_0_0_0 = 0.00040628
Hl_0_0_l_0_0_0_0_0_0_0_0_0_0_0_0_0_0_0 = 0.000390454
Hl_0_0_l_0_0_0_0_0_0_0_0_0_0_0_0_0_0_0_0 = 0.000375129
Hl_0_0_l_0_0_0_0_0_0_0_0_0_0_0_0_0_0_0_0_0 = 0.000362133
Hl_0_0_l_0_0_0_0_0_0_0_0_0_0_0_0_0_0_0_0_0_0 = 0.000347995
Hl_0_0_l_0_0_0_0_0_0_0_0_0_0_0_0_0_0_0_0_0_0_0 = 0.000338643
Hl_0_0_l_0_0_0_0_0_0_0_0_0_0_0_0_0_0_0_0_0_0_0_0 = 0.000322524
Hr_0_0 = 0.00999226
I = 1
pi2_0_0_0_0 = 1.00355e-05
pi2_0_0_0_0_l_0 = 9.02822e-06
pi2_0_0_0_0_l_0_0 = 8.22139e-06
pi2_0_0_0_0_l_0_0_0 = 7.55729e-06
pi2_0_0_0_0_l_0_0_0_0 = 6.99731e-06
pi2_0_0_0_0_l_0_0_0_0_0 = 6.51899e-06
pi2_0_0_0_0_l_0_0_0_0_0_0 = 6.1036e-06
pi2_0_0_0_0_l_0_0_0_0_0_0_0 = 5.74047e-06
pi2_0_0_0_0_l_0_0_0_0_0_0_0_0 = 5.41855e-06
pi2_0_0_0_0_l_0_0_0_0_0_0_0_0_0 = 5.13264e-06
pi2_0_0_0_0_l_0_0_0_0_0_0_0_0_0_0 = 4.87504e-06
pi2_0_0_0_0_l_0_0_0_0_0_0_0_0_0_0_0 = 4.64385e-06
pi2_0_0_0_0_l_0_0_0_0_0_0_0_0_0_0_0_0 = 4.43241e-06
pi2_0_0_0_0_l_0_0_0_0_0_0_0_0_0_0_0_0_0 = 4.24185e-06
pi2_0_0_0_0_l_0_0_0_0_0_0_0_0_0_0_0_0_0_0 = 4.06427e-06
pi2_0_0_0_0_l_0_0_0_0_0_0_0_0_0_0_0_0_0_0_0 = 3.90558e-06
pi2_0_0_0_0_l_0_0_0_0_0_0_0_0_0_0_0_0_0_0_0_0 = 3.7521e-06
pi2_0_0_0_0_l_0_0_0_0_0_0_0_0_0_0_0_0_0_0_0_0_0 = 3.62174e-06
pi2_0_0_0_0_l_0_0_0_0_0_0_0_0_0_0_0_0_0_0_0_0_0_0 = 3.4803e-06
pi2_0_0_0_0_l_0_0_0_0_0_0_0_0_0_0_0_0_0_0_0_0_0_0_0 = 3.38633e-06
pi2_0_0_0_0_l_0_0_0_0_0_0_0_0_0_0_0_0_0_0_0_0_0_0_0_0 = 3.22508e-06
