DD_0_0 = 5.48723e-05
DD_0_0_l_0 = 5.90305e-06
DD_0_0_l_0_0 = 9.23547e-06
DD_0_0_l_0_0_0 = 2.37525e-06
DD_0_0_l_0_0_0_0 = 3.51381e-06
DD_0_0_l_0_0_0_0_0 = 1.25888e-06
Dr_0_0 = 2.63107e-14
Dr_0_0_l_0 = 4.38102e-05
Dr_0_0_l_0_0 = 5.89568e-06
Dr_0_0_l_0_0_0 = 2.01712e-05
Dr_0_0_l_0_0_0_0 = 4.31382e-06
Dr_0_0_l_0_0_0_0_0 = 1.18204e-05
Dr_0_0_l_0_0_0_0_0_0 = 3.16296e-06
Hl_0_0 = 0.0099999
Hl_0_0_l_0 = 0.00333323
Hl_0_0_l_0_0 = 0.00333323
Hl_0_0_l_0_0_0 = 0.0019999
Hl_0_0_l_0_0_0_0 = 0.0019999
Hl_0_0_l_0_0_0_0_0 = 0.00142847
Hr_0_0 = 0.0099999
I = 1
pi2_0_0_0_0 = 0.000121902
pi2_0_0_0_0_l_0 = 3.55424e-05
pi2_0_0_0_0_l_0_0 = 3.59655e-05
pi2_0_0_0_0_l_0_0_0 = 2.07779e-05
pi2_0_0_0_0_l_0_0_0_0 = 2.06812e-05
pi2_0_0_0_0_l_0_0_0_0_0 = 1.46516e-05
