DD_0_0 = 3.05286e-07
DD_0_0_l_0 = 1.25747e-07
DD_0_0_l_0_0 = 1.44134e-07
DD_0_0_l_0_0_0 = 1.01662e-07
DD_0_0_l_0_0_0_0 = 1.05837e-07
DD_0_0_l_0_0_0_0_0 = 8.47988e-08
Dr_0_0 = 9.03264e-07
Dr_0_0_l_0 = 4.70561e-07
Dr_0_0_l_0_0 = 4.29452e-07
Dr_0_0_l_0_0_0 = 3.4017e-07
Dr_0_0_l_0_0_0_0 = 3.19495e-07
Dr_0_0_l_0_0_0_0_0 = 2.76327e-07
Dr_0_0_l_0_0_0_0_0_0 = 2.43403e-07
Hl_0_0 = 0.000573832
Hl_0_0_l_0 = 0.000471308
Hl_0_0_l_0_0 = 0.000477478
Hl_0_0_l_0_0_0 = 0.000428375
Hl_0_0_l_0_0_0_0 = 0.000429086
Hl_0_0_l_0_0_0_0_0 = 0.00039272
Hr_0_0 = 0.00998183
I = 1
pi2_0_0_0_0 = 5.53597e-06
pi2_0_0_0_0_l_0 = 4.62925e-06
pi2_0_0_0_0_l_0_0 = 4.6971e-06
pi2_0_0_0_0_l_0_0_0 = 4.2373e-06
pi2_0_0_0_0_l_0_0_0_0 = 4.24249e-06
pi2_0_0_0_0_l_0_0_0_0_0 = 3.89445e-06
