DD_0_0 = 3.09464e-07
DD_0_0_l_0 = 1.26928e-07
DD_0_0_l_0_0 = 1.45384e-07
DD_0_0_l_0_0_0 = 1.02376e-07
DD_0_0_l_0_0_0_0 = 1.06565e-07
DD_0_0_l_0_0_0_0_0 = 8.52997e-08
Dr_0_0 = 9.22506e-07
Dr_0_0_l_0 = 4.80086e-07
Dr_0_0_l_0_0 = 4.37818e-07
Dr_0_0_l_0_0_0 = 3.46191e-07
Dr_0_0_l_0_0_0_0 = 3.25123e-07
Dr_0_0_l_0_0_0_0_0 = 2.80737e-07
Dr_0_0_l_0_0_0_0_0_0 = 2.47066e-07
Hl_0_0 = 0.000573832
Hl_0_0_l_0 = 0.000471308
Hl_0_0_l_0_0 = 0.000477478
Hl_0_0_l_0_0_0 = 0.000428375
Hl_0_0_l_0_0_0_0 = 0.000429086
Hl_0_0_l_0_0_0_0_0 = 0.00039272
Hr_0_0 = 0.00998145
I = 1
pi2_0_0_0_0 = 5.53133e-06
pi2_0_0_0_0_l_0 = 4.62728e-06
pi2_0_0_0_0_l_0_0 = 4.69521e-06
pi2_0_0_0_0_l_0_0_0 = 4.23615e-06
pi2_0_0_0_0_l_0_0_0_0 = 4.24127e-06
pi2_0_0_0_0_l_0_0_0_0_0 = 3.89361e-06
