DD_0_0 = -4.33735e-08
DD_0_0_l_0 = 1.17475e-07
DD_0_0_l_0_0 = 7.26059e-08
DD_0_0_l_0_0_0 = 9.84072e-08
DD_0_0_l_0_0_0_0 = 7.49944e-08
DD_0_0_l_0_0_0_0_0 = 8.31913e-08
DD_0_0_l_0_0_0_0_0_0 = 6.81033e-08
DD_0_0_l_0_0_0_0_0_0_0 = 7.11594e-08
DD_0_0_l_0_0_0_0_0_0_0_0 = 6.04863e-08
DD_0_0_l_0_0_0_0_0_0_0_0_0 = 6.15111e-08
DD_0_0_l_0_0_0_0_0_0_0_0_0_0 = 5.3628e-08
Dr_0_0 = -4.22368e-07
Dr_0_0_l_0 = -2.31788e-08
Dr_0_0_l_0_0 = 1.39259e-08
Dr_0_0_l_0_0_0 = 7.11561e-08
Dr_0_0_l_0_0_0_0 = 8.60157e-08
Dr_0_0_l_0_0_0_0_0 = 1.00675e-07
Dr_0_0_l_0_0_0_0_0_0 = 1.07469e-07
Dr_0_0_l_0_0_0_0_0_0_0 = 1.10322e-07
Dr_0_0_l_0_0_0_0_0_0_0_0 = 1.13292e-07
Dr_0_0_l_0_0_0_0_0_0_0_0_0 = 1.12049e-07
Dr_0_0_l_0_0_0_0_0_0_0_0_0_0 = 1.12884e-07
Dr_0_0_l_0_0_0_0_0_0_0_0_0_0_0 = 1.09918e-07
Hl_0_0 = 0.00044275
Hl_0_0_l_0 = 0.000477862
Hl_0_0_l_0_0 = 0.000433129
Hl_0_0_l_0_0_0 = 0.000435027
Hl_0_0_l_0_0_0_0 = 0.000401539
Hl_0_0_l_0_0_0_0_0 = 0.000399607
Hl_0_0_l_0_0_0_0_0_0 = 0.000371927
Hl_0_0_l_0_0_0_0_0_0_0 = 0.00036981
Hl_0_0_l_0_0_0_0_0_0_0_0 = 0.000345695
Hl_0_0_l_0_0_0_0_0_0_0_0_0 = 0.000344414
Hl_0_0_l_0_0_0_0_0_0_0_0_0_0 = 0.00032256
Hr_0_0 = 0.0100083
I = 1
pi2_0_0_0_0 = 4.59097e-06
pi2_0_0_0_0_l_0 = 4.87431e-06
pi2_0_0_0_0_l_0_0 = 4.39922e-06
pi2_0_0_0_0_l_0_0_0 = 4.40552e-06
pi2_0_0_0_0_l_0_0_0_0 = 4.05821e-06
pi2_0_0_0_0_l_0_0_0_0_0 = 4.03409e-06
pi2_0_0_0_0_l_0_0_0_0_0_0 = 3.74997e-06
pi2_0_0_0_0_l_0_0_0_0_0_0_0 = 3.72665e-06
pi2_0_0_0_0_l_0_0_0_0_0_0_0_0 = 3.48045e-06
pi2_0_0_0_0_l_0_0_0_0_0_0_0_0_0 = 3.46675e-06
pi2_0_0_0_0_l_0_0_0_0_0_0_0_0_0_0 = 3.24432e-06
