DD_0_0 = 5.33536e-08
DD_0_0_l_0 = 1.10766e-07
DD_0_0_l_0_0 = 9.4315e-08
Dr_0_0 = 4.54921e-08
Dr_0_0_l_0 = 9.98603e-08
Dr_0_0_l_0_0 = 1.53283e-07
Dr_0_0_l_0_0_0 = 1.58071e-07
Hl_0_0 = 0.000447629
Hl_0_0_l_0 = 0.000477618
Hl_0_0_l_0_0 = 0.00043478
Hr_0_0 = 0.00999899
I = 1
pi2_0_0_0_0 = 4.49169e-06
pi2_0_0_0_0_l_0 = 4.80602e-06
pi2_0_0_0_0_l_0_0 = 4.36518e-06
