DD_0_0 = 5.28616e-08
DD_0_0_l_0 = 8.33715e-08
DD_0_0_l_0_0 = 6.30645e-08
DD_0_0_l_0_0_0 = 6.89287e-08
DD_0_0_l_0_0_0_0 = 5.6686e-08
DD_0_0_l_0_0_0_0_0 = 5.86786e-08
DD_0_0_l_0_0_0_0_0_0 = 4.99993e-08
DD_0_0_l_0_0_0_0_0_0_0 = 5.07834e-08
DD_0_0_l_0_0_0_0_0_0_0_0 = 4.41726e-08
DD_0_0_l_0_0_0_0_0_0_0_0_0 = 4.44657e-08
DD_0_0_l_0_0_0_0_0_0_0_0_0_0 = 3.92591e-08
Dr_0_0 = 2.321e-08
Dr_0_0_l_0 = 9.06351e-08
Dr_0_0_l_0_0 = 8.06193e-08
Dr_0_0_l_0_0_0 = 8.93476e-08
Dr_0_0_l_0_0_0_0 = 8.47644e-08
Dr_0_0_l_0_0_0_0_0 = 8.56447e-08
Dr_0_0_l_0_0_0_0_0_0 = 8.26515e-08
Dr_0_0_l_0_0_0_0_0_0_0 = 8.13955e-08
Dr_0_0_l_0_0_0_0_0_0_0_0 = 7.89747e-08
Dr_0_0_l_0_0_0_0_0_0_0_0_0 = 7.71553e-08
Dr_0_0_l_0_0_0_0_0_0_0_0_0_0 = 7.48781e-08
Dr_0_0_l_0_0_0_0_0_0_0_0_0_0_0 = 7.17143e-08
Hl_0_0 = 0.00044275
Hl_0_0_l_0 = 0.000477862
Hl_0_0_l_0_0 = 0.000433129
Hl_0_0_l_0_0_0 = 0.000435027
Hl_0_0_l_0_0_0_0 = 0.000401539
Hl_0_0_l_0_0_0_0_0 = 0.000399607
Hl_0_0_l_0_0_0_0_0_0 = 0.000371927
Hl_0_0_l_0_0_0_0_0_0_0 = 0.00036981
Hl_0_0_l_0_0_0_0_0_0_0_0 = 0.000345695
Hl_0_0_l_0_0_0_0_0_0_0_0_0 = 0.000344414
Hl_0_0_l_0_0_0_0_0_0_0_0_0_0 = 0.00032256
Hr_0_0 = 0.00999944
I = 1
pi2_0_0_0_0 = 4.45915e-06
pi2_0_0_0_0_l_0 = 4.79401e-06
pi2_0_0_0_0_l_0_0 = 4.34299e-06
pi2_0_0_0_0_l_0_0_0 = 4.35926e-06
pi2_0_0_0_0_l_0_0_0_0 = 4.02266e-06
pi2_0_0_0_0_l_0_0_0_0_0 = 4.0023e-06
pi2_0_0_0_0_l_0_0_0_0_0_0 = 3.7245e-06
pi2_0_0_0_0_l_0_0_0_0_0_0_0 = 3.70278e-06
pi2_0_0_0_0_l_0_0_0_0_0_0_0_0 = 3.46096e-06
pi2_0_0_0_0_l_0_0_0_0_0_0_0_0_0 = 3.44783e-06
pi2_0_0_0_0_l_0_0_0_0_0_0_0_0_0_0 = 3.22874e-06
