DD_0_0 = 5.94478e-08
DD_0_0_l_0 = 7.99742e-08
DD_0_0_l_0_0 = 6.63621e-08
Dr_0_0 = 6.0182e-08
Dr_0_0_l_0 = 7.97732e-08
Dr_0_0_l_0_0 = 9.47234e-08
Dr_0_0_l_0_0_0 = 9.07126e-08
Hl_0_0 = 0.000447629
Hl_0_0_l_0 = 0.000477618
Hl_0_0_l_0_0 = 0.00043478
Hr_0_0 = 0.0099987
I = 1
pi2_0_0_0_0 = 4.48563e-06
pi2_0_0_0_0_l_0 = 4.78717e-06
pi2_0_0_0_0_l_0_0 = 4.35453e-06
