DD_0_0 = 1.79585e-08
DD_0_0_l_0 = 1.97806e-08
DD_0_0_l_0_0 = 1.74508e-08
DD_0_0_l_0_0_0 = 1.75777e-08
DD_0_0_l_0_0_0_0 = 1.58645e-08
DD_0_0_l_0_0_0_0_0 = 1.57898e-08
DD_0_0_l_0_0_0_0_0_0 = 1.4395e-08
DD_0_0_l_0_0_0_0_0_0_0 = 1.4306e-08
DD_0_0_l_0_0_0_0_0_0_0_0 = 1.31079e-08
DD_0_0_l_0_0_0_0_0_0_0_0_0 = 1.30554e-08
DD_0_0_l_0_0_0_0_0_0_0_0_0_0 = 1.19873e-08
Dr_0_0 = 5.63836e-09
Dr_0_0_l_0 = 6.85034e-09
Dr_0_0_l_0_0 = 6.64446e-09
Dr_0_0_l_0_0_0 = 7.01005e-09
Dr_0_0_l_0_0_0_0 = 6.92474e-09
Dr_0_0_l_0_0_0_0_0 = 7.07964e-09
Dr_0_0_l_0_0_0_0_0_0 = 7.04616e-09
Dr_0_0_l_0_0_0_0_0_0_0 = 7.0768e-09
Dr_0_0_l_0_0_0_0_0_0_0_0 = 7.10331e-09
Dr_0_0_l_0_0_0_0_0_0_0_0_0 = 6.99985e-09
Dr_0_0_l_0_0_0_0_0_0_0_0_0_0 = 7.16183e-09
Dr_0_0_l_0_0_0_0_0_0_0_0_0_0_0 = 7.02664e-09
Hl_0_0 = 0.00044275
Hl_0_0_l_0 = 0.000477862
Hl_0_0_l_0_0 = 0.000433129
Hl_0_0_l_0_0_0 = 0.000435027
Hl_0_0_l_0_0_0_0 = 0.000401539
Hl_0_0_l_0_0_0_0_0 = 0.000399607
Hl_0_0_l_0_0_0_0_0_0 = 0.000371927
Hl_0_0_l_0_0_0_0_0_0_0 = 0.00036981
Hl_0_0_l_0_0_0_0_0_0_0_0 = 0.000345695
Hl_0_0_l_0_0_0_0_0_0_0_0_0 = 0.000344414
Hl_0_0_l_0_0_0_0_0_0_0_0_0_0 = 0.00032256
Hr_0_0 = 0.00999979
I = 1
pi2_0_0_0_0 = 4.42815e-06
pi2_0_0_0_0_l_0 = 4.77899e-06
pi2_0_0_0_0_l_0_0 = 4.33161e-06
pi2_0_0_0_0_l_0_0_0 = 4.35055e-06
pi2_0_0_0_0_l_0_0_0_0 = 4.01563e-06
pi2_0_0_0_0_l_0_0_0_0_0 = 3.99629e-06
pi2_0_0_0_0_l_0_0_0_0_0_0 = 3.71947e-06
pi2_0_0_0_0_l_0_0_0_0_0_0_0 = 3.69829e-06
pi2_0_0_0_0_l_0_0_0_0_0_0_0_0 = 3.45711e-06
pi2_0_0_0_0_l_0_0_0_0_0_0_0_0_0 = 3.4443e-06
pi2_0_0_0_0_l_0_0_0_0_0_0_0_0_0_0 = 3.22575e-06
