DD_0_0 = 2.00618e-08
DD_0_0_l_0 = 1.96111e-08
DD_0_0_l_0_0 = 1.81557e-08
DD_0_0_l_0_0_0 = 1.74356e-08
DD_0_0_l_0_0_0_0 = 1.6298e-08
DD_0_0_l_0_0_0_0_0 = 1.5657e-08
DD_0_0_l_0_0_0_0_0_0 = 1.4719e-08
DD_0_0_l_0_0_0_0_0_0_0 = 1.41746e-08
DD_0_0_l_0_0_0_0_0_0_0_0 = 1.33772e-08
DD_0_0_l_0_0_0_0_0_0_0_0_0 = 1.2921e-08
DD_0_0_l_0_0_0_0_0_0_0_0_0_0 = 1.22268e-08
DD_0_0_l_0_0_0_0_0_0_0_0_0_0_0 = 1.18485e-08
DD_0_0_l_0_0_0_0_0_0_0_0_0_0_0_0 = 1.12306e-08
DD_0_0_l_0_0_0_0_0_0_0_0_0_0_0_0_0 = 1.09223e-08
DD_0_0_l_0_0_0_0_0_0_0_0_0_0_0_0_0_0 = 1.03593e-08
DD_0_0_l_0_0_0_0_0_0_0_0_0_0_0_0_0_0_0 = 1.01169e-08
DD_0_0_l_0_0_0_0_0_0_0_0_0_0_0_0_0_0_0_0 = 9.58917e-09
DD_0_0_l_0_0_0_0_0_0_0_0_0_0_0_0_0_0_0_0_0 = 9.41395e-09
DD_0_0_l_0_0_0_0_0_0_0_0_0_0_0_0_0_0_0_0_0_0 = 8.90029e-09
DD_0_0_l_0_0_0_0_0_0_0_0_0_0_0_0_0_0_0_0_0_0_0 = 8.80109e-09
DD_0_0_l_0_0_0_0_0_0_0_0_0_0_0_0_0_0_0_0_0_0_0_0 = 8.27349e-09
Dr_0_0 = 6.45011e-09
Dr_0_0_l_0 = 6.87236e-09
Dr_0_0_l_0_0 = 6.89213e-09
Dr_0_0_l_0_0_0 = 7.04305e-09
Dr_0_0_l_0_0_0_0 = 7.05607e-09
Dr_0_0_l_0_0_0_0_0 = 7.12122e-09
Dr_0_0_l_0_0_0_0_0_0 = 7.1194e-09
Dr_0_0_l_0_0_0_0_0_0_0 = 7.13562e-09
Dr_0_0_l_0_0_0_0_0_0_0_0 = 7.12203e-09
Dr_0_0_l_0_0_0_0_0_0_0_0_0 = 7.10562e-09
Dr_0_0_l_0_0_0_0_0_0_0_0_0_0 = 7.08452e-09
Dr_0_0_l_0_0_0_0_0_0_0_0_0_0_0 = 7.04437e-09
Dr_0_0_l_0_0_0_0_0_0_0_0_0_0_0_0 = 7.01977e-09
Dr_0_0_l_0_0_0_0_0_0_0_0_0_0_0_0_0 = 6.961e-09
Dr_0_0_l_0_0_0_0_0_0_0_0_0_0_0_0_0_0 = 6.93648e-09
Dr_0_0_l_0_0_0_0_0_0_0_0_0_0_0_0_0_0_0 = 6.862e-09
Dr_0_0_l_0_0_0_0_0_0_0_0_0_0_0_0_0_0_0_0 = 6.84062e-09
Dr_0_0_l_0_0_0_0_0_0_0_0_0_0_0_0_0_0_0_0_0 = 6.75234e-09
Dr_0_0_l_0_0_0_0_0_0_0_0_0_0_0_0_0_0_0_0_0_0 = 6.73577e-09
Dr_0_0_l_0_0_0_0_0_0_0_0_0_0_0_0_0_0_0_0_0_0_0 = 6.63711e-09
Dr_0_0_l_0_0_0_0_0_0_0_0_0_0_0_0_0_0_0_0_0_0_0_0 = 6.62162e-09
Dr_0_0_l_0_0_0_0_0_0_0_0_0_0_0_0_0_0_0_0_0_0_0_0_0 = 6.51051e-09
Hl_0_0 = 0.000484798
Hl_0_0_l_0 = 0.00047576
Hl_0_0_l_0_0 = 0.000447355
Hl_0_0_l_0_0_0 = 0.000432893
Hl_0_0_l_0_0_0_0 = 0.000410375
Hl_0_0_l_0_0_0_0_0 = 0.000397398
Hl_0_0_l_0_0_0_0_0_0 = 0.000378597
Hl_0_0_l_0_0_0_0_0_0_0 = 0.000367475
Hl_0_0_l_0_0_0_0_0_0_0_0 = 0.000351301
Hl_0_0_l_0_0_0_0_0_0_0_0_0 = 0.000341891
Hl_0_0_l_0_0_0_0_0_0_0_0_0_0 = 0.000327645
Hl_0_0_l_0_0_0_0_0_0_0_0_0_0_0 = 0.000319763
Hl_0_0_l_0_0_0_0_0_0_0_0_0_0_0_0 = 0.000306936
Hl_0_0_l_0_0_0_0_0_0_0_0_0_0_0_0_0 = 0.000300451
Hl_0_0_l_0_0_0_0_0_0_0_0_0_0_0_0_0_0 = 0.000288625
Hl_0_0_l_0_0_0_0_0_0_0_0_0_0_0_0_0_0_0 = 0.000283481
Hl_0_0_l_0_0_0_0_0_0_0_0_0_0_0_0_0_0_0_0 = 0.000272265
Hl_0_0_l_0_0_0_0_0_0_0_0_0_0_0_0_0_0_0_0_0 = 0.000268515
Hl_0_0_l_0_0_0_0_0_0_0_0_0_0_0_0_0_0_0_0_0_0 = 0.00025747
Hl_0_0_l_0_0_0_0_0_0_0_0_0_0_0_0_0_0_0_0_0_0_0 = 0.000255335
Hl_0_0_l_0_0_0_0_0_0_0_0_0_0_0_0_0_0_0_0_0_0_0_0 = 0.000243864
Hr_0_0 = 0.00999977
I = 1
pi2_0_0_0_0 = 4.84832e-06
pi2_0_0_0_0_l_0 = 4.75785e-06
pi2_0_0_0_0_l_0_0 = 4.47378e-06
pi2_0_0_0_0_l_0_0_0 = 4.32914e-06
pi2_0_0_0_0_l_0_0_0_0 = 4.10394e-06
pi2_0_0_0_0_l_0_0_0_0_0 = 3.97415e-06
pi2_0_0_0_0_l_0_0_0_0_0_0 = 3.78613e-06
pi2_0_0_0_0_l_0_0_0_0_0_0_0 = 3.67491e-06
pi2_0_0_0_0_l_0_0_0_0_0_0_0_0 = 3.51315e-06
pi2_0_0_0_0_l_0_0_0_0_0_0_0_0_0 = 3.41904e-06
pi2_0_0_0_0_l_0_0_0_0_0_0_0_0_0_0 = 3.27657e-06
pi2_0_0_0_0_l_0_0_0_0_0_0_0_0_0_0_0 = 3.19775e-06
pi2_0_0_0_0_l_0_0_0_0_0_0_0_0_0_0_0_0 = 3.06946e-06
pi2_0_0_0_0_l_0_0_0_0_0_0_0_0_0_0_0_0_0 = 3.00461e-06
pi2_0_0_0_0_l_0_0_0_0_0_0_0_0_0_0_0_0_0_0 = 2.88634e-06
pi2_0_0_0_0_l_0_0_0_0_0_0_0_0_0_0_0_0_0_0_0 = 2.8349e-06
pi2_0_0_0_0_l_0_0_0_0_0_0_0_0_0_0_0_0_0_0_0_0 = 2.72273e-06
pi2_0_0_0_0_l_0_0_0_0_0_0_0_0_0_0_0_0_0_0_0_0_0 = 2.68523e-06
pi2_0_0_0_0_l_0_0_0_0_0_0_0_0_0_0_0_0_0_0_0_0_0_0 = 2.57477e-06
pi2_0_0_0_0_l_0_0_0_0_0_0_0_0_0_0_0_0_0_0_0_0_0_0_0 = 2.55341e-06
pi2_0_0_0_0_l_0_0_0_0_0_0_0_0_0_0_0_0_0_0_0_0_0_0_0_0 = 2.43871e-06
