DD_0_0 = 2.45152e-08
DD_0_0_l_0 = 1.92521e-08
DD_0_0_l_0_0 = 1.96487e-08
DD_0_0_l_0_0_0 = 1.71344e-08
DD_0_0_l_0_0_0_0 = 1.72146e-08
DD_0_0_l_0_0_0_0_0 = 1.53839e-08
Dr_0_0 = 8.16751e-09
Dr_0_0_l_0 = 6.92553e-09
Dr_0_0_l_0_0 = 7.39283e-09
Dr_0_0_l_0_0_0 = 7.18052e-09
Dr_0_0_l_0_0_0_0 = 7.16852e-09
Dr_0_0_l_0_0_0_0_0 = 7.57427e-09
Dr_0_0_l_0_0_0_0_0_0 = 7.35836e-09
Hl_0_0 = 0.000573832
Hl_0_0_l_0 = 0.000471308
Hl_0_0_l_0_0 = 0.000477478
Hl_0_0_l_0_0_0 = 0.000428375
Hl_0_0_l_0_0_0_0 = 0.000429086
Hl_0_0_l_0_0_0_0_0 = 0.00039272
Hr_0_0 = 0.00999974
I = 1
pi2_0_0_0_0 = 5.73792e-06
pi2_0_0_0_0_l_0 = 4.71309e-06
pi2_0_0_0_0_l_0_0 = 4.7748e-06
pi2_0_0_0_0_l_0_0_0 = 4.2838e-06
pi2_0_0_0_0_l_0_0_0_0 = 4.29095e-06
pi2_0_0_0_0_l_0_0_0_0_0 = 3.92729e-06
