DD_0_0 = 4.21627e-09
DD_0_0_l_0 = 4.83856e-09
DD_0_0_l_0_0 = 4.70573e-09
Dr_0_0 = 7.58764e-09
Dr_0_0_l_0 = 8.20483e-09
Dr_0_0_l_0_0 = 8.81925e-09
Dr_0_0_l_0_0_0 = 8.95035e-09
Hl_0_0 = 9.72036e-05
Hl_0_0_l_0 = 9.9028e-05
Hl_0_0_l_0_0 = 9.70872e-05
Hr_0_0 = 0.00999914
I = 1
pi2_0_0_0_0 = 9.72116e-07
pi2_0_0_0_0_l_0 = 9.90572e-07
pi2_0_0_0_0_l_0_0 = 9.71014e-07
