DD_0_0 = 8.81475e-09
DD_0_0_l_0 = 5.20919e-09
DD_0_0_l_0_0 = 5.62688e-09
DD_0_0_l_0_0_0 = 4.90947e-09
DD_0_0_l_0_0_0_0 = 5.0083e-09
DD_0_0_l_0_0_0_0_0 = 4.68481e-09
Dr_0_0 = 2.84827e-08
Dr_0_0_l_0 = 1.67722e-08
Dr_0_0_l_0_0 = 1.61144e-08
Dr_0_0_l_0_0_0 = 1.3718e-08
Dr_0_0_l_0_0_0_0 = 1.34081e-08
Dr_0_0_l_0_0_0_0_0 = 1.23076e-08
Dr_0_0_l_0_0_0_0_0_0 = 1.14941e-08
Hl_0_0 = 0.000105903
Hl_0_0_l_0 = 9.8941e-05
Hl_0_0_l_0_0 = 9.99887e-05
Hl_0_0_l_0_0_0 = 9.70002e-05
Hl_0_0_l_0_0_0_0 = 9.73003e-05
Hl_0_0_l_0_0_0_0_0 = 9.51346e-05
Hr_0_0 = 0.00999705
I = 1
pi2_0_0_0_0 = 1.05163e-06
pi2_0_0_0_0_l_0 = 9.86328e-07
pi2_0_0_0_0_l_0_0 = 9.96859e-07
pi2_0_0_0_0_l_0_0_0 = 9.68093e-07
pi2_0_0_0_0_l_0_0_0_0 = 9.71007e-07
pi2_0_0_0_0_l_0_0_0_0_0 = 9.49889e-07
