DD_0_0 = 8.79243e-09
DD_0_0_l_0 = 5.2015e-09
DD_0_0_l_0_0 = 5.61871e-09
DD_0_0_l_0_0_0 = 4.90369e-09
DD_0_0_l_0_0_0_0 = 5.00241e-09
DD_0_0_l_0_0_0_0_0 = 4.67985e-09
Dr_0_0 = 2.83532e-08
Dr_0_0_l_0 = 1.67059e-08
Dr_0_0_l_0_0 = 1.60526e-08
Dr_0_0_l_0_0_0 = 1.36709e-08
Dr_0_0_l_0_0_0_0 = 1.33625e-08
Dr_0_0_l_0_0_0_0_0 = 1.22693e-08
Dr_0_0_l_0_0_0_0_0_0 = 1.14609e-08
Hl_0_0 = 0.000105903
Hl_0_0_l_0 = 9.8941e-05
Hl_0_0_l_0_0 = 9.99887e-05
Hl_0_0_l_0_0_0 = 9.70002e-05
Hl_0_0_l_0_0_0_0 = 9.73003e-05
Hl_0_0_l_0_0_0_0_0 = 9.51346e-05
Hr_0_0 = 0.00999706
I = 1
pi2_0_0_0_0 = 1.05167e-06
pi2_0_0_0_0_l_0 = 9.86345e-07
pi2_0_0_0_0_l_0_0 = 9.96875e-07
pi2_0_0_0_0_l_0_0_0 = 9.68103e-07
pi2_0_0_0_0_l_0_0_0_0 = 9.71018e-07
pi2_0_0_0_0_l_0_0_0_0_0 = 9.49897e-07
