DD_0_0 = 3.92992e-09
DD_0_0_l_0 = 4.44493e-09
DD_0_0_l_0_0 = 4.29908e-09
Dr_0_0 = 6.48004e-09
Dr_0_0_l_0 = 7.01735e-09
Dr_0_0_l_0_0 = 7.48932e-09
Dr_0_0_l_0_0_0 = 7.55784e-09
Hl_0_0 = 9.72036e-05
Hl_0_0_l_0 = 9.9028e-05
Hl_0_0_l_0_0 = 9.70872e-05
Hr_0_0 = 0.00999925
I = 1
pi2_0_0_0_0 = 9.72131e-07
pi2_0_0_0_0_l_0 = 9.90515e-07
pi2_0_0_0_0_l_0_0 = 9.70985e-07
