DD_0_0 = 2.04661e-09
DD_0_0_l_0 = 2.53827e-09
DD_0_0_l_0_0 = 2.28454e-09
DD_0_0_l_0_0_0 = 2.42815e-09
DD_0_0_l_0_0_0_0 = 2.27398e-09
DD_0_0_l_0_0_0_0_0 = 2.34073e-09
DD_0_0_l_0_0_0_0_0_0 = 2.2305e-09
DD_0_0_l_0_0_0_0_0_0_0 = 2.26292e-09
DD_0_0_l_0_0_0_0_0_0_0_0 = 2.17821e-09
DD_0_0_l_0_0_0_0_0_0_0_0_0 = 2.19103e-09
DD_0_0_l_0_0_0_0_0_0_0_0_0_0 = 2.12357e-09
Dr_0_0 = 1.56982e-09
Dr_0_0_l_0 = 2.47469e-09
Dr_0_0_l_0_0 = 2.228e-09
Dr_0_0_l_0_0_0 = 2.42666e-09
Dr_0_0_l_0_0_0_0 = 2.33014e-09
Dr_0_0_l_0_0_0_0_0 = 2.39784e-09
Dr_0_0_l_0_0_0_0_0_0 = 2.3574e-09
Dr_0_0_l_0_0_0_0_0_0_0 = 2.37423e-09
Dr_0_0_l_0_0_0_0_0_0_0_0 = 2.36085e-09
Dr_0_0_l_0_0_0_0_0_0_0_0_0 = 2.35246e-09
Dr_0_0_l_0_0_0_0_0_0_0_0_0_0 = 2.35389e-09
Dr_0_0_l_0_0_0_0_0_0_0_0_0_0_0 = 2.33931e-09
Hl_0_0 = 9.19175e-05
Hl_0_0_l_0 = 9.90808e-05
Hl_0_0_l_0_0 = 9.53242e-05
Hl_0_0_l_0_0_0 = 9.71401e-05
Hl_0_0_l_0_0_0_0 = 9.44976e-05
Hl_0_0_l_0_0_0_0_0 = 9.52747e-05
Hl_0_0_l_0_0_0_0_0_0 = 9.31283e-05
Hl_0_0_l_0_0_0_0_0_0_0 = 9.34802e-05
Hl_0_0_l_0_0_0_0_0_0_0_0 = 9.16224e-05
Hl_0_0_l_0_0_0_0_0_0_0_0_0 = 9.17526e-05
Hl_0_0_l_0_0_0_0_0_0_0_0_0_0 = 9.00883e-05
Hr_0_0 = 0.00999974
I = 1
pi2_0_0_0_0 = 9.19579e-07
pi2_0_0_0_0_l_0 = 9.90953e-07
pi2_0_0_0_0_l_0_0 = 9.53357e-07
pi2_0_0_0_0_l_0_0_0 = 9.71478e-07
pi2_0_0_0_0_l_0_0_0_0 = 9.45037e-07
pi2_0_0_0_0_l_0_0_0_0_0 = 9.52795e-07
pi2_0_0_0_0_l_0_0_0_0_0_0 = 9.3132e-07
pi2_0_0_0_0_l_0_0_0_0_0_0_0 = 9.34834e-07
pi2_0_0_0_0_l_0_0_0_0_0_0_0_0 = 9.16248e-07
pi2_0_0_0_0_l_0_0_0_0_0_0_0_0_0 = 9.17549e-07
pi2_0_0_0_0_l_0_0_0_0_0_0_0_0_0_0 = 9.00899e-07
