DD_0_0 = 2.84027e-09
DD_0_0_l_0 = 2.42813e-09
DD_0_0_l_0_0 = 2.52931e-09
DD_0_0_l_0_0_0 = 2.37599e-09
DD_0_0_l_0_0_0_0 = 2.40641e-09
DD_0_0_l_0_0_0_0_0 = 2.31374e-09
Dr_0_0 = 3.07663e-09
Dr_0_0_l_0 = 2.50843e-09
Dr_0_0_l_0_0 = 2.58093e-09
Dr_0_0_l_0_0_0 = 2.50066e-09
Dr_0_0_l_0_0_0_0 = 2.47913e-09
Dr_0_0_l_0_0_0_0_0 = 2.48157e-09
Dr_0_0_l_0_0_0_0_0_0 = 2.45188e-09
Hl_0_0 = 0.000105903
Hl_0_0_l_0 = 9.8941e-05
Hl_0_0_l_0_0 = 9.99887e-05
Hl_0_0_l_0_0_0 = 9.70002e-05
Hl_0_0_l_0_0_0_0 = 9.73003e-05
Hl_0_0_l_0_0_0_0_0 = 9.51346e-05
Hr_0_0 = 0.00999959
I = 1
pi2_0_0_0_0 = 1.05867e-06
pi2_0_0_0_0_l_0 = 9.89267e-07
pi2_0_0_0_0_l_0_0 = 9.99751e-07
pi2_0_0_0_0_l_0_0_0 = 9.69908e-07
pi2_0_0_0_0_l_0_0_0_0 = 9.7291e-07
pi2_0_0_0_0_l_0_0_0_0_0 = 9.51274e-07
