DD_0_0 = 4.42483e-06
DD_0_0_l_0 = 1.2632e-06
DD_0_0_l_0_0 = 1.21034e-06
Dr_0_0 = -2.50645e-15
Dr_0_0_l_0 = 1.17976e-06
Dr_0_0_l_0_0 = 5.61334e-07
Dr_0_0_l_0_0_0 = 8.20959e-07
Hl_0_0 = 0.0099999
Hl_0_0_l_0 = 0.00333323
Hl_0_0_l_0_0 = 0.00333323
Hr_0_0 = 0.0099999
I = 1
pi2_0_0_0_0 = 0.000100587
pi2_0_0_0_0_l_0 = 3.3542e-05
pi2_0_0_0_0_l_0_0 = 3.34818e-05
