DD_0_0 = 4.92759e-07
DD_0_0_l_0 = 1.61118e-07
DD_0_0_l_0_0 = 1.59669e-07
DD_0_0_l_0_0_0 = 9.40437e-08
DD_0_0_l_0_0_0_0 = 9.32414e-08
DD_0_0_l_0_0_0_0_0 = 6.5424e-08
DD_0_0_l_0_0_0_0_0_0 = 6.48928e-08
DD_0_0_l_0_0_0_0_0_0_0 = 4.9611e-08
DD_0_0_l_0_0_0_0_0_0_0_0 = 4.92266e-08
DD_0_0_l_0_0_0_0_0_0_0_0_0 = 3.96116e-08
DD_0_0_l_0_0_0_0_0_0_0_0_0_0 = 3.93179e-08
DD_0_0_l_0_0_0_0_0_0_0_0_0_0_0 = 3.2737e-08
DD_0_0_l_0_0_0_0_0_0_0_0_0_0_0_0 = 3.25043e-08
DD_0_0_l_0_0_0_0_0_0_0_0_0_0_0_0_0 = 2.77333e-08
DD_0_0_l_0_0_0_0_0_0_0_0_0_0_0_0_0_0 = 2.75438e-08
DD_0_0_l_0_0_0_0_0_0_0_0_0_0_0_0_0_0_0 = 2.39369e-08
DD_0_0_l_0_0_0_0_0_0_0_0_0_0_0_0_0_0_0_0 = 2.37796e-08
DD_0_0_l_0_0_0_0_0_0_0_0_0_0_0_0_0_0_0_0_0 = 2.09643e-08
DD_0_0_l_0_0_0_0_0_0_0_0_0_0_0_0_0_0_0_0_0_0 = 2.08315e-08
DD_0_0_l_0_0_0_0_0_0_0_0_0_0_0_0_0_0_0_0_0_0_0 = 1.85782e-08
DD_0_0_l_0_0_0_0_0_0_0_0_0_0_0_0_0_0_0_0_0_0_0_0 = 1.84646e-08
Dr_0_0 = 2.6422e-16
Dr_0_0_l_0 = 1.87351e-08
Dr_0_0_l_0_0 = 1.19117e-08
Dr_0_0_l_0_0_0 = 1.75764e-08
Dr_0_0_l_0_0_0_0 = 1.34472e-08
Dr_0_0_l_0_0_0_0_0 = 1.65615e-08
Dr_0_0_l_0_0_0_0_0_0 = 1.36073e-08
Dr_0_0_l_0_0_0_0_0_0_0 = 1.56623e-08
Dr_0_0_l_0_0_0_0_0_0_0_0 = 1.33716e-08
Dr_0_0_l_0_0_0_0_0_0_0_0_0 = 1.48582e-08
Dr_0_0_l_0_0_0_0_0_0_0_0_0_0 = 1.29958e-08
Dr_0_0_l_0_0_0_0_0_0_0_0_0_0_0 = 1.41336e-08
Dr_0_0_l_0_0_0_0_0_0_0_0_0_0_0_0 = 1.25714e-08
Dr_0_0_l_0_0_0_0_0_0_0_0_0_0_0_0_0 = 1.34763e-08
Dr_0_0_l_0_0_0_0_0_0_0_0_0_0_0_0_0_0 = 1.21364e-08
Dr_0_0_l_0_0_0_0_0_0_0_0_0_0_0_0_0_0_0 = 1.28769e-08
Dr_0_0_l_0_0_0_0_0_0_0_0_0_0_0_0_0_0_0_0 = 1.17083e-08
Dr_0_0_l_0_0_0_0_0_0_0_0_0_0_0_0_0_0_0_0_0 = 1.23275e-08
Dr_0_0_l_0_0_0_0_0_0_0_0_0_0_0_0_0_0_0_0_0_0 = 1.12951e-08
Dr_0_0_l_0_0_0_0_0_0_0_0_0_0_0_0_0_0_0_0_0_0_0 = 1.18219e-08
Dr_0_0_l_0_0_0_0_0_0_0_0_0_0_0_0_0_0_0_0_0_0_0_0 = 1.09001e-08
Dr_0_0_l_0_0_0_0_0_0_0_0_0_0_0_0_0_0_0_0_0_0_0_0_0 = 1.13548e-08
Hl_0_0 = 0.0099999
Hl_0_0_l_0 = 0.00333323
Hl_0_0_l_0_0 = 0.00333323
Hl_0_0_l_0_0_0 = 0.0019999
Hl_0_0_l_0_0_0_0 = 0.0019999
Hl_0_0_l_0_0_0_0_0 = 0.00142847
Hl_0_0_l_0_0_0_0_0_0 = 0.00142847
Hl_0_0_l_0_0_0_0_0_0_0 = 0.00111101
Hl_0_0_l_0_0_0_0_0_0_0_0 = 0.00111101
Hl_0_0_l_0_0_0_0_0_0_0_0_0 = 0.000908991
Hl_0_0_l_0_0_0_0_0_0_0_0_0_0 = 0.000908991
Hl_0_0_l_0_0_0_0_0_0_0_0_0_0_0 = 0.000769131
Hl_0_0_l_0_0_0_0_0_0_0_0_0_0_0_0 = 0.000769131
Hl_0_0_l_0_0_0_0_0_0_0_0_0_0_0_0_0 = 0.000666567
Hl_0_0_l_0_0_0_0_0_0_0_0_0_0_0_0_0_0 = 0.000666567
Hl_0_0_l_0_0_0_0_0_0_0_0_0_0_0_0_0_0_0 = 0.000588135
Hl_0_0_l_0_0_0_0_0_0_0_0_0_0_0_0_0_0_0_0 = 0.000588135
Hl_0_0_l_0_0_0_0_0_0_0_0_0_0_0_0_0_0_0_0_0 = 0.000526216
Hl_0_0_l_0_0_0_0_0_0_0_0_0_0_0_0_0_0_0_0_0_0 = 0.000526216
Hl_0_0_l_0_0_0_0_0_0_0_0_0_0_0_0_0_0_0_0_0_0_0 = 0.00047609
Hl_0_0_l_0_0_0_0_0_0_0_0_0_0_0_0_0_0_0_0_0_0_0_0 = 0.00047609
Hr_0_0 = 0.0099999
I = 1
pi2_0_0_0_0 = 0.000100006
pi2_0_0_0_0_l_0 = 3.3336e-05
pi2_0_0_0_0_l_0_0 = 3.33353e-05
pi2_0_0_0_0_l_0_0_0 = 2.00011e-05
pi2_0_0_0_0_l_0_0_0_0 = 2.00008e-05
pi2_0_0_0_0_l_0_0_0_0_0 = 1.42862e-05
pi2_0_0_0_0_l_0_0_0_0_0_0 = 1.4286e-05
pi2_0_0_0_0_l_0_0_0_0_0_0_0 = 1.11112e-05
pi2_0_0_0_0_l_0_0_0_0_0_0_0_0 = 1.11111e-05
pi2_0_0_0_0_l_0_0_0_0_0_0_0_0_0 = 9.09075e-06
pi2_0_0_0_0_l_0_0_0_0_0_0_0_0_0_0 = 9.09066e-06
pi2_0_0_0_0_l_0_0_0_0_0_0_0_0_0_0_0 = 7.69199e-06
pi2_0_0_0_0_l_0_0_0_0_0_0_0_0_0_0_0_0 = 7.69192e-06
pi2_0_0_0_0_l_0_0_0_0_0_0_0_0_0_0_0_0_0 = 6.66622e-06
pi2_0_0_0_0_l_0_0_0_0_0_0_0_0_0_0_0_0_0_0 = 6.66617e-06
pi2_0_0_0_0_l_0_0_0_0_0_0_0_0_0_0_0_0_0_0_0 = 5.88182e-06
pi2_0_0_0_0_l_0_0_0_0_0_0_0_0_0_0_0_0_0_0_0_0 = 5.88178e-06
pi2_0_0_0_0_l_0_0_0_0_0_0_0_0_0_0_0_0_0_0_0_0_0 = 5.26255e-06
pi2_0_0_0_0_l_0_0_0_0_0_0_0_0_0_0_0_0_0_0_0_0_0_0 = 5.26252e-06
pi2_0_0_0_0_l_0_0_0_0_0_0_0_0_0_0_0_0_0_0_0_0_0_0_0 = 4.76125e-06
pi2_0_0_0_0_l_0_0_0_0_0_0_0_0_0_0_0_0_0_0_0_0_0_0_0_0 = 4.76122e-06
