DD_0_0 = 5.29866e-05
DD_0_0_l_0 = 6.07849e-06
DD_0_0_l_0_0 = 8.97394e-06
DD_0_0_l_0_0_0 = 2.43529e-06
DD_0_0_l_0_0_0_0 = 3.42846e-06
DD_0_0_l_0_0_0_0_0 = 1.28671e-06
DD_0_0_l_0_0_0_0_0_0 = 1.74791e-06
DD_0_0_l_0_0_0_0_0_0_0 = 7.87209e-07
DD_0_0_l_0_0_0_0_0_0_0_0 = 1.03974e-06
DD_0_0_l_0_0_0_0_0_0_0_0_0 = 5.27834e-07
DD_0_0_l_0_0_0_0_0_0_0_0_0_0 = 6.81422e-07
DD_0_0_l_0_0_0_0_0_0_0_0_0_0_0 = 3.76889e-07
DD_0_0_l_0_0_0_0_0_0_0_0_0_0_0_0 = 4.77395e-07
DD_0_0_l_0_0_0_0_0_0_0_0_0_0_0_0_0 = 2.81742e-07
DD_0_0_l_0_0_0_0_0_0_0_0_0_0_0_0_0_0 = 3.51168e-07
DD_0_0_l_0_0_0_0_0_0_0_0_0_0_0_0_0_0_0 = 2.18108e-07
DD_0_0_l_0_0_0_0_0_0_0_0_0_0_0_0_0_0_0_0 = 2.68106e-07
DD_0_0_l_0_0_0_0_0_0_0_0_0_0_0_0_0_0_0_0_0 = 1.73558e-07
DD_0_0_l_0_0_0_0_0_0_0_0_0_0_0_0_0_0_0_0_0_0 = 2.10778e-07
DD_0_0_l_0_0_0_0_0_0_0_0_0_0_0_0_0_0_0_0_0_0_0 = 1.41228e-07
DD_0_0_l_0_0_0_0_0_0_0_0_0_0_0_0_0_0_0_0_0_0_0_0 = 1.69428e-07
Dr_0_0 = 2.11678e-06
Dr_0_0_l_0 = 4.24469e-05
Dr_0_0_l_0_0 = 6.60695e-06
Dr_0_0_l_0_0_0 = 1.96095e-05
Dr_0_0_l_0_0_0_0 = 4.69141e-06
Dr_0_0_l_0_0_0_0_0 = 1.15171e-05
Dr_0_0_l_0_0_0_0_0_0 = 3.39968e-06
Dr_0_0_l_0_0_0_0_0_0_0 = 7.65742e-06
Dr_0_0_l_0_0_0_0_0_0_0_0 = 2.57239e-06
Dr_0_0_l_0_0_0_0_0_0_0_0_0 = 5.49553e-06
Dr_0_0_l_0_0_0_0_0_0_0_0_0_0 = 2.01853e-06
Dr_0_0_l_0_0_0_0_0_0_0_0_0_0_0 = 4.15448e-06
Dr_0_0_l_0_0_0_0_0_0_0_0_0_0_0_0 = 1.63029e-06
Dr_0_0_l_0_0_0_0_0_0_0_0_0_0_0_0_0 = 3.26146e-06
Dr_0_0_l_0_0_0_0_0_0_0_0_0_0_0_0_0_0 = 1.34736e-06
Dr_0_0_l_0_0_0_0_0_0_0_0_0_0_0_0_0_0_0 = 2.63486e-06
Dr_0_0_l_0_0_0_0_0_0_0_0_0_0_0_0_0_0_0_0 = 1.13447e-06
Dr_0_0_l_0_0_0_0_0_0_0_0_0_0_0_0_0_0_0_0_0 = 2.17715e-06
Dr_0_0_l_0_0_0_0_0_0_0_0_0_0_0_0_0_0_0_0_0_0 = 9.69996e-07
Dr_0_0_l_0_0_0_0_0_0_0_0_0_0_0_0_0_0_0_0_0_0_0 = 1.83196e-06
Dr_0_0_l_0_0_0_0_0_0_0_0_0_0_0_0_0_0_0_0_0_0_0_0 = 8.43465e-07
Dr_0_0_l_0_0_0_0_0_0_0_0_0_0_0_0_0_0_0_0_0_0_0_0_0 = 1.56105e-06
Hl_0_0 = 0.0096668
Hl_0_0_l_0 = 0.00333102
Hl_0_0_l_0_0 = 0.0032666
Hl_0_0_l_0_0_0 = 0.00199895
Hl_0_0_l_0_0_0_0 = 0.00197134
Hl_0_0_l_0_0_0_0_0 = 0.00142794
Hl_0_0_l_0_0_0_0_0_0 = 0.0014126
Hl_0_0_l_0_0_0_0_0_0_0 = 0.00111068
Hl_0_0_l_0_0_0_0_0_0_0_0 = 0.00110091
Hl_0_0_l_0_0_0_0_0_0_0_0_0 = 0.000908759
Hl_0_0_l_0_0_0_0_0_0_0_0_0_0 = 0.000902
Hl_0_0_l_0_0_0_0_0_0_0_0_0_0_0 = 0.000768961
Hl_0_0_l_0_0_0_0_0_0_0_0_0_0_0_0 = 0.000764004
Hl_0_0_l_0_0_0_0_0_0_0_0_0_0_0_0_0 = 0.000666437
Hl_0_0_l_0_0_0_0_0_0_0_0_0_0_0_0_0_0 = 0.000662646
Hl_0_0_l_0_0_0_0_0_0_0_0_0_0_0_0_0_0_0 = 0.000588033
Hl_0_0_l_0_0_0_0_0_0_0_0_0_0_0_0_0_0_0_0 = 0.00058504
Hl_0_0_l_0_0_0_0_0_0_0_0_0_0_0_0_0_0_0_0_0 = 0.000526133
Hl_0_0_l_0_0_0_0_0_0_0_0_0_0_0_0_0_0_0_0_0_0 = 0.00052371
Hl_0_0_l_0_0_0_0_0_0_0_0_0_0_0_0_0_0_0_0_0_0_0 = 0.000476023
Hl_0_0_l_0_0_0_0_0_0_0_0_0_0_0_0_0_0_0_0_0_0_0_0 = 0.000473835
Hr_0_0 = 0.00999969
I = 1
pi2_0_0_0_0 = 0.000117833
pi2_0_0_0_0_l_0 = 3.55475e-05
pi2_0_0_0_0_l_0_0 = 3.52306e-05
pi2_0_0_0_0_l_0_0_0 = 2.07658e-05
pi2_0_0_0_0_l_0_0_0_0 = 2.0384e-05
pi2_0_0_0_0_l_0_0_0_0_0 = 1.46397e-05
pi2_0_0_0_0_l_0_0_0_0_0_0 = 1.43378e-05
pi2_0_0_0_0_l_0_0_0_0_0_0_0 = 1.13022e-05
pi2_0_0_0_0_l_0_0_0_0_0_0_0_0 = 1.10695e-05
pi2_0_0_0_0_l_0_0_0_0_0_0_0_0_0 = 9.20451e-06
pi2_0_0_0_0_l_0_0_0_0_0_0_0_0_0_0 = 9.02247e-06
pi2_0_0_0_0_l_0_0_0_0_0_0_0_0_0_0_0 = 7.76446e-06
pi2_0_0_0_0_l_0_0_0_0_0_0_0_0_0_0_0_0 = 7.619e-06
pi2_0_0_0_0_l_0_0_0_0_0_0_0_0_0_0_0_0_0 = 6.71469e-06
pi2_0_0_0_0_l_0_0_0_0_0_0_0_0_0_0_0_0_0_0 = 6.59613e-06
pi2_0_0_0_0_l_0_0_0_0_0_0_0_0_0_0_0_0_0_0_0 = 5.91545e-06
pi2_0_0_0_0_l_0_0_0_0_0_0_0_0_0_0_0_0_0_0_0_0 = 5.81711e-06
pi2_0_0_0_0_l_0_0_0_0_0_0_0_0_0_0_0_0_0_0_0_0_0 = 5.28655e-06
pi2_0_0_0_0_l_0_0_0_0_0_0_0_0_0_0_0_0_0_0_0_0_0_0 = 5.20373e-06
pi2_0_0_0_0_l_0_0_0_0_0_0_0_0_0_0_0_0_0_0_0_0_0_0_0 = 4.77892e-06
pi2_0_0_0_0_l_0_0_0_0_0_0_0_0_0_0_0_0_0_0_0_0_0_0_0_0 = 4.70628e-06
