DD_0_0 = 5.24033e-05
DD_0_0_l_0 = 6.05482e-06
DD_0_0_l_0_0 = 8.89019e-06
DD_0_0_l_0_0_0 = 2.42724e-06
DD_0_0_l_0_0_0_0 = 3.40045e-06
DD_0_0_l_0_0_0_0_0 = 1.283e-06
DD_0_0_l_0_0_0_0_0_0 = 1.73515e-06
DD_0_0_l_0_0_0_0_0_0_0 = 7.85187e-07
DD_0_0_l_0_0_0_0_0_0_0_0 = 1.03286e-06
DD_0_0_l_0_0_0_0_0_0_0_0_0 = 5.26901e-07
DD_0_0_l_0_0_0_0_0_0_0_0_0_0 = 6.74534e-07
Dr_0_0 = 2.0897e-06
Dr_0_0_l_0 = 4.19048e-05
Dr_0_0_l_0_0 = 6.56949e-06
Dr_0_0_l_0_0_0 = 1.93756e-05
Dr_0_0_l_0_0_0_0 = 4.66737e-06
Dr_0_0_l_0_0_0_0_0 = 1.13865e-05
Dr_0_0_l_0_0_0_0_0_0 = 3.3834e-06
Dr_0_0_l_0_0_0_0_0_0_0 = 7.57407e-06
Dr_0_0_l_0_0_0_0_0_0_0_0 = 2.5607e-06
Dr_0_0_l_0_0_0_0_0_0_0_0_0 = 5.4375e-06
Dr_0_0_l_0_0_0_0_0_0_0_0_0_0 = 2.02785e-06
Dr_0_0_l_0_0_0_0_0_0_0_0_0_0_0 = 4.09116e-06
Hl_0_0 = 0.0096668
Hl_0_0_l_0 = 0.00333102
Hl_0_0_l_0_0 = 0.0032666
Hl_0_0_l_0_0_0 = 0.00199895
Hl_0_0_l_0_0_0_0 = 0.00197134
Hl_0_0_l_0_0_0_0_0 = 0.00142794
Hl_0_0_l_0_0_0_0_0_0 = 0.0014126
Hl_0_0_l_0_0_0_0_0_0_0 = 0.00111068
Hl_0_0_l_0_0_0_0_0_0_0_0 = 0.00110091
Hl_0_0_l_0_0_0_0_0_0_0_0_0 = 0.000908771
Hl_0_0_l_0_0_0_0_0_0_0_0_0_0 = 0.000900803
Hr_0_0 = 0.00999969
I = 1
pi2_0_0_0_0 = 0.000117562
pi2_0_0_0_0_l_0 = 3.55364e-05
pi2_0_0_0_0_l_0_0 = 3.52025e-05
pi2_0_0_0_0_l_0_0_0 = 2.07624e-05
pi2_0_0_0_0_l_0_0_0_0 = 2.03782e-05
pi2_0_0_0_0_l_0_0_0_0_0 = 1.46383e-05
pi2_0_0_0_0_l_0_0_0_0_0_0 = 1.43368e-05
pi2_0_0_0_0_l_0_0_0_0_0_0_0 = 1.13015e-05
pi2_0_0_0_0_l_0_0_0_0_0_0_0_0 = 1.10699e-05
pi2_0_0_0_0_l_0_0_0_0_0_0_0_0_0 = 9.20606e-06
pi2_0_0_0_0_l_0_0_0_0_0_0_0_0_0_0 = 9.01019e-06
