DD_0_0 = 4.72173e-05
DD_0_0_l_0 = 5.83e-06
DD_0_0_l_0_0 = 8.14319e-06
DD_0_0_l_0_0_0 = 2.35062e-06
DD_0_0_l_0_0_0_0 = 3.15014e-06
DD_0_0_l_0_0_0_0_0 = 1.24759e-06
DD_0_0_l_0_0_0_0_0_0 = 1.62096e-06
DD_0_0_l_0_0_0_0_0_0_0 = 7.65883e-07
DD_0_0_l_0_0_0_0_0_0_0_0 = 9.71209e-07
DD_0_0_l_0_0_0_0_0_0_0_0_0 = 5.15161e-07
DD_0_0_l_0_0_0_0_0_0_0_0_0_0 = 6.3774e-07
Dr_0_0 = 1.84954e-06
Dr_0_0_l_0 = 3.7097e-05
Dr_0_0_l_0_0 = 6.2183e-06
Dr_0_0_l_0_0_0 = 1.72977e-05
Dr_0_0_l_0_0_0_0 = 4.44102e-06
Dr_0_0_l_0_0_0_0_0 = 1.02255e-05
Dr_0_0_l_0_0_0_0_0_0 = 3.22979e-06
Dr_0_0_l_0_0_0_0_0_0_0 = 6.8321e-06
Dr_0_0_l_0_0_0_0_0_0_0_0 = 2.45028e-06
Dr_0_0_l_0_0_0_0_0_0_0_0_0 = 4.92218e-06
Dr_0_0_l_0_0_0_0_0_0_0_0_0_0 = 1.94225e-06
Dr_0_0_l_0_0_0_0_0_0_0_0_0_0_0 = 3.71489e-06
Hl_0_0 = 0.0096668
Hl_0_0_l_0 = 0.00333102
Hl_0_0_l_0_0 = 0.0032666
Hl_0_0_l_0_0_0 = 0.00199895
Hl_0_0_l_0_0_0_0 = 0.00197134
Hl_0_0_l_0_0_0_0_0 = 0.00142794
Hl_0_0_l_0_0_0_0_0_0 = 0.0014126
Hl_0_0_l_0_0_0_0_0_0_0 = 0.00111068
Hl_0_0_l_0_0_0_0_0_0_0_0 = 0.00110091
Hl_0_0_l_0_0_0_0_0_0_0_0_0 = 0.000908771
Hl_0_0_l_0_0_0_0_0_0_0_0_0_0 = 0.000900803
Hr_0_0 = 0.00999972
I = 1
pi2_0_0_0_0 = 0.000115162
pi2_0_0_0_0_l_0 = 3.54312e-05
pi2_0_0_0_0_l_0_0 = 3.49527e-05
pi2_0_0_0_0_l_0_0_0 = 2.07301e-05
pi2_0_0_0_0_l_0_0_0_0 = 2.03266e-05
pi2_0_0_0_0_l_0_0_0_0_0 = 1.46249e-05
pi2_0_0_0_0_l_0_0_0_0_0_0 = 1.43279e-05
pi2_0_0_0_0_l_0_0_0_0_0_0_0 = 1.1295e-05
pi2_0_0_0_0_l_0_0_0_0_0_0_0_0 = 1.10729e-05
pi2_0_0_0_0_l_0_0_0_0_0_0_0_0_0 = 9.2024e-06
pi2_0_0_0_0_l_0_0_0_0_0_0_0_0_0_0 = 9.01692e-06
