DD_0_0 = 1.08057e-05
DD_0_0_l_0 = 4.5813e-06
DD_0_0_l_0_0 = 3.33969e-06
DD_0_0_l_0_0_0 = 2.18966e-06
DD_0_0_l_0_0_0_0 = 1.74366e-06
DD_0_0_l_0_0_0_0_0 = 1.30012e-06
DD_0_0_l_0_0_0_0_0_0 = 1.08696e-06
DD_0_0_l_0_0_0_0_0_0_0 = 8.65228e-07
DD_0_0_l_0_0_0_0_0_0_0_0 = 7.46257e-07
DD_0_0_l_0_0_0_0_0_0_0_0_0 = 6.18556e-07
DD_0_0_l_0_0_0_0_0_0_0_0_0_0 = 5.45232e-07
DD_0_0_l_0_0_0_0_0_0_0_0_0_0_0 = 4.64669e-07
DD_0_0_l_0_0_0_0_0_0_0_0_0_0_0_0 = 4.1623e-07
DD_0_0_l_0_0_0_0_0_0_0_0_0_0_0_0_0 = 3.62034e-07
DD_0_0_l_0_0_0_0_0_0_0_0_0_0_0_0_0_0 = 3.28343e-07
DD_0_0_l_0_0_0_0_0_0_0_0_0_0_0_0_0_0_0 = 2.90093e-07
DD_0_0_l_0_0_0_0_0_0_0_0_0_0_0_0_0_0_0_0 = 2.65707e-07
DD_0_0_l_0_0_0_0_0_0_0_0_0_0_0_0_0_0_0_0_0 = 2.37685e-07
DD_0_0_l_0_0_0_0_0_0_0_0_0_0_0_0_0_0_0_0_0_0 = 2.19464e-07
DD_0_0_l_0_0_0_0_0_0_0_0_0_0_0_0_0_0_0_0_0_0_0 = 1.98312e-07
DD_0_0_l_0_0_0_0_0_0_0_0_0_0_0_0_0_0_0_0_0_0_0_0 = 1.84182e-07
Dr_0_0 = 4.24917e-07
Dr_0_0_l_0 = 4.43997e-06
Dr_0_0_l_0_0 = 3.038e-06
Dr_0_0_l_0_0_0 = 3.27248e-06
Dr_0_0_l_0_0_0_0 = 2.52745e-06
Dr_0_0_l_0_0_0_0_0 = 2.49364e-06
Dr_0_0_l_0_0_0_0_0_0 = 2.03537e-06
Dr_0_0_l_0_0_0_0_0_0_0 = 1.97264e-06
Dr_0_0_l_0_0_0_0_0_0_0_0 = 1.66471e-06
Dr_0_0_l_0_0_0_0_0_0_0_0_0 = 1.60777e-06
Dr_0_0_l_0_0_0_0_0_0_0_0_0_0 = 1.38803e-06
Dr_0_0_l_0_0_0_0_0_0_0_0_0_0_0 = 1.34139e-06
Dr_0_0_l_0_0_0_0_0_0_0_0_0_0_0_0 = 1.17755e-06
Dr_0_0_l_0_0_0_0_0_0_0_0_0_0_0_0_0 = 1.14017e-06
Dr_0_0_l_0_0_0_0_0_0_0_0_0_0_0_0_0_0 = 1.01385e-06
Dr_0_0_l_0_0_0_0_0_0_0_0_0_0_0_0_0_0_0 = 9.83891e-07
Dr_0_0_l_0_0_0_0_0_0_0_0_0_0_0_0_0_0_0_0 = 8.83881e-07
Dr_0_0_l_0_0_0_0_0_0_0_0_0_0_0_0_0_0_0_0_0 = 8.59708e-07
Dr_0_0_l_0_0_0_0_0_0_0_0_0_0_0_0_0_0_0_0_0_0 = 7.78807e-07
Dr_0_0_l_0_0_0_0_0_0_0_0_0_0_0_0_0_0_0_0_0_0_0 = 7.59133e-07
Dr_0_0_l_0_0_0_0_0_0_0_0_0_0_0_0_0_0_0_0_0_0_0_0 = 6.92385e-07
Dr_0_0_l_0_0_0_0_0_0_0_0_0_0_0_0_0_0_0_0_0_0_0_0_0 = 6.75834e-07
Hl_0_0 = 0.00974824
Hl_0_0_l_0 = 0.00556889
Hl_0_0_l_0_0 = 0.00453353
Hl_0_0_l_0_0_0 = 0.00352544
Hl_0_0_l_0_0_0_0 = 0.00306592
Hl_0_0_l_0_0_0_0_0 = 0.00259203
Hl_0_0_l_0_0_0_0_0_0 = 0.00233113
Hl_0_0_l_0_0_0_0_0_0_0 = 0.00205285
Hl_0_0_l_0_0_0_0_0_0_0_0 = 0.00188434
Hl_0_0_l_0_0_0_0_0_0_0_0_0 = 0.00170057
Hl_0_0_l_0_0_0_0_0_0_0_0_0_0 = 0.00158265
Hl_0_0_l_0_0_0_0_0_0_0_0_0_0_0 = 0.00145201
Hl_0_0_l_0_0_0_0_0_0_0_0_0_0_0_0 = 0.00136482
Hl_0_0_l_0_0_0_0_0_0_0_0_0_0_0_0_0 = 0.00126709
Hl_0_0_l_0_0_0_0_0_0_0_0_0_0_0_0_0_0 = 0.00119999
Hl_0_0_l_0_0_0_0_0_0_0_0_0_0_0_0_0_0_0 = 0.00112408
Hl_0_0_l_0_0_0_0_0_0_0_0_0_0_0_0_0_0_0_0 = 0.00107083
Hl_0_0_l_0_0_0_0_0_0_0_0_0_0_0_0_0_0_0_0_0 = 0.00101016
Hl_0_0_l_0_0_0_0_0_0_0_0_0_0_0_0_0_0_0_0_0_0 = 0.000966865
Hl_0_0_l_0_0_0_0_0_0_0_0_0_0_0_0_0_0_0_0_0_0_0 = 0.000917247
Hl_0_0_l_0_0_0_0_0_0_0_0_0_0_0_0_0_0_0_0_0_0_0_0 = 0.000880964
Hr_0_0 = 0.0101213
I = 1
pi2_0_0_0_0 = 9.9688e-05
pi2_0_0_0_0_l_0 = 5.69389e-05
pi2_0_0_0_0_l_0_0 = 4.62241e-05
pi2_0_0_0_0_l_0_0_0 = 3.59299e-05
pi2_0_0_0_0_l_0_0_0_0 = 3.11956e-05
pi2_0_0_0_0_l_0_0_0_0_0 = 2.63672e-05
pi2_0_0_0_0_l_0_0_0_0_0_0 = 2.36872e-05
pi2_0_0_0_0_l_0_0_0_0_0_0_0 = 2.08571e-05
pi2_0_0_0_0_l_0_0_0_0_0_0_0_0 = 1.91297e-05
pi2_0_0_0_0_l_0_0_0_0_0_0_0_0_0 = 1.72635e-05
pi2_0_0_0_0_l_0_0_0_0_0_0_0_0_0_0 = 1.60564e-05
pi2_0_0_0_0_l_0_0_0_0_0_0_0_0_0_0_0 = 1.47313e-05
pi2_0_0_0_0_l_0_0_0_0_0_0_0_0_0_0_0_0 = 1.38398e-05
pi2_0_0_0_0_l_0_0_0_0_0_0_0_0_0_0_0_0_0 = 1.28494e-05
pi2_0_0_0_0_l_0_0_0_0_0_0_0_0_0_0_0_0_0_0 = 1.21639e-05
pi2_0_0_0_0_l_0_0_0_0_0_0_0_0_0_0_0_0_0_0_0 = 1.13952e-05
pi2_0_0_0_0_l_0_0_0_0_0_0_0_0_0_0_0_0_0_0_0_0 = 1.08516e-05
pi2_0_0_0_0_l_0_0_0_0_0_0_0_0_0_0_0_0_0_0_0_0_0 = 1.02375e-05
pi2_0_0_0_0_l_0_0_0_0_0_0_0_0_0_0_0_0_0_0_0_0_0_0 = 9.79584e-06
pi2_0_0_0_0_l_0_0_0_0_0_0_0_0_0_0_0_0_0_0_0_0_0_0_0 = 9.2939e-06
pi2_0_0_0_0_l_0_0_0_0_0_0_0_0_0_0_0_0_0_0_0_0_0_0_0_0 = 8.92391e-06
