DD_0_0 = 1.08057e-05
DD_0_0_l_0 = 4.5813e-06
DD_0_0_l_0_0 = 3.33969e-06
DD_0_0_l_0_0_0 = 2.18965e-06
DD_0_0_l_0_0_0_0 = 1.74377e-06
DD_0_0_l_0_0_0_0_0 = 1.29308e-06
Dr_0_0 = 4.24917e-07
Dr_0_0_l_0 = 4.43997e-06
Dr_0_0_l_0_0 = 3.038e-06
Dr_0_0_l_0_0_0 = 3.27248e-06
Dr_0_0_l_0_0_0_0 = 2.52758e-06
Dr_0_0_l_0_0_0_0_0 = 2.48884e-06
Dr_0_0_l_0_0_0_0_0_0 = 2.0315e-06
Hl_0_0 = 0.00974824
Hl_0_0_l_0 = 0.00556889
Hl_0_0_l_0_0 = 0.00453353
Hl_0_0_l_0_0_0 = 0.00352542
Hl_0_0_l_0_0_0_0 = 0.00306623
Hl_0_0_l_0_0_0_0_0 = 0.0025838
Hr_0_0 = 0.0101213
I = 1
pi2_0_0_0_0 = 9.9688e-05
pi2_0_0_0_0_l_0 = 5.69389e-05
pi2_0_0_0_0_l_0_0 = 4.62241e-05
pi2_0_0_0_0_l_0_0_0 = 3.59298e-05
pi2_0_0_0_0_l_0_0_0_0 = 3.11981e-05
pi2_0_0_0_0_l_0_0_0_0_0 = 2.62835e-05
