DD_0_0 = 1.08057e-07
DD_0_0_l_0 = 4.5813e-08
DD_0_0_l_0_0 = 3.33969e-08
DD_0_0_l_0_0_0 = 2.18965e-08
DD_0_0_l_0_0_0_0 = 1.74377e-08
DD_0_0_l_0_0_0_0_0 = 1.29308e-08
Dr_0_0 = 4.24917e-09
Dr_0_0_l_0 = 4.43997e-08
Dr_0_0_l_0_0 = 3.038e-08
Dr_0_0_l_0_0_0 = 3.27248e-08
Dr_0_0_l_0_0_0_0 = 2.52758e-08
Dr_0_0_l_0_0_0_0_0 = 2.48884e-08
Dr_0_0_l_0_0_0_0_0_0 = 2.03151e-08
Hl_0_0 = 0.000974824
Hl_0_0_l_0 = 0.000556889
Hl_0_0_l_0_0 = 0.000453353
Hl_0_0_l_0_0_0 = 0.000352542
Hl_0_0_l_0_0_0_0 = 0.000306623
Hl_0_0_l_0_0_0_0_0 = 0.00025838
Hr_0_0 = 0.00101213
I = 1
pi2_0_0_0_0 = 9.9688e-07
pi2_0_0_0_0_l_0 = 5.69389e-07
pi2_0_0_0_0_l_0_0 = 4.62241e-07
pi2_0_0_0_0_l_0_0_0 = 3.59298e-07
pi2_0_0_0_0_l_0_0_0_0 = 3.11981e-07
pi2_0_0_0_0_l_0_0_0_0_0 = 2.62836e-07
