DD_0_0 = 1.08057e-07
DD_0_0_l_0 = 4.5813e-08
DD_0_0_l_0_0 = 3.33969e-08
DD_0_0_l_0_0_0 = 2.18966e-08
DD_0_0_l_0_0_0_0 = 1.74366e-08
DD_0_0_l_0_0_0_0_0 = 1.30012e-08
DD_0_0_l_0_0_0_0_0_0 = 1.08696e-08
DD_0_0_l_0_0_0_0_0_0_0 = 8.65229e-09
DD_0_0_l_0_0_0_0_0_0_0_0 = 7.46257e-09
DD_0_0_l_0_0_0_0_0_0_0_0_0 = 6.18556e-09
DD_0_0_l_0_0_0_0_0_0_0_0_0_0 = 5.45232e-09
DD_0_0_l_0_0_0_0_0_0_0_0_0_0_0 = 4.64669e-09
DD_0_0_l_0_0_0_0_0_0_0_0_0_0_0_0 = 4.16231e-09
DD_0_0_l_0_0_0_0_0_0_0_0_0_0_0_0_0 = 3.62034e-09
DD_0_0_l_0_0_0_0_0_0_0_0_0_0_0_0_0_0 = 3.28344e-09
DD_0_0_l_0_0_0_0_0_0_0_0_0_0_0_0_0_0_0 = 2.90093e-09
DD_0_0_l_0_0_0_0_0_0_0_0_0_0_0_0_0_0_0_0 = 2.65708e-09
DD_0_0_l_0_0_0_0_0_0_0_0_0_0_0_0_0_0_0_0_0 = 2.37685e-09
DD_0_0_l_0_0_0_0_0_0_0_0_0_0_0_0_0_0_0_0_0_0 = 2.19464e-09
DD_0_0_l_0_0_0_0_0_0_0_0_0_0_0_0_0_0_0_0_0_0_0 = 1.98312e-09
DD_0_0_l_0_0_0_0_0_0_0_0_0_0_0_0_0_0_0_0_0_0_0_0 = 1.84182e-09
Dr_0_0 = 4.24917e-09
Dr_0_0_l_0 = 4.43997e-08
Dr_0_0_l_0_0 = 3.038e-08
Dr_0_0_l_0_0_0 = 3.27248e-08
Dr_0_0_l_0_0_0_0 = 2.52745e-08
Dr_0_0_l_0_0_0_0_0 = 2.49364e-08
Dr_0_0_l_0_0_0_0_0_0 = 2.03537e-08
Dr_0_0_l_0_0_0_0_0_0_0 = 1.97264e-08
Dr_0_0_l_0_0_0_0_0_0_0_0 = 1.66471e-08
Dr_0_0_l_0_0_0_0_0_0_0_0_0 = 1.60777e-08
Dr_0_0_l_0_0_0_0_0_0_0_0_0_0 = 1.38803e-08
Dr_0_0_l_0_0_0_0_0_0_0_0_0_0_0 = 1.34139e-08
Dr_0_0_l_0_0_0_0_0_0_0_0_0_0_0_0 = 1.17756e-08
Dr_0_0_l_0_0_0_0_0_0_0_0_0_0_0_0_0 = 1.14017e-08
Dr_0_0_l_0_0_0_0_0_0_0_0_0_0_0_0_0_0 = 1.01385e-08
Dr_0_0_l_0_0_0_0_0_0_0_0_0_0_0_0_0_0_0 = 9.83891e-09
Dr_0_0_l_0_0_0_0_0_0_0_0_0_0_0_0_0_0_0_0 = 8.83882e-09
Dr_0_0_l_0_0_0_0_0_0_0_0_0_0_0_0_0_0_0_0_0 = 8.59709e-09
Dr_0_0_l_0_0_0_0_0_0_0_0_0_0_0_0_0_0_0_0_0_0 = 7.78807e-09
Dr_0_0_l_0_0_0_0_0_0_0_0_0_0_0_0_0_0_0_0_0_0_0 = 7.59133e-09
Dr_0_0_l_0_0_0_0_0_0_0_0_0_0_0_0_0_0_0_0_0_0_0_0 = 6.92385e-09
Dr_0_0_l_0_0_0_0_0_0_0_0_0_0_0_0_0_0_0_0_0_0_0_0_0 = 6.75834e-09
Hl_0_0 = 0.000974824
Hl_0_0_l_0 = 0.000556889
Hl_0_0_l_0_0 = 0.000453353
Hl_0_0_l_0_0_0 = 0.000352544
Hl_0_0_l_0_0_0_0 = 0.000306592
Hl_0_0_l_0_0_0_0_0 = 0.000259203
Hl_0_0_l_0_0_0_0_0_0 = 0.000233113
Hl_0_0_l_0_0_0_0_0_0_0 = 0.000205285
Hl_0_0_l_0_0_0_0_0_0_0_0 = 0.000188434
Hl_0_0_l_0_0_0_0_0_0_0_0_0 = 0.000170057
Hl_0_0_l_0_0_0_0_0_0_0_0_0_0 = 0.000158265
Hl_0_0_l_0_0_0_0_0_0_0_0_0_0_0 = 0.000145201
Hl_0_0_l_0_0_0_0_0_0_0_0_0_0_0_0 = 0.000136482
Hl_0_0_l_0_0_0_0_0_0_0_0_0_0_0_0_0 = 0.000126709
Hl_0_0_l_0_0_0_0_0_0_0_0_0_0_0_0_0_0 = 0.000119999
Hl_0_0_l_0_0_0_0_0_0_0_0_0_0_0_0_0_0_0 = 0.000112408
Hl_0_0_l_0_0_0_0_0_0_0_0_0_0_0_0_0_0_0_0 = 0.000107083
Hl_0_0_l_0_0_0_0_0_0_0_0_0_0_0_0_0_0_0_0_0 = 0.000101016
Hl_0_0_l_0_0_0_0_0_0_0_0_0_0_0_0_0_0_0_0_0_0 = 9.66865e-05
Hl_0_0_l_0_0_0_0_0_0_0_0_0_0_0_0_0_0_0_0_0_0_0 = 9.17247e-05
Hl_0_0_l_0_0_0_0_0_0_0_0_0_0_0_0_0_0_0_0_0_0_0_0 = 8.80964e-05
Hr_0_0 = 0.00101213
I = 1
pi2_0_0_0_0 = 9.9688e-07
pi2_0_0_0_0_l_0 = 5.69389e-07
pi2_0_0_0_0_l_0_0 = 4.62241e-07
pi2_0_0_0_0_l_0_0_0 = 3.59299e-07
pi2_0_0_0_0_l_0_0_0_0 = 3.11957e-07
pi2_0_0_0_0_l_0_0_0_0_0 = 2.63673e-07
pi2_0_0_0_0_l_0_0_0_0_0_0 = 2.36872e-07
pi2_0_0_0_0_l_0_0_0_0_0_0_0 = 2.08571e-07
pi2_0_0_0_0_l_0_0_0_0_0_0_0_0 = 1.91297e-07
pi2_0_0_0_0_l_0_0_0_0_0_0_0_0_0 = 1.72635e-07
pi2_0_0_0_0_l_0_0_0_0_0_0_0_0_0_0 = 1.60564e-07
pi2_0_0_0_0_l_0_0_0_0_0_0_0_0_0_0_0 = 1.47313e-07
pi2_0_0_0_0_l_0_0_0_0_0_0_0_0_0_0_0_0 = 1.38398e-07
pi2_0_0_0_0_l_0_0_0_0_0_0_0_0_0_0_0_0_0 = 1.28494e-07
pi2_0_0_0_0_l_0_0_0_0_0_0_0_0_0_0_0_0_0_0 = 1.21639e-07
pi2_0_0_0_0_l_0_0_0_0_0_0_0_0_0_0_0_0_0_0_0 = 1.13952e-07
pi2_0_0_0_0_l_0_0_0_0_0_0_0_0_0_0_0_0_0_0_0_0 = 1.08516e-07
pi2_0_0_0_0_l_0_0_0_0_0_0_0_0_0_0_0_0_0_0_0_0_0 = 1.02375e-07
pi2_0_0_0_0_l_0_0_0_0_0_0_0_0_0_0_0_0_0_0_0_0_0_0 = 9.79585e-08
pi2_0_0_0_0_l_0_0_0_0_0_0_0_0_0_0_0_0_0_0_0_0_0_0_0 = 9.29391e-08
pi2_0_0_0_0_l_0_0_0_0_0_0_0_0_0_0_0_0_0_0_0_0_0_0_0_0 = 8.92392e-08
