DD_0_0 = 1.08057e-05
DD_0_0_l_0 = 4.5813e-06
DD_0_0_l_0_0 = 3.33969e-06
DD_0_0_l_0_0_0 = 2.18966e-06
DD_0_0_l_0_0_0_0 = 1.74366e-06
DD_0_0_l_0_0_0_0_0 = 1.30012e-06
DD_0_0_l_0_0_0_0_0_0 = 1.08696e-06
DD_0_0_l_0_0_0_0_0_0_0 = 8.65228e-07
DD_0_0_l_0_0_0_0_0_0_0_0 = 7.46256e-07
DD_0_0_l_0_0_0_0_0_0_0_0_0 = 6.18581e-07
DD_0_0_l_0_0_0_0_0_0_0_0_0_0 = 5.43768e-07
Dr_0_0 = 4.24917e-07
Dr_0_0_l_0 = 4.43997e-06
Dr_0_0_l_0_0 = 3.038e-06
Dr_0_0_l_0_0_0 = 3.27248e-06
Dr_0_0_l_0_0_0_0 = 2.52745e-06
Dr_0_0_l_0_0_0_0_0 = 2.49364e-06
Dr_0_0_l_0_0_0_0_0_0 = 2.03537e-06
Dr_0_0_l_0_0_0_0_0_0_0 = 1.97264e-06
Dr_0_0_l_0_0_0_0_0_0_0_0 = 1.66471e-06
Dr_0_0_l_0_0_0_0_0_0_0_0_0 = 1.60778e-06
Dr_0_0_l_0_0_0_0_0_0_0_0_0_0 = 1.38769e-06
Dr_0_0_l_0_0_0_0_0_0_0_0_0_0_0 = 1.33852e-06
Hl_0_0 = 0.00974824
Hl_0_0_l_0 = 0.00556889
Hl_0_0_l_0_0 = 0.00453353
Hl_0_0_l_0_0_0 = 0.00352544
Hl_0_0_l_0_0_0_0 = 0.00306592
Hl_0_0_l_0_0_0_0_0 = 0.00259203
Hl_0_0_l_0_0_0_0_0_0 = 0.00233113
Hl_0_0_l_0_0_0_0_0_0_0 = 0.00205285
Hl_0_0_l_0_0_0_0_0_0_0_0 = 0.00188434
Hl_0_0_l_0_0_0_0_0_0_0_0_0 = 0.00170062
Hl_0_0_l_0_0_0_0_0_0_0_0_0_0 = 0.00158033
Hr_0_0 = 0.0101213
I = 1
pi2_0_0_0_0 = 9.9688e-05
pi2_0_0_0_0_l_0 = 5.69389e-05
pi2_0_0_0_0_l_0_0 = 4.62241e-05
pi2_0_0_0_0_l_0_0_0 = 3.59299e-05
pi2_0_0_0_0_l_0_0_0_0 = 3.11956e-05
pi2_0_0_0_0_l_0_0_0_0_0 = 2.63672e-05
pi2_0_0_0_0_l_0_0_0_0_0_0 = 2.36872e-05
pi2_0_0_0_0_l_0_0_0_0_0_0_0 = 2.08571e-05
pi2_0_0_0_0_l_0_0_0_0_0_0_0_0 = 1.91297e-05
pi2_0_0_0_0_l_0_0_0_0_0_0_0_0_0 = 1.72639e-05
pi2_0_0_0_0_l_0_0_0_0_0_0_0_0_0_0 = 1.60328e-05
