DD_0_0 = 1.08052e-05
DD_0_0_l_0 = 4.5901e-06
DD_0_0_l_0_0 = 3.27367e-06
Dr_0_0 = 4.24926e-07
Dr_0_0_l_0 = 4.43856e-06
Dr_0_0_l_0_0 = 3.08941e-06
Dr_0_0_l_0_0_0 = 3.23196e-06
Hl_0_0 = 0.00974812
Hl_0_0_l_0 = 0.00557182
Hl_0_0_l_0_0 = 0.00448139
Hr_0_0 = 0.0101213
I = 1
pi2_0_0_0_0 = 9.96866e-05
pi2_0_0_0_0_l_0 = 5.69795e-05
pi2_0_0_0_0_l_0_0 = 4.56868e-05
