DD_0_0 = 2.19225e-08
DD_0_0_l_0 = 1.16358e-08
DD_0_0_l_0_0 = 9.02327e-09
DD_0_0_l_0_0_0 = 6.63587e-09
DD_0_0_l_0_0_0_0 = 5.53002e-09
DD_0_0_l_0_0_0_0_0 = 4.45784e-09
DD_0_0_l_0_0_0_0_0_0 = 3.85935e-09
DD_0_0_l_0_0_0_0_0_0_0 = 3.25832e-09
DD_0_0_l_0_0_0_0_0_0_0_0 = 2.88948e-09
DD_0_0_l_0_0_0_0_0_0_0_0_0 = 2.51034e-09
DD_0_0_l_0_0_0_0_0_0_0_0_0_0 = 2.259e-09
Dr_0_0 = 3.21569e-10
Dr_0_0_l_0 = 3.3656e-09
Dr_0_0_l_0_0 = 3.2362e-09
Dr_0_0_l_0_0_0 = 3.56812e-09
Dr_0_0_l_0_0_0_0 = 3.29819e-09
Dr_0_0_l_0_0_0_0_0 = 3.31101e-09
Dr_0_0_l_0_0_0_0_0_0 = 3.06081e-09
Dr_0_0_l_0_0_0_0_0_0_0 = 3.00147e-09
Dr_0_0_l_0_0_0_0_0_0_0_0 = 2.78863e-09
Dr_0_0_l_0_0_0_0_0_0_0_0_0 = 2.71352e-09
Dr_0_0_l_0_0_0_0_0_0_0_0_0_0 = 2.53496e-09
Dr_0_0_l_0_0_0_0_0_0_0_0_0_0_0 = 2.45746e-09
Hl_0_0 = 0.000974824
Hl_0_0_l_0 = 0.000556889
Hl_0_0_l_0_0 = 0.000453353
Hl_0_0_l_0_0_0 = 0.000352544
Hl_0_0_l_0_0_0_0 = 0.000306592
Hl_0_0_l_0_0_0_0_0 = 0.000259203
Hl_0_0_l_0_0_0_0_0_0 = 0.000233113
Hl_0_0_l_0_0_0_0_0_0_0 = 0.000205285
Hl_0_0_l_0_0_0_0_0_0_0_0 = 0.000188434
Hl_0_0_l_0_0_0_0_0_0_0_0_0 = 0.000170062
Hl_0_0_l_0_0_0_0_0_0_0_0_0_0 = 0.000158033
Hr_0_0 = 0.00101213
I = 1
pi2_0_0_0_0 = 9.87869e-07
pi2_0_0_0_0_l_0 = 5.64374e-07
pi2_0_0_0_0_l_0_0 = 4.59439e-07
pi2_0_0_0_0_l_0_0_0 = 3.57246e-07
pi2_0_0_0_0_l_0_0_0_0 = 3.10671e-07
pi2_0_0_0_0_l_0_0_0_0_0 = 2.62627e-07
pi2_0_0_0_0_l_0_0_0_0_0_0 = 2.36185e-07
pi2_0_0_0_0_l_0_0_0_0_0_0_0 = 2.07973e-07
pi2_0_0_0_0_l_0_0_0_0_0_0_0_0 = 1.90896e-07
pi2_0_0_0_0_l_0_0_0_0_0_0_0_0_0 = 1.72272e-07
pi2_0_0_0_0_l_0_0_0_0_0_0_0_0_0_0 = 1.60083e-07
