DD_0_0 = 2.19225e-06
DD_0_0_l_0 = 1.16358e-06
DD_0_0_l_0_0 = 9.02327e-07
DD_0_0_l_0_0_0 = 6.63587e-07
DD_0_0_l_0_0_0_0 = 5.53002e-07
DD_0_0_l_0_0_0_0_0 = 4.45784e-07
DD_0_0_l_0_0_0_0_0_0 = 3.85934e-07
DD_0_0_l_0_0_0_0_0_0_0 = 3.25832e-07
DD_0_0_l_0_0_0_0_0_0_0_0 = 2.88948e-07
DD_0_0_l_0_0_0_0_0_0_0_0_0 = 2.51025e-07
DD_0_0_l_0_0_0_0_0_0_0_0_0_0 = 2.26358e-07
DD_0_0_l_0_0_0_0_0_0_0_0_0_0_0 = 2.00559e-07
DD_0_0_l_0_0_0_0_0_0_0_0_0_0_0_0 = 1.831e-07
DD_0_0_l_0_0_0_0_0_0_0_0_0_0_0_0_0 = 1.646e-07
DD_0_0_l_0_0_0_0_0_0_0_0_0_0_0_0_0_0 = 1.51714e-07
DD_0_0_l_0_0_0_0_0_0_0_0_0_0_0_0_0_0_0 = 1.37918e-07
DD_0_0_l_0_0_0_0_0_0_0_0_0_0_0_0_0_0_0_0 = 1.28096e-07
DD_0_0_l_0_0_0_0_0_0_0_0_0_0_0_0_0_0_0_0_0 = 1.1749e-07
DD_0_0_l_0_0_0_0_0_0_0_0_0_0_0_0_0_0_0_0_0_0 = 1.09807e-07
DD_0_0_l_0_0_0_0_0_0_0_0_0_0_0_0_0_0_0_0_0_0_0 = 1.01453e-07
DD_0_0_l_0_0_0_0_0_0_0_0_0_0_0_0_0_0_0_0_0_0_0_0 = 9.52514e-08
Dr_0_0 = 3.21569e-08
Dr_0_0_l_0 = 3.3656e-07
Dr_0_0_l_0_0 = 3.2362e-07
Dr_0_0_l_0_0_0 = 3.56812e-07
Dr_0_0_l_0_0_0_0 = 3.29819e-07
Dr_0_0_l_0_0_0_0_0 = 3.31101e-07
Dr_0_0_l_0_0_0_0_0_0 = 3.06081e-07
Dr_0_0_l_0_0_0_0_0_0_0 = 3.00147e-07
Dr_0_0_l_0_0_0_0_0_0_0_0 = 2.78863e-07
Dr_0_0_l_0_0_0_0_0_0_0_0_0 = 2.71352e-07
Dr_0_0_l_0_0_0_0_0_0_0_0_0_0 = 2.53481e-07
Dr_0_0_l_0_0_0_0_0_0_0_0_0_0_0 = 2.46034e-07
Dr_0_0_l_0_0_0_0_0_0_0_0_0_0_0_0 = 2.30973e-07
Dr_0_0_l_0_0_0_0_0_0_0_0_0_0_0_0_0 = 2.24086e-07
Dr_0_0_l_0_0_0_0_0_0_0_0_0_0_0_0_0_0 = 2.11289e-07
Dr_0_0_l_0_0_0_0_0_0_0_0_0_0_0_0_0_0_0 = 2.0508e-07
Dr_0_0_l_0_0_0_0_0_0_0_0_0_0_0_0_0_0_0_0 = 1.94107e-07
Dr_0_0_l_0_0_0_0_0_0_0_0_0_0_0_0_0_0_0_0_0 = 1.88562e-07
Dr_0_0_l_0_0_0_0_0_0_0_0_0_0_0_0_0_0_0_0_0_0 = 1.7907e-07
Dr_0_0_l_0_0_0_0_0_0_0_0_0_0_0_0_0_0_0_0_0_0_0 = 1.7413e-07
Dr_0_0_l_0_0_0_0_0_0_0_0_0_0_0_0_0_0_0_0_0_0_0_0 = 1.65823e-07
Dr_0_0_l_0_0_0_0_0_0_0_0_0_0_0_0_0_0_0_0_0_0_0_0_0 = 1.61377e-07
Hl_0_0 = 0.00974824
Hl_0_0_l_0 = 0.00556889
Hl_0_0_l_0_0 = 0.00453353
Hl_0_0_l_0_0_0 = 0.00352544
Hl_0_0_l_0_0_0_0 = 0.00306592
Hl_0_0_l_0_0_0_0_0 = 0.00259203
Hl_0_0_l_0_0_0_0_0_0 = 0.00233113
Hl_0_0_l_0_0_0_0_0_0_0 = 0.00205285
Hl_0_0_l_0_0_0_0_0_0_0_0 = 0.00188434
Hl_0_0_l_0_0_0_0_0_0_0_0_0 = 0.00170057
Hl_0_0_l_0_0_0_0_0_0_0_0_0_0 = 0.00158265
Hl_0_0_l_0_0_0_0_0_0_0_0_0_0_0 = 0.00145201
Hl_0_0_l_0_0_0_0_0_0_0_0_0_0_0_0 = 0.00136482
Hl_0_0_l_0_0_0_0_0_0_0_0_0_0_0_0_0 = 0.00126709
Hl_0_0_l_0_0_0_0_0_0_0_0_0_0_0_0_0_0 = 0.00119999
Hl_0_0_l_0_0_0_0_0_0_0_0_0_0_0_0_0_0_0 = 0.00112408
Hl_0_0_l_0_0_0_0_0_0_0_0_0_0_0_0_0_0_0_0 = 0.00107083
Hl_0_0_l_0_0_0_0_0_0_0_0_0_0_0_0_0_0_0_0_0 = 0.00101016
Hl_0_0_l_0_0_0_0_0_0_0_0_0_0_0_0_0_0_0_0_0_0 = 0.000966865
Hl_0_0_l_0_0_0_0_0_0_0_0_0_0_0_0_0_0_0_0_0_0_0 = 0.000917247
Hl_0_0_l_0_0_0_0_0_0_0_0_0_0_0_0_0_0_0_0_0_0_0_0 = 0.000880964
Hr_0_0 = 0.0101213
I = 1
pi2_0_0_0_0 = 9.87869e-05
pi2_0_0_0_0_l_0 = 5.64374e-05
pi2_0_0_0_0_l_0_0 = 4.59439e-05
pi2_0_0_0_0_l_0_0_0 = 3.57246e-05
pi2_0_0_0_0_l_0_0_0_0 = 3.10671e-05
pi2_0_0_0_0_l_0_0_0_0_0 = 2.62627e-05
pi2_0_0_0_0_l_0_0_0_0_0_0 = 2.36184e-05
pi2_0_0_0_0_l_0_0_0_0_0_0_0 = 2.07973e-05
pi2_0_0_0_0_l_0_0_0_0_0_0_0_0 = 1.90896e-05
pi2_0_0_0_0_l_0_0_0_0_0_0_0_0_0 = 1.72267e-05
pi2_0_0_0_0_l_0_0_0_0_0_0_0_0_0_0 = 1.60318e-05
pi2_0_0_0_0_l_0_0_0_0_0_0_0_0_0_0_0 = 1.47076e-05
pi2_0_0_0_0_l_0_0_0_0_0_0_0_0_0_0_0_0 = 1.38241e-05
pi2_0_0_0_0_l_0_0_0_0_0_0_0_0_0_0_0_0_0 = 1.28336e-05
pi2_0_0_0_0_l_0_0_0_0_0_0_0_0_0_0_0_0_0_0 = 1.21537e-05
pi2_0_0_0_0_l_0_0_0_0_0_0_0_0_0_0_0_0_0_0_0 = 1.13844e-05
pi2_0_0_0_0_l_0_0_0_0_0_0_0_0_0_0_0_0_0_0_0_0 = 1.08449e-05
pi2_0_0_0_0_l_0_0_0_0_0_0_0_0_0_0_0_0_0_0_0_0_0 = 1.02301e-05
pi2_0_0_0_0_l_0_0_0_0_0_0_0_0_0_0_0_0_0_0_0_0_0_0 = 9.79151e-06
pi2_0_0_0_0_l_0_0_0_0_0_0_0_0_0_0_0_0_0_0_0_0_0_0_0 = 9.28871e-06
pi2_0_0_0_0_l_0_0_0_0_0_0_0_0_0_0_0_0_0_0_0_0_0_0_0_0 = 8.92117e-06
