DD_0_0 = 2.19222e-06
DD_0_0_l_0 = 1.16439e-06
DD_0_0_l_0_0 = 8.90055e-07
Dr_0_0 = 3.21567e-08
Dr_0_0_l_0 = 3.36522e-07
Dr_0_0_l_0_0 = 3.27728e-07
Dr_0_0_l_0_0_0 = 3.54883e-07
Hl_0_0 = 0.00974812
Hl_0_0_l_0 = 0.00557182
Hl_0_0_l_0_0 = 0.00448139
Hr_0_0 = 0.0101213
I = 1
pi2_0_0_0_0 = 9.87857e-05
pi2_0_0_0_0_l_0 = 5.64679e-05
pi2_0_0_0_0_l_0_0 = 4.5415e-05
