DD_0_0 = 2.19225e-08
DD_0_0_l_0 = 1.16358e-08
DD_0_0_l_0_0 = 9.02327e-09
DD_0_0_l_0_0_0 = 6.63587e-09
DD_0_0_l_0_0_0_0 = 5.53002e-09
DD_0_0_l_0_0_0_0_0 = 4.45784e-09
DD_0_0_l_0_0_0_0_0_0 = 3.85935e-09
DD_0_0_l_0_0_0_0_0_0_0 = 3.25832e-09
DD_0_0_l_0_0_0_0_0_0_0_0 = 2.88948e-09
DD_0_0_l_0_0_0_0_0_0_0_0_0 = 2.51025e-09
DD_0_0_l_0_0_0_0_0_0_0_0_0_0 = 2.26358e-09
DD_0_0_l_0_0_0_0_0_0_0_0_0_0_0 = 2.00559e-09
DD_0_0_l_0_0_0_0_0_0_0_0_0_0_0_0 = 1.831e-09
DD_0_0_l_0_0_0_0_0_0_0_0_0_0_0_0_0 = 1.646e-09
DD_0_0_l_0_0_0_0_0_0_0_0_0_0_0_0_0_0 = 1.51714e-09
DD_0_0_l_0_0_0_0_0_0_0_0_0_0_0_0_0_0_0 = 1.37918e-09
DD_0_0_l_0_0_0_0_0_0_0_0_0_0_0_0_0_0_0_0 = 1.28096e-09
DD_0_0_l_0_0_0_0_0_0_0_0_0_0_0_0_0_0_0_0_0 = 1.1749e-09
DD_0_0_l_0_0_0_0_0_0_0_0_0_0_0_0_0_0_0_0_0_0 = 1.09807e-09
DD_0_0_l_0_0_0_0_0_0_0_0_0_0_0_0_0_0_0_0_0_0_0 = 1.01453e-09
DD_0_0_l_0_0_0_0_0_0_0_0_0_0_0_0_0_0_0_0_0_0_0_0 = 9.52514e-10
Dr_0_0 = 3.21569e-10
Dr_0_0_l_0 = 3.3656e-09
Dr_0_0_l_0_0 = 3.2362e-09
Dr_0_0_l_0_0_0 = 3.56812e-09
Dr_0_0_l_0_0_0_0 = 3.29819e-09
Dr_0_0_l_0_0_0_0_0 = 3.31101e-09
Dr_0_0_l_0_0_0_0_0_0 = 3.06081e-09
Dr_0_0_l_0_0_0_0_0_0_0 = 3.00147e-09
Dr_0_0_l_0_0_0_0_0_0_0_0 = 2.78863e-09
Dr_0_0_l_0_0_0_0_0_0_0_0_0 = 2.71352e-09
Dr_0_0_l_0_0_0_0_0_0_0_0_0_0 = 2.53481e-09
Dr_0_0_l_0_0_0_0_0_0_0_0_0_0_0 = 2.46034e-09
Dr_0_0_l_0_0_0_0_0_0_0_0_0_0_0_0 = 2.30973e-09
Dr_0_0_l_0_0_0_0_0_0_0_0_0_0_0_0_0 = 2.24086e-09
Dr_0_0_l_0_0_0_0_0_0_0_0_0_0_0_0_0_0 = 2.11289e-09
Dr_0_0_l_0_0_0_0_0_0_0_0_0_0_0_0_0_0_0 = 2.0508e-09
Dr_0_0_l_0_0_0_0_0_0_0_0_0_0_0_0_0_0_0_0 = 1.94107e-09
Dr_0_0_l_0_0_0_0_0_0_0_0_0_0_0_0_0_0_0_0_0 = 1.88562e-09
Dr_0_0_l_0_0_0_0_0_0_0_0_0_0_0_0_0_0_0_0_0_0 = 1.7907e-09
Dr_0_0_l_0_0_0_0_0_0_0_0_0_0_0_0_0_0_0_0_0_0_0 = 1.7413e-09
Dr_0_0_l_0_0_0_0_0_0_0_0_0_0_0_0_0_0_0_0_0_0_0_0 = 1.65823e-09
Dr_0_0_l_0_0_0_0_0_0_0_0_0_0_0_0_0_0_0_0_0_0_0_0_0 = 1.61377e-09
Hl_0_0 = 0.000974824
Hl_0_0_l_0 = 0.000556889
Hl_0_0_l_0_0 = 0.000453353
Hl_0_0_l_0_0_0 = 0.000352544
Hl_0_0_l_0_0_0_0 = 0.000306592
Hl_0_0_l_0_0_0_0_0 = 0.000259203
Hl_0_0_l_0_0_0_0_0_0 = 0.000233113
Hl_0_0_l_0_0_0_0_0_0_0 = 0.000205285
Hl_0_0_l_0_0_0_0_0_0_0_0 = 0.000188434
Hl_0_0_l_0_0_0_0_0_0_0_0_0 = 0.000170057
Hl_0_0_l_0_0_0_0_0_0_0_0_0_0 = 0.000158265
Hl_0_0_l_0_0_0_0_0_0_0_0_0_0_0 = 0.000145201
Hl_0_0_l_0_0_0_0_0_0_0_0_0_0_0_0 = 0.000136482
Hl_0_0_l_0_0_0_0_0_0_0_0_0_0_0_0_0 = 0.000126709
Hl_0_0_l_0_0_0_0_0_0_0_0_0_0_0_0_0_0 = 0.000119999
Hl_0_0_l_0_0_0_0_0_0_0_0_0_0_0_0_0_0_0 = 0.000112408
Hl_0_0_l_0_0_0_0_0_0_0_0_0_0_0_0_0_0_0_0 = 0.000107083
Hl_0_0_l_0_0_0_0_0_0_0_0_0_0_0_0_0_0_0_0_0 = 0.000101016
Hl_0_0_l_0_0_0_0_0_0_0_0_0_0_0_0_0_0_0_0_0_0 = 9.66865e-05
Hl_0_0_l_0_0_0_0_0_0_0_0_0_0_0_0_0_0_0_0_0_0_0 = 9.17247e-05
Hl_0_0_l_0_0_0_0_0_0_0_0_0_0_0_0_0_0_0_0_0_0_0_0 = 8.80964e-05
Hr_0_0 = 0.00101213
I = 1
pi2_0_0_0_0 = 9.87869e-07
pi2_0_0_0_0_l_0 = 5.64374e-07
pi2_0_0_0_0_l_0_0 = 4.59439e-07
pi2_0_0_0_0_l_0_0_0 = 3.57246e-07
pi2_0_0_0_0_l_0_0_0_0 = 3.10671e-07
pi2_0_0_0_0_l_0_0_0_0_0 = 2.62627e-07
pi2_0_0_0_0_l_0_0_0_0_0_0 = 2.36185e-07
pi2_0_0_0_0_l_0_0_0_0_0_0_0 = 2.07973e-07
pi2_0_0_0_0_l_0_0_0_0_0_0_0_0 = 1.90896e-07
pi2_0_0_0_0_l_0_0_0_0_0_0_0_0_0 = 1.72267e-07
pi2_0_0_0_0_l_0_0_0_0_0_0_0_0_0_0 = 1.60318e-07
pi2_0_0_0_0_l_0_0_0_0_0_0_0_0_0_0_0 = 1.47076e-07
pi2_0_0_0_0_l_0_0_0_0_0_0_0_0_0_0_0_0 = 1.38241e-07
pi2_0_0_0_0_l_0_0_0_0_0_0_0_0_0_0_0_0_0 = 1.28336e-07
pi2_0_0_0_0_l_0_0_0_0_0_0_0_0_0_0_0_0_0_0 = 1.21537e-07
pi2_0_0_0_0_l_0_0_0_0_0_0_0_0_0_0_0_0_0_0_0 = 1.13844e-07
pi2_0_0_0_0_l_0_0_0_0_0_0_0_0_0_0_0_0_0_0_0_0 = 1.08449e-07
pi2_0_0_0_0_l_0_0_0_0_0_0_0_0_0_0_0_0_0_0_0_0_0 = 1.02301e-07
pi2_0_0_0_0_l_0_0_0_0_0_0_0_0_0_0_0_0_0_0_0_0_0_0 = 9.79151e-08
pi2_0_0_0_0_l_0_0_0_0_0_0_0_0_0_0_0_0_0_0_0_0_0_0_0 = 9.28871e-08
pi2_0_0_0_0_l_0_0_0_0_0_0_0_0_0_0_0_0_0_0_0_0_0_0_0_0 = 8.92117e-08
