DD_0_0 = 2.19225e-06
DD_0_0_l_0 = 1.16358e-06
DD_0_0_l_0_0 = 9.02328e-07
DD_0_0_l_0_0_0 = 6.63584e-07
DD_0_0_l_0_0_0_0 = 5.53082e-07
DD_0_0_l_0_0_0_0_0 = 4.43959e-07
Dr_0_0 = 3.21569e-08
Dr_0_0_l_0 = 3.3656e-07
Dr_0_0_l_0_0 = 3.2362e-07
Dr_0_0_l_0_0_0 = 3.56813e-07
Dr_0_0_l_0_0_0_0 = 3.29809e-07
Dr_0_0_l_0_0_0_0_0 = 3.31702e-07
Dr_0_0_l_0_0_0_0_0_0 = 3.05604e-07
Hl_0_0 = 0.00974824
Hl_0_0_l_0 = 0.00556889
Hl_0_0_l_0_0 = 0.00453353
Hl_0_0_l_0_0_0 = 0.00352542
Hl_0_0_l_0_0_0_0 = 0.00306623
Hl_0_0_l_0_0_0_0_0 = 0.0025838
Hr_0_0 = 0.0101213
I = 1
pi2_0_0_0_0 = 9.87869e-05
pi2_0_0_0_0_l_0 = 5.64374e-05
pi2_0_0_0_0_l_0_0 = 4.59439e-05
pi2_0_0_0_0_l_0_0_0 = 3.57244e-05
pi2_0_0_0_0_l_0_0_0_0 = 3.10703e-05
pi2_0_0_0_0_l_0_0_0_0_0 = 2.61794e-05
