DD_0_0 = 2.19225e-06
DD_0_0_l_0 = 1.16358e-06
DD_0_0_l_0_0 = 9.02327e-07
DD_0_0_l_0_0_0 = 6.63587e-07
DD_0_0_l_0_0_0_0 = 5.53002e-07
DD_0_0_l_0_0_0_0_0 = 4.45784e-07
DD_0_0_l_0_0_0_0_0_0 = 3.85934e-07
DD_0_0_l_0_0_0_0_0_0_0 = 3.25832e-07
DD_0_0_l_0_0_0_0_0_0_0_0 = 2.88948e-07
DD_0_0_l_0_0_0_0_0_0_0_0_0 = 2.51034e-07
DD_0_0_l_0_0_0_0_0_0_0_0_0_0 = 2.259e-07
Dr_0_0 = 3.21569e-08
Dr_0_0_l_0 = 3.3656e-07
Dr_0_0_l_0_0 = 3.2362e-07
Dr_0_0_l_0_0_0 = 3.56812e-07
Dr_0_0_l_0_0_0_0 = 3.29819e-07
Dr_0_0_l_0_0_0_0_0 = 3.31101e-07
Dr_0_0_l_0_0_0_0_0_0 = 3.06081e-07
Dr_0_0_l_0_0_0_0_0_0_0 = 3.00147e-07
Dr_0_0_l_0_0_0_0_0_0_0_0 = 2.78863e-07
Dr_0_0_l_0_0_0_0_0_0_0_0_0 = 2.71352e-07
Dr_0_0_l_0_0_0_0_0_0_0_0_0_0 = 2.53496e-07
Dr_0_0_l_0_0_0_0_0_0_0_0_0_0_0 = 2.45746e-07
Hl_0_0 = 0.00974824
Hl_0_0_l_0 = 0.00556889
Hl_0_0_l_0_0 = 0.00453353
Hl_0_0_l_0_0_0 = 0.00352544
Hl_0_0_l_0_0_0_0 = 0.00306592
Hl_0_0_l_0_0_0_0_0 = 0.00259203
Hl_0_0_l_0_0_0_0_0_0 = 0.00233113
Hl_0_0_l_0_0_0_0_0_0_0 = 0.00205285
Hl_0_0_l_0_0_0_0_0_0_0_0 = 0.00188434
Hl_0_0_l_0_0_0_0_0_0_0_0_0 = 0.00170062
Hl_0_0_l_0_0_0_0_0_0_0_0_0_0 = 0.00158033
Hr_0_0 = 0.0101213
I = 1
pi2_0_0_0_0 = 9.87869e-05
pi2_0_0_0_0_l_0 = 5.64374e-05
pi2_0_0_0_0_l_0_0 = 4.59439e-05
pi2_0_0_0_0_l_0_0_0 = 3.57246e-05
pi2_0_0_0_0_l_0_0_0_0 = 3.10671e-05
pi2_0_0_0_0_l_0_0_0_0_0 = 2.62627e-05
pi2_0_0_0_0_l_0_0_0_0_0_0 = 2.36184e-05
pi2_0_0_0_0_l_0_0_0_0_0_0_0 = 2.07973e-05
pi2_0_0_0_0_l_0_0_0_0_0_0_0_0 = 1.90896e-05
pi2_0_0_0_0_l_0_0_0_0_0_0_0_0_0 = 1.72272e-05
pi2_0_0_0_0_l_0_0_0_0_0_0_0_0_0_0 = 1.60083e-05
