DD_0_0 = 2.19225e-08
DD_0_0_l_0 = 1.16358e-08
DD_0_0_l_0_0 = 9.02328e-09
DD_0_0_l_0_0_0 = 6.63584e-09
DD_0_0_l_0_0_0_0 = 5.53082e-09
DD_0_0_l_0_0_0_0_0 = 4.43959e-09
Dr_0_0 = 3.21569e-10
Dr_0_0_l_0 = 3.3656e-09
Dr_0_0_l_0_0 = 3.2362e-09
Dr_0_0_l_0_0_0 = 3.56813e-09
Dr_0_0_l_0_0_0_0 = 3.29809e-09
Dr_0_0_l_0_0_0_0_0 = 3.31702e-09
Dr_0_0_l_0_0_0_0_0_0 = 3.05604e-09
Hl_0_0 = 0.000974824
Hl_0_0_l_0 = 0.000556889
Hl_0_0_l_0_0 = 0.000453353
Hl_0_0_l_0_0_0 = 0.000352542
Hl_0_0_l_0_0_0_0 = 0.000306623
Hl_0_0_l_0_0_0_0_0 = 0.00025838
Hr_0_0 = 0.00101213
I = 1
pi2_0_0_0_0 = 9.87869e-07
pi2_0_0_0_0_l_0 = 5.64374e-07
pi2_0_0_0_0_l_0_0 = 4.59439e-07
pi2_0_0_0_0_l_0_0_0 = 3.57244e-07
pi2_0_0_0_0_l_0_0_0_0 = 3.10703e-07
pi2_0_0_0_0_l_0_0_0_0_0 = 2.61794e-07
