DD_0_0 = 2.19222e-08
DD_0_0_l_0 = 1.16439e-08
DD_0_0_l_0_0 = 8.90055e-09
Dr_0_0 = 3.21567e-10
Dr_0_0_l_0 = 3.36522e-09
Dr_0_0_l_0_0 = 3.27728e-09
Dr_0_0_l_0_0_0 = 3.54883e-09
Hl_0_0 = 0.000974812
Hl_0_0_l_0 = 0.000557182
Hl_0_0_l_0_0 = 0.000448139
Hr_0_0 = 0.00101213
I = 1
pi2_0_0_0_0 = 9.87857e-07
pi2_0_0_0_0_l_0 = 5.6468e-07
pi2_0_0_0_0_l_0_0 = 4.5415e-07
