DD_0_0 = 2.43554e-09
DD_0_0_l_0 = 1.37924e-09
DD_0_0_l_0_0 = 1.1153e-09
DD_0_0_l_0_0_0 = 8.60576e-10
DD_0_0_l_0_0_0_0 = 7.43458e-10
DD_0_0_l_0_0_0_0_0 = 6.23892e-10
DD_0_0_l_0_0_0_0_0_0 = 5.5745e-10
DD_0_0_l_0_0_0_0_0_0_0 = 4.87387e-10
DD_0_0_l_0_0_0_0_0_0_0_0 = 4.44528e-10
DD_0_0_l_0_0_0_0_0_0_0_0_0 = 3.98378e-10
DD_0_0_l_0_0_0_0_0_0_0_0_0_0 = 3.68435e-10
DD_0_0_l_0_0_0_0_0_0_0_0_0_0_0 = 3.3572e-10
DD_0_0_l_0_0_0_0_0_0_0_0_0_0_0_0 = 3.13625e-10
DD_0_0_l_0_0_0_0_0_0_0_0_0_0_0_0_0 = 2.89228e-10
DD_0_0_l_0_0_0_0_0_0_0_0_0_0_0_0_0_0 = 2.72262e-10
DD_0_0_l_0_0_0_0_0_0_0_0_0_0_0_0_0_0_0 = 2.53376e-10
DD_0_0_l_0_0_0_0_0_0_0_0_0_0_0_0_0_0_0_0 = 2.39946e-10
DD_0_0_l_0_0_0_0_0_0_0_0_0_0_0_0_0_0_0_0_0 = 2.24903e-10
DD_0_0_l_0_0_0_0_0_0_0_0_0_0_0_0_0_0_0_0_0_0 = 2.14015e-10
DD_0_0_l_0_0_0_0_0_0_0_0_0_0_0_0_0_0_0_0_0_0_0 = 2.01758e-10
DD_0_0_l_0_0_0_0_0_0_0_0_0_0_0_0_0_0_0_0_0_0_0_0 = 1.92662e-10
Dr_0_0 = 4.70053e-12
Dr_0_0_l_0 = 4.95753e-11
Dr_0_0_l_0_0 = 5.46314e-11
Dr_0_0_l_0_0_0 = 6.47948e-11
Dr_0_0_l_0_0_0_0 = 6.57204e-11
Dr_0_0_l_0_0_0_0_0 = 7.00755e-11
Dr_0_0_l_0_0_0_0_0_0 = 6.97739e-11
Dr_0_0_l_0_0_0_0_0_0_0 = 7.20078e-11
Dr_0_0_l_0_0_0_0_0_0_0_0 = 7.1236e-11
Dr_0_0_l_0_0_0_0_0_0_0_0_0 = 7.24537e-11
Dr_0_0_l_0_0_0_0_0_0_0_0_0_0 = 7.14856e-11
Dr_0_0_l_0_0_0_0_0_0_0_0_0_0_0 = 7.21419e-11
Dr_0_0_l_0_0_0_0_0_0_0_0_0_0_0_0 = 7.10957e-11
Dr_0_0_l_0_0_0_0_0_0_0_0_0_0_0_0_0 = 7.14138e-11
Dr_0_0_l_0_0_0_0_0_0_0_0_0_0_0_0_0_0 = 7.03459e-11
Dr_0_0_l_0_0_0_0_0_0_0_0_0_0_0_0_0_0_0 = 7.04484e-11
Dr_0_0_l_0_0_0_0_0_0_0_0_0_0_0_0_0_0_0_0 = 6.93874e-11
Dr_0_0_l_0_0_0_0_0_0_0_0_0_0_0_0_0_0_0_0_0 = 6.93473e-11
Dr_0_0_l_0_0_0_0_0_0_0_0_0_0_0_0_0_0_0_0_0_0 = 6.83081e-11
Dr_0_0_l_0_0_0_0_0_0_0_0_0_0_0_0_0_0_0_0_0_0_0 = 6.8171e-11
Dr_0_0_l_0_0_0_0_0_0_0_0_0_0_0_0_0_0_0_0_0_0_0_0 = 6.71689e-11
Dr_0_0_l_0_0_0_0_0_0_0_0_0_0_0_0_0_0_0_0_0_0_0_0_0 = 6.69442e-11
Hl_0_0 = 0.000974824
Hl_0_0_l_0 = 0.000556889
Hl_0_0_l_0_0 = 0.000453353
Hl_0_0_l_0_0_0 = 0.000352544
Hl_0_0_l_0_0_0_0 = 0.000306592
Hl_0_0_l_0_0_0_0_0 = 0.000259203
Hl_0_0_l_0_0_0_0_0_0 = 0.000233113
Hl_0_0_l_0_0_0_0_0_0_0 = 0.000205285
Hl_0_0_l_0_0_0_0_0_0_0_0 = 0.000188434
Hl_0_0_l_0_0_0_0_0_0_0_0_0 = 0.000170057
Hl_0_0_l_0_0_0_0_0_0_0_0_0_0 = 0.000158265
Hl_0_0_l_0_0_0_0_0_0_0_0_0_0_0 = 0.000145201
Hl_0_0_l_0_0_0_0_0_0_0_0_0_0_0_0 = 0.000136482
Hl_0_0_l_0_0_0_0_0_0_0_0_0_0_0_0_0 = 0.000126709
Hl_0_0_l_0_0_0_0_0_0_0_0_0_0_0_0_0_0 = 0.000119999
Hl_0_0_l_0_0_0_0_0_0_0_0_0_0_0_0_0_0_0 = 0.000112408
Hl_0_0_l_0_0_0_0_0_0_0_0_0_0_0_0_0_0_0_0 = 0.000107083
Hl_0_0_l_0_0_0_0_0_0_0_0_0_0_0_0_0_0_0_0_0 = 0.000101016
Hl_0_0_l_0_0_0_0_0_0_0_0_0_0_0_0_0_0_0_0_0_0 = 9.66865e-05
Hl_0_0_l_0_0_0_0_0_0_0_0_0_0_0_0_0_0_0_0_0_0_0 = 9.17247e-05
Hl_0_0_l_0_0_0_0_0_0_0_0_0_0_0_0_0_0_0_0_0_0_0_0 = 8.80964e-05
Hr_0_0 = 0.00101213
I = 1
pi2_0_0_0_0 = 9.86672e-07
pi2_0_0_0_0_l_0 = 5.63654e-07
pi2_0_0_0_0_l_0_0 = 4.58862e-07
pi2_0_0_0_0_l_0_0_0 = 3.56827e-07
pi2_0_0_0_0_l_0_0_0_0 = 3.10317e-07
pi2_0_0_0_0_l_0_0_0_0_0 = 2.62352e-07
pi2_0_0_0_0_l_0_0_0_0_0_0 = 2.35945e-07
pi2_0_0_0_0_l_0_0_0_0_0_0_0 = 2.07779e-07
pi2_0_0_0_0_l_0_0_0_0_0_0_0_0 = 1.90723e-07
pi2_0_0_0_0_l_0_0_0_0_0_0_0_0_0 = 1.72123e-07
pi2_0_0_0_0_l_0_0_0_0_0_0_0_0_0_0 = 1.60188e-07
pi2_0_0_0_0_l_0_0_0_0_0_0_0_0_0_0_0 = 1.46965e-07
pi2_0_0_0_0_l_0_0_0_0_0_0_0_0_0_0_0_0 = 1.3814e-07
pi2_0_0_0_0_l_0_0_0_0_0_0_0_0_0_0_0_0_0 = 1.28248e-07
pi2_0_0_0_0_l_0_0_0_0_0_0_0_0_0_0_0_0_0_0 = 1.21456e-07
pi2_0_0_0_0_l_0_0_0_0_0_0_0_0_0_0_0_0_0_0_0 = 1.13774e-07
pi2_0_0_0_0_l_0_0_0_0_0_0_0_0_0_0_0_0_0_0_0_0 = 1.08384e-07
pi2_0_0_0_0_l_0_0_0_0_0_0_0_0_0_0_0_0_0_0_0_0_0 = 1.02243e-07
pi2_0_0_0_0_l_0_0_0_0_0_0_0_0_0_0_0_0_0_0_0_0_0_0 = 9.7861e-08
pi2_0_0_0_0_l_0_0_0_0_0_0_0_0_0_0_0_0_0_0_0_0_0_0_0 = 9.28388e-08
pi2_0_0_0_0_l_0_0_0_0_0_0_0_0_0_0_0_0_0_0_0_0_0_0_0_0 = 8.91664e-08
