DD_0_0 = 2.43554e-07
DD_0_0_l_0 = 1.37924e-07
DD_0_0_l_0_0 = 1.1153e-07
DD_0_0_l_0_0_0 = 8.60576e-08
DD_0_0_l_0_0_0_0 = 7.43458e-08
DD_0_0_l_0_0_0_0_0 = 6.23892e-08
DD_0_0_l_0_0_0_0_0_0 = 5.5745e-08
DD_0_0_l_0_0_0_0_0_0_0 = 4.87387e-08
DD_0_0_l_0_0_0_0_0_0_0_0 = 4.44528e-08
DD_0_0_l_0_0_0_0_0_0_0_0_0 = 3.98389e-08
DD_0_0_l_0_0_0_0_0_0_0_0_0_0 = 3.67863e-08
Dr_0_0 = 4.70053e-10
Dr_0_0_l_0 = 4.95753e-09
Dr_0_0_l_0_0 = 5.46314e-09
Dr_0_0_l_0_0_0 = 6.47948e-09
Dr_0_0_l_0_0_0_0 = 6.57204e-09
Dr_0_0_l_0_0_0_0_0 = 7.00755e-09
Dr_0_0_l_0_0_0_0_0_0 = 6.97739e-09
Dr_0_0_l_0_0_0_0_0_0_0 = 7.20078e-09
Dr_0_0_l_0_0_0_0_0_0_0_0 = 7.1236e-09
Dr_0_0_l_0_0_0_0_0_0_0_0_0 = 7.24535e-09
Dr_0_0_l_0_0_0_0_0_0_0_0_0_0 = 7.15345e-09
Dr_0_0_l_0_0_0_0_0_0_0_0_0_0_0 = 7.20939e-09
Hl_0_0 = 0.00974824
Hl_0_0_l_0 = 0.00556889
Hl_0_0_l_0_0 = 0.00453353
Hl_0_0_l_0_0_0 = 0.00352544
Hl_0_0_l_0_0_0_0 = 0.00306592
Hl_0_0_l_0_0_0_0_0 = 0.00259203
Hl_0_0_l_0_0_0_0_0_0 = 0.00233113
Hl_0_0_l_0_0_0_0_0_0_0 = 0.00205285
Hl_0_0_l_0_0_0_0_0_0_0_0 = 0.00188434
Hl_0_0_l_0_0_0_0_0_0_0_0_0 = 0.00170062
Hl_0_0_l_0_0_0_0_0_0_0_0_0_0 = 0.00158033
Hr_0_0 = 0.0101213
I = 1
pi2_0_0_0_0 = 9.86672e-05
pi2_0_0_0_0_l_0 = 5.63654e-05
pi2_0_0_0_0_l_0_0 = 4.58862e-05
pi2_0_0_0_0_l_0_0_0 = 3.56827e-05
pi2_0_0_0_0_l_0_0_0_0 = 3.10317e-05
pi2_0_0_0_0_l_0_0_0_0_0 = 2.62352e-05
pi2_0_0_0_0_l_0_0_0_0_0_0 = 2.35945e-05
pi2_0_0_0_0_l_0_0_0_0_0_0_0 = 2.07779e-05
pi2_0_0_0_0_l_0_0_0_0_0_0_0_0 = 1.90723e-05
pi2_0_0_0_0_l_0_0_0_0_0_0_0_0_0 = 1.72128e-05
pi2_0_0_0_0_l_0_0_0_0_0_0_0_0_0_0 = 1.59953e-05
