DD_0_0 = 2.43551e-07
DD_0_0_l_0 = 1.37998e-07
DD_0_0_l_0_0 = 1.10222e-07
Dr_0_0 = 4.70047e-10
Dr_0_0_l_0 = 4.95754e-09
Dr_0_0_l_0_0 = 5.51821e-09
Dr_0_0_l_0_0_0 = 6.45184e-09
Hl_0_0 = 0.00974812
Hl_0_0_l_0 = 0.00557182
Hl_0_0_l_0_0 = 0.00448139
Hr_0_0 = 0.0101213
I = 1
pi2_0_0_0_0 = 9.8666e-05
pi2_0_0_0_0_l_0 = 5.6395e-05
pi2_0_0_0_0_l_0_0 = 4.53585e-05
