DD_0_0 = 2.43554e-07
DD_0_0_l_0 = 1.37924e-07
DD_0_0_l_0_0 = 1.1153e-07
DD_0_0_l_0_0_0 = 8.60576e-08
DD_0_0_l_0_0_0_0 = 7.43458e-08
DD_0_0_l_0_0_0_0_0 = 6.23892e-08
DD_0_0_l_0_0_0_0_0_0 = 5.5745e-08
DD_0_0_l_0_0_0_0_0_0_0 = 4.87387e-08
DD_0_0_l_0_0_0_0_0_0_0_0 = 4.44528e-08
DD_0_0_l_0_0_0_0_0_0_0_0_0 = 3.98378e-08
DD_0_0_l_0_0_0_0_0_0_0_0_0_0 = 3.68435e-08
DD_0_0_l_0_0_0_0_0_0_0_0_0_0_0 = 3.3572e-08
DD_0_0_l_0_0_0_0_0_0_0_0_0_0_0_0 = 3.13625e-08
DD_0_0_l_0_0_0_0_0_0_0_0_0_0_0_0_0 = 2.89228e-08
DD_0_0_l_0_0_0_0_0_0_0_0_0_0_0_0_0_0 = 2.72262e-08
DD_0_0_l_0_0_0_0_0_0_0_0_0_0_0_0_0_0_0 = 2.53376e-08
DD_0_0_l_0_0_0_0_0_0_0_0_0_0_0_0_0_0_0_0 = 2.39946e-08
DD_0_0_l_0_0_0_0_0_0_0_0_0_0_0_0_0_0_0_0_0 = 2.24903e-08
DD_0_0_l_0_0_0_0_0_0_0_0_0_0_0_0_0_0_0_0_0_0 = 2.14015e-08
DD_0_0_l_0_0_0_0_0_0_0_0_0_0_0_0_0_0_0_0_0_0_0 = 2.01758e-08
DD_0_0_l_0_0_0_0_0_0_0_0_0_0_0_0_0_0_0_0_0_0_0_0 = 1.92662e-08
Dr_0_0 = 4.70053e-10
Dr_0_0_l_0 = 4.95753e-09
Dr_0_0_l_0_0 = 5.46314e-09
Dr_0_0_l_0_0_0 = 6.47948e-09
Dr_0_0_l_0_0_0_0 = 6.57204e-09
Dr_0_0_l_0_0_0_0_0 = 7.00755e-09
Dr_0_0_l_0_0_0_0_0_0 = 6.97739e-09
Dr_0_0_l_0_0_0_0_0_0_0 = 7.20078e-09
Dr_0_0_l_0_0_0_0_0_0_0_0 = 7.1236e-09
Dr_0_0_l_0_0_0_0_0_0_0_0_0 = 7.24537e-09
Dr_0_0_l_0_0_0_0_0_0_0_0_0_0 = 7.14856e-09
Dr_0_0_l_0_0_0_0_0_0_0_0_0_0_0 = 7.21419e-09
Dr_0_0_l_0_0_0_0_0_0_0_0_0_0_0_0 = 7.10957e-09
Dr_0_0_l_0_0_0_0_0_0_0_0_0_0_0_0_0 = 7.14138e-09
Dr_0_0_l_0_0_0_0_0_0_0_0_0_0_0_0_0_0 = 7.03459e-09
Dr_0_0_l_0_0_0_0_0_0_0_0_0_0_0_0_0_0_0 = 7.04484e-09
Dr_0_0_l_0_0_0_0_0_0_0_0_0_0_0_0_0_0_0_0 = 6.93874e-09
Dr_0_0_l_0_0_0_0_0_0_0_0_0_0_0_0_0_0_0_0_0 = 6.93473e-09
Dr_0_0_l_0_0_0_0_0_0_0_0_0_0_0_0_0_0_0_0_0_0 = 6.83081e-09
Dr_0_0_l_0_0_0_0_0_0_0_0_0_0_0_0_0_0_0_0_0_0_0 = 6.8171e-09
Dr_0_0_l_0_0_0_0_0_0_0_0_0_0_0_0_0_0_0_0_0_0_0_0 = 6.71689e-09
Dr_0_0_l_0_0_0_0_0_0_0_0_0_0_0_0_0_0_0_0_0_0_0_0_0 = 6.69442e-09
Hl_0_0 = 0.00974824
Hl_0_0_l_0 = 0.00556889
Hl_0_0_l_0_0 = 0.00453353
Hl_0_0_l_0_0_0 = 0.00352544
Hl_0_0_l_0_0_0_0 = 0.00306592
Hl_0_0_l_0_0_0_0_0 = 0.00259203
Hl_0_0_l_0_0_0_0_0_0 = 0.00233113
Hl_0_0_l_0_0_0_0_0_0_0 = 0.00205285
Hl_0_0_l_0_0_0_0_0_0_0_0 = 0.00188434
Hl_0_0_l_0_0_0_0_0_0_0_0_0 = 0.00170057
Hl_0_0_l_0_0_0_0_0_0_0_0_0_0 = 0.00158265
Hl_0_0_l_0_0_0_0_0_0_0_0_0_0_0 = 0.00145201
Hl_0_0_l_0_0_0_0_0_0_0_0_0_0_0_0 = 0.00136482
Hl_0_0_l_0_0_0_0_0_0_0_0_0_0_0_0_0 = 0.00126709
Hl_0_0_l_0_0_0_0_0_0_0_0_0_0_0_0_0_0 = 0.00119999
Hl_0_0_l_0_0_0_0_0_0_0_0_0_0_0_0_0_0_0 = 0.00112408
Hl_0_0_l_0_0_0_0_0_0_0_0_0_0_0_0_0_0_0_0 = 0.00107083
Hl_0_0_l_0_0_0_0_0_0_0_0_0_0_0_0_0_0_0_0_0 = 0.00101016
Hl_0_0_l_0_0_0_0_0_0_0_0_0_0_0_0_0_0_0_0_0_0 = 0.000966865
Hl_0_0_l_0_0_0_0_0_0_0_0_0_0_0_0_0_0_0_0_0_0_0 = 0.000917247
Hl_0_0_l_0_0_0_0_0_0_0_0_0_0_0_0_0_0_0_0_0_0_0_0 = 0.000880964
Hr_0_0 = 0.0101213
I = 1
pi2_0_0_0_0 = 9.86672e-05
pi2_0_0_0_0_l_0 = 5.63654e-05
pi2_0_0_0_0_l_0_0 = 4.58862e-05
pi2_0_0_0_0_l_0_0_0 = 3.56827e-05
pi2_0_0_0_0_l_0_0_0_0 = 3.10317e-05
pi2_0_0_0_0_l_0_0_0_0_0 = 2.62352e-05
pi2_0_0_0_0_l_0_0_0_0_0_0 = 2.35945e-05
pi2_0_0_0_0_l_0_0_0_0_0_0_0 = 2.07779e-05
pi2_0_0_0_0_l_0_0_0_0_0_0_0_0 = 1.90723e-05
pi2_0_0_0_0_l_0_0_0_0_0_0_0_0_0 = 1.72123e-05
pi2_0_0_0_0_l_0_0_0_0_0_0_0_0_0_0 = 1.60188e-05
pi2_0_0_0_0_l_0_0_0_0_0_0_0_0_0_0_0 = 1.46965e-05
pi2_0_0_0_0_l_0_0_0_0_0_0_0_0_0_0_0_0 = 1.3814e-05
pi2_0_0_0_0_l_0_0_0_0_0_0_0_0_0_0_0_0_0 = 1.28248e-05
pi2_0_0_0_0_l_0_0_0_0_0_0_0_0_0_0_0_0_0_0 = 1.21456e-05
pi2_0_0_0_0_l_0_0_0_0_0_0_0_0_0_0_0_0_0_0_0 = 1.13774e-05
pi2_0_0_0_0_l_0_0_0_0_0_0_0_0_0_0_0_0_0_0_0_0 = 1.08384e-05
pi2_0_0_0_0_l_0_0_0_0_0_0_0_0_0_0_0_0_0_0_0_0_0 = 1.02243e-05
pi2_0_0_0_0_l_0_0_0_0_0_0_0_0_0_0_0_0_0_0_0_0_0_0 = 9.7861e-06
pi2_0_0_0_0_l_0_0_0_0_0_0_0_0_0_0_0_0_0_0_0_0_0_0_0 = 9.28388e-06
pi2_0_0_0_0_l_0_0_0_0_0_0_0_0_0_0_0_0_0_0_0_0_0_0_0_0 = 8.91664e-06
