DD_0_0 = 2.43554e-09
DD_0_0_l_0 = 1.37924e-09
DD_0_0_l_0_0 = 1.1153e-09
DD_0_0_l_0_0_0 = 8.60576e-10
DD_0_0_l_0_0_0_0 = 7.43458e-10
DD_0_0_l_0_0_0_0_0 = 6.23892e-10
DD_0_0_l_0_0_0_0_0_0 = 5.5745e-10
DD_0_0_l_0_0_0_0_0_0_0 = 4.87387e-10
DD_0_0_l_0_0_0_0_0_0_0_0 = 4.44528e-10
DD_0_0_l_0_0_0_0_0_0_0_0_0 = 3.98389e-10
DD_0_0_l_0_0_0_0_0_0_0_0_0_0 = 3.67863e-10
Dr_0_0 = 4.70053e-12
Dr_0_0_l_0 = 4.95753e-11
Dr_0_0_l_0_0 = 5.46314e-11
Dr_0_0_l_0_0_0 = 6.47948e-11
Dr_0_0_l_0_0_0_0 = 6.57204e-11
Dr_0_0_l_0_0_0_0_0 = 7.00755e-11
Dr_0_0_l_0_0_0_0_0_0 = 6.97739e-11
Dr_0_0_l_0_0_0_0_0_0_0 = 7.20078e-11
Dr_0_0_l_0_0_0_0_0_0_0_0 = 7.1236e-11
Dr_0_0_l_0_0_0_0_0_0_0_0_0 = 7.24535e-11
Dr_0_0_l_0_0_0_0_0_0_0_0_0_0 = 7.15345e-11
Dr_0_0_l_0_0_0_0_0_0_0_0_0_0_0 = 7.20939e-11
Hl_0_0 = 0.000974824
Hl_0_0_l_0 = 0.000556889
Hl_0_0_l_0_0 = 0.000453353
Hl_0_0_l_0_0_0 = 0.000352544
Hl_0_0_l_0_0_0_0 = 0.000306592
Hl_0_0_l_0_0_0_0_0 = 0.000259203
Hl_0_0_l_0_0_0_0_0_0 = 0.000233113
Hl_0_0_l_0_0_0_0_0_0_0 = 0.000205285
Hl_0_0_l_0_0_0_0_0_0_0_0 = 0.000188434
Hl_0_0_l_0_0_0_0_0_0_0_0_0 = 0.000170062
Hl_0_0_l_0_0_0_0_0_0_0_0_0_0 = 0.000158033
Hr_0_0 = 0.00101213
I = 1
pi2_0_0_0_0 = 9.86672e-07
pi2_0_0_0_0_l_0 = 5.63654e-07
pi2_0_0_0_0_l_0_0 = 4.58862e-07
pi2_0_0_0_0_l_0_0_0 = 3.56827e-07
pi2_0_0_0_0_l_0_0_0_0 = 3.10317e-07
pi2_0_0_0_0_l_0_0_0_0_0 = 2.62352e-07
pi2_0_0_0_0_l_0_0_0_0_0_0 = 2.35945e-07
pi2_0_0_0_0_l_0_0_0_0_0_0_0 = 2.07779e-07
pi2_0_0_0_0_l_0_0_0_0_0_0_0_0 = 1.90723e-07
pi2_0_0_0_0_l_0_0_0_0_0_0_0_0_0 = 1.72128e-07
pi2_0_0_0_0_l_0_0_0_0_0_0_0_0_0_0 = 1.59953e-07
