DD_0_0 = 2.43551e-09
DD_0_0_l_0 = 1.37998e-09
DD_0_0_l_0_0 = 1.10222e-09
Dr_0_0 = 4.70047e-12
Dr_0_0_l_0 = 4.95754e-11
Dr_0_0_l_0_0 = 5.51821e-11
Dr_0_0_l_0_0_0 = 6.45184e-11
Hl_0_0 = 0.000974812
Hl_0_0_l_0 = 0.000557182
Hl_0_0_l_0_0 = 0.000448139
Hr_0_0 = 0.00101213
I = 1
pi2_0_0_0_0 = 9.8666e-07
pi2_0_0_0_0_l_0 = 5.6395e-07
pi2_0_0_0_0_l_0_0 = 4.53585e-07
