DD_0_0 = 2.43554e-07
DD_0_0_l_0 = 1.37924e-07
DD_0_0_l_0_0 = 1.1153e-07
DD_0_0_l_0_0_0 = 8.60572e-08
DD_0_0_l_0_0_0_0 = 7.43537e-08
DD_0_0_l_0_0_0_0_0 = 6.21843e-08
Dr_0_0 = 4.70053e-10
Dr_0_0_l_0 = 4.95753e-09
Dr_0_0_l_0_0 = 5.46314e-09
Dr_0_0_l_0_0_0 = 6.47948e-09
Dr_0_0_l_0_0_0_0 = 6.57197e-09
Dr_0_0_l_0_0_0_0_0 = 7.02937e-09
Dr_0_0_l_0_0_0_0_0_0 = 6.96817e-09
Hl_0_0 = 0.00974824
Hl_0_0_l_0 = 0.00556889
Hl_0_0_l_0_0 = 0.00453353
Hl_0_0_l_0_0_0 = 0.00352542
Hl_0_0_l_0_0_0_0 = 0.00306623
Hl_0_0_l_0_0_0_0_0 = 0.0025838
Hr_0_0 = 0.0101213
I = 1
pi2_0_0_0_0 = 9.86672e-05
pi2_0_0_0_0_l_0 = 5.63654e-05
pi2_0_0_0_0_l_0_0 = 4.58862e-05
pi2_0_0_0_0_l_0_0_0 = 3.56825e-05
pi2_0_0_0_0_l_0_0_0_0 = 3.10349e-05
pi2_0_0_0_0_l_0_0_0_0_0 = 2.6152e-05
