DD_0_0 = 1.11512e-05
DD_0_0_l_0 = 4.98003e-06
DD_0_0_l_0_0 = 3.58977e-06
DD_0_0_l_0_0_0 = 2.38802e-06
DD_0_0_l_0_0_0_0 = 1.91189e-06
DD_0_0_l_0_0_0_0_0 = 1.36053e-06
Dr_0_0 = 5.17712e-06
Dr_0_0_l_0 = 7.12562e-06
Dr_0_0_l_0_0 = 5.09201e-06
Dr_0_0_l_0_0_0 = 4.8506e-06
Dr_0_0_l_0_0_0_0 = 3.83991e-06
Dr_0_0_l_0_0_0_0_0 = 3.51548e-06
Dr_0_0_l_0_0_0_0_0_0 = 2.89784e-06
Hl_0_0 = 0.00690339
Hl_0_0_l_0 = 0.00457843
Hl_0_0_l_0_0 = 0.00375307
Hl_0_0_l_0_0_0 = 0.00306177
Hl_0_0_l_0_0_0_0 = 0.00269598
Hl_0_0_l_0_0_0_0_0 = 0.00227118
Hr_0_0 = 0.0101192
I = 1
pi2_0_0_0_0 = 7.12621e-05
pi2_0_0_0_0_l_0 = 4.69206e-05
pi2_0_0_0_0_l_0_0 = 3.83572e-05
pi2_0_0_0_0_l_0_0_0 = 3.12326e-05
pi2_0_0_0_0_l_0_0_0_0 = 2.74417e-05
pi2_0_0_0_0_l_0_0_0_0_0 = 2.3106e-05
