DD_0_0 = 1.1151e-07
DD_0_0_l_0 = 4.98295e-08
DD_0_0_l_0_0 = 3.58437e-08
DD_0_0_l_0_0_0 = 2.3989e-08
DD_0_0_l_0_0_0_0 = 1.88838e-08
DD_0_0_l_0_0_0_0_0 = 1.42485e-08
DD_0_0_l_0_0_0_0_0_0 = 1.17916e-08
DD_0_0_l_0_0_0_0_0_0_0 = 9.46301e-09
DD_0_0_l_0_0_0_0_0_0_0_0 = 8.0879e-09
DD_0_0_l_0_0_0_0_0_0_0_0_0 = 6.74538e-09
DD_0_0_l_0_0_0_0_0_0_0_0_0_0 = 5.89734e-09
DD_0_0_l_0_0_0_0_0_0_0_0_0_0_0 = 5.05104e-09
DD_0_0_l_0_0_0_0_0_0_0_0_0_0_0_0 = 4.49111e-09
DD_0_0_l_0_0_0_0_0_0_0_0_0_0_0_0_0 = 3.92277e-09
DD_0_0_l_0_0_0_0_0_0_0_0_0_0_0_0_0_0 = 3.53377e-09
DD_0_0_l_0_0_0_0_0_0_0_0_0_0_0_0_0_0_0 = 3.13353e-09
DD_0_0_l_0_0_0_0_0_0_0_0_0_0_0_0_0_0_0_0 = 2.85238e-09
DD_0_0_l_0_0_0_0_0_0_0_0_0_0_0_0_0_0_0_0_0 = 2.55989e-09
DD_0_0_l_0_0_0_0_0_0_0_0_0_0_0_0_0_0_0_0_0_0 = 2.35001e-09
DD_0_0_l_0_0_0_0_0_0_0_0_0_0_0_0_0_0_0_0_0_0_0 = 2.13129e-09
DD_0_0_l_0_0_0_0_0_0_0_0_0_0_0_0_0_0_0_0_0_0_0_0 = 1.95443e-09
Dr_0_0 = 5.17678e-08
Dr_0_0_l_0 = 7.12783e-08
Dr_0_0_l_0_0 = 5.08952e-08
Dr_0_0_l_0_0_0 = 4.85517e-08
Dr_0_0_l_0_0_0_0 = 3.82558e-08
Dr_0_0_l_0_0_0_0_0 = 3.57325e-08
Dr_0_0_l_0_0_0_0_0_0 = 2.95683e-08
Dr_0_0_l_0_0_0_0_0_0_0 = 2.76735e-08
Dr_0_0_l_0_0_0_0_0_0_0_0 = 2.36075e-08
Dr_0_0_l_0_0_0_0_0_0_0_0_0 = 2.22172e-08
Dr_0_0_l_0_0_0_0_0_0_0_0_0_0 = 1.9357e-08
Dr_0_0_l_0_0_0_0_0_0_0_0_0_0_0 = 1.83209e-08
Dr_0_0_l_0_0_0_0_0_0_0_0_0_0_0_0 = 1.62135e-08
Dr_0_0_l_0_0_0_0_0_0_0_0_0_0_0_0_0 = 1.54249e-08
Dr_0_0_l_0_0_0_0_0_0_0_0_0_0_0_0_0_0 = 1.38165e-08
Dr_0_0_l_0_0_0_0_0_0_0_0_0_0_0_0_0_0_0 = 1.32041e-08
Dr_0_0_l_0_0_0_0_0_0_0_0_0_0_0_0_0_0_0_0 = 1.1942e-08
Dr_0_0_l_0_0_0_0_0_0_0_0_0_0_0_0_0_0_0_0_0 = 1.14575e-08
Dr_0_0_l_0_0_0_0_0_0_0_0_0_0_0_0_0_0_0_0_0_0 = 1.04445e-08
Dr_0_0_l_0_0_0_0_0_0_0_0_0_0_0_0_0_0_0_0_0_0_0 = 1.00576e-08
Dr_0_0_l_0_0_0_0_0_0_0_0_0_0_0_0_0_0_0_0_0_0_0_0 = 9.20335e-09
Dr_0_0_l_0_0_0_0_0_0_0_0_0_0_0_0_0_0_0_0_0_0_0_0_0 = 8.85112e-09
Hl_0_0 = 0.000690295
Hl_0_0_l_0 = 0.000458004
Hl_0_0_l_0_0 = 0.000374919
Hl_0_0_l_0_0_0 = 0.00030704
Hl_0_0_l_0_0_0_0 = 0.000267518
Hl_0_0_l_0_0_0_0_0 = 0.00023279
Hl_0_0_l_0_0_0_0_0_0 = 0.000209391
Hl_0_0_l_0_0_0_0_0_0_0 = 0.000187968
Hl_0_0_l_0_0_0_0_0_0_0_0 = 0.000172423
Hl_0_0_l_0_0_0_0_0_0_0_0_0 = 0.000157807
Hl_0_0_l_0_0_0_0_0_0_0_0_0_0 = 0.000146705
Hl_0_0_l_0_0_0_0_0_0_0_0_0_0_0 = 0.000136069
Hl_0_0_l_0_0_0_0_0_0_0_0_0_0_0_0 = 0.000127734
Hl_0_0_l_0_0_0_0_0_0_0_0_0_0_0_0_0 = 0.000119635
Hl_0_0_l_0_0_0_0_0_0_0_0_0_0_0_0_0_0 = 0.000113143
Hl_0_0_l_0_0_0_0_0_0_0_0_0_0_0_0_0_0_0 = 0.000106766
Hl_0_0_l_0_0_0_0_0_0_0_0_0_0_0_0_0_0_0_0 = 0.000101563
Hl_0_0_l_0_0_0_0_0_0_0_0_0_0_0_0_0_0_0_0_0 = 9.64092e-05
Hl_0_0_l_0_0_0_0_0_0_0_0_0_0_0_0_0_0_0_0_0_0 = 9.2142e-05
Hl_0_0_l_0_0_0_0_0_0_0_0_0_0_0_0_0_0_0_0_0_0_0 = 8.79224e-05
Hl_0_0_l_0_0_0_0_0_0_0_0_0_0_0_0_0_0_0_0_0_0_0_0 = 8.4023e-05
Hr_0_0 = 0.00101211
I = 1
pi2_0_0_0_0 = 7.12626e-07
pi2_0_0_0_0_l_0 = 4.69388e-07
pi2_0_0_0_0_l_0_0 = 3.83237e-07
pi2_0_0_0_0_l_0_0_0 = 3.13184e-07
pi2_0_0_0_0_l_0_0_0_0 = 2.72441e-07
pi2_0_0_0_0_l_0_0_0_0_0 = 2.36848e-07
pi2_0_0_0_0_l_0_0_0_0_0_0 = 2.12814e-07
pi2_0_0_0_0_l_0_0_0_0_0_0_0 = 1.9095e-07
pi2_0_0_0_0_l_0_0_0_0_0_0_0_0 = 1.75023e-07
pi2_0_0_0_0_l_0_0_0_0_0_0_0_0_0 = 1.60147e-07
pi2_0_0_0_0_l_0_0_0_0_0_0_0_0_0_0 = 1.48793e-07
pi2_0_0_0_0_l_0_0_0_0_0_0_0_0_0_0_0 = 1.37989e-07
pi2_0_0_0_0_l_0_0_0_0_0_0_0_0_0_0_0_0 = 1.29475e-07
pi2_0_0_0_0_l_0_0_0_0_0_0_0_0_0_0_0_0_0 = 1.21261e-07
pi2_0_0_0_0_l_0_0_0_0_0_0_0_0_0_0_0_0_0_0 = 1.14636e-07
pi2_0_0_0_0_l_0_0_0_0_0_0_0_0_0_0_0_0_0_0_0 = 1.08175e-07
pi2_0_0_0_0_l_0_0_0_0_0_0_0_0_0_0_0_0_0_0_0_0 = 1.0287e-07
pi2_0_0_0_0_l_0_0_0_0_0_0_0_0_0_0_0_0_0_0_0_0_0 = 9.76536e-08
pi2_0_0_0_0_l_0_0_0_0_0_0_0_0_0_0_0_0_0_0_0_0_0_0 = 9.33055e-08
pi2_0_0_0_0_l_0_0_0_0_0_0_0_0_0_0_0_0_0_0_0_0_0_0_0 = 8.90359e-08
pi2_0_0_0_0_l_0_0_0_0_0_0_0_0_0_0_0_0_0_0_0_0_0_0_0_0 = 8.50675e-08
