DD_0_0 = 1.07996e-05
DD_0_0_l_0 = 5.40731e-06
DD_0_0_l_0_0 = 3.12164e-06
Dr_0_0 = 5.0557e-06
Dr_0_0_l_0 = 6.9392e-06
Dr_0_0_l_0_0 = 5.7294e-06
Dr_0_0_l_0_0_0 = 4.52467e-06
Hl_0_0 = 0.0068378
Hl_0_0_l_0 = 0.00472004
Hl_0_0_l_0_0 = 0.00351557
Hr_0_0 = 0.0101192
I = 1
pi2_0_0_0_0 = 7.05873e-05
pi2_0_0_0_0_l_0 = 4.84934e-05
pi2_0_0_0_0_l_0_0 = 3.59389e-05
