DD_0_0 = 1.11506e-05
DD_0_0_l_0 = 4.98267e-06
DD_0_0_l_0_0 = 3.58417e-06
DD_0_0_l_0_0_0 = 2.39874e-06
DD_0_0_l_0_0_0_0 = 1.88825e-06
DD_0_0_l_0_0_0_0_0 = 1.42475e-06
DD_0_0_l_0_0_0_0_0_0 = 1.17907e-06
DD_0_0_l_0_0_0_0_0_0_0 = 9.46224e-07
DD_0_0_l_0_0_0_0_0_0_0_0 = 8.08723e-07
DD_0_0_l_0_0_0_0_0_0_0_0_0 = 6.74479e-07
DD_0_0_l_0_0_0_0_0_0_0_0_0_0 = 5.89683e-07
DD_0_0_l_0_0_0_0_0_0_0_0_0_0_0 = 5.05058e-07
DD_0_0_l_0_0_0_0_0_0_0_0_0_0_0_0 = 4.4907e-07
DD_0_0_l_0_0_0_0_0_0_0_0_0_0_0_0_0 = 3.9224e-07
DD_0_0_l_0_0_0_0_0_0_0_0_0_0_0_0_0_0 = 3.53343e-07
DD_0_0_l_0_0_0_0_0_0_0_0_0_0_0_0_0_0_0 = 3.13322e-07
DD_0_0_l_0_0_0_0_0_0_0_0_0_0_0_0_0_0_0_0 = 2.85209e-07
DD_0_0_l_0_0_0_0_0_0_0_0_0_0_0_0_0_0_0_0_0 = 2.55962e-07
DD_0_0_l_0_0_0_0_0_0_0_0_0_0_0_0_0_0_0_0_0_0 = 2.34976e-07
DD_0_0_l_0_0_0_0_0_0_0_0_0_0_0_0_0_0_0_0_0_0_0 = 2.13106e-07
DD_0_0_l_0_0_0_0_0_0_0_0_0_0_0_0_0_0_0_0_0_0_0_0 = 1.95423e-07
Dr_0_0 = 5.17664e-06
Dr_0_0_l_0 = 7.12762e-06
Dr_0_0_l_0_0 = 5.08931e-06
Dr_0_0_l_0_0_0 = 4.85497e-06
Dr_0_0_l_0_0_0_0 = 3.8254e-06
Dr_0_0_l_0_0_0_0_0 = 3.57308e-06
Dr_0_0_l_0_0_0_0_0_0 = 2.95668e-06
Dr_0_0_l_0_0_0_0_0_0_0 = 2.76721e-06
Dr_0_0_l_0_0_0_0_0_0_0_0 = 2.36062e-06
Dr_0_0_l_0_0_0_0_0_0_0_0_0 = 2.22159e-06
Dr_0_0_l_0_0_0_0_0_0_0_0_0_0 = 1.93558e-06
Dr_0_0_l_0_0_0_0_0_0_0_0_0_0_0 = 1.83198e-06
Dr_0_0_l_0_0_0_0_0_0_0_0_0_0_0_0 = 1.62124e-06
Dr_0_0_l_0_0_0_0_0_0_0_0_0_0_0_0_0 = 1.5424e-06
Dr_0_0_l_0_0_0_0_0_0_0_0_0_0_0_0_0_0 = 1.38156e-06
Dr_0_0_l_0_0_0_0_0_0_0_0_0_0_0_0_0_0_0 = 1.32032e-06
Dr_0_0_l_0_0_0_0_0_0_0_0_0_0_0_0_0_0_0_0 = 1.19412e-06
Dr_0_0_l_0_0_0_0_0_0_0_0_0_0_0_0_0_0_0_0_0 = 1.14568e-06
Dr_0_0_l_0_0_0_0_0_0_0_0_0_0_0_0_0_0_0_0_0_0 = 1.04438e-06
Dr_0_0_l_0_0_0_0_0_0_0_0_0_0_0_0_0_0_0_0_0_0_0 = 1.00569e-06
Dr_0_0_l_0_0_0_0_0_0_0_0_0_0_0_0_0_0_0_0_0_0_0_0 = 9.20269e-07
Dr_0_0_l_0_0_0_0_0_0_0_0_0_0_0_0_0_0_0_0_0_0_0_0_0 = 8.85049e-07
Hl_0_0 = 0.00690295
Hl_0_0_l_0 = 0.00458004
Hl_0_0_l_0_0 = 0.00374919
Hl_0_0_l_0_0_0 = 0.0030704
Hl_0_0_l_0_0_0_0 = 0.00267518
Hl_0_0_l_0_0_0_0_0 = 0.0023279
Hl_0_0_l_0_0_0_0_0_0 = 0.00209391
Hl_0_0_l_0_0_0_0_0_0_0 = 0.00187968
Hl_0_0_l_0_0_0_0_0_0_0_0 = 0.00172423
Hl_0_0_l_0_0_0_0_0_0_0_0_0 = 0.00157807
Hl_0_0_l_0_0_0_0_0_0_0_0_0_0 = 0.00146705
Hl_0_0_l_0_0_0_0_0_0_0_0_0_0_0 = 0.00136069
Hl_0_0_l_0_0_0_0_0_0_0_0_0_0_0_0 = 0.00127734
Hl_0_0_l_0_0_0_0_0_0_0_0_0_0_0_0_0 = 0.00119635
Hl_0_0_l_0_0_0_0_0_0_0_0_0_0_0_0_0_0 = 0.00113143
Hl_0_0_l_0_0_0_0_0_0_0_0_0_0_0_0_0_0_0 = 0.00106766
Hl_0_0_l_0_0_0_0_0_0_0_0_0_0_0_0_0_0_0_0 = 0.00101563
Hl_0_0_l_0_0_0_0_0_0_0_0_0_0_0_0_0_0_0_0_0 = 0.000964092
Hl_0_0_l_0_0_0_0_0_0_0_0_0_0_0_0_0_0_0_0_0_0 = 0.00092142
Hl_0_0_l_0_0_0_0_0_0_0_0_0_0_0_0_0_0_0_0_0_0_0 = 0.000879224
Hl_0_0_l_0_0_0_0_0_0_0_0_0_0_0_0_0_0_0_0_0_0_0_0 = 0.00084023
Hr_0_0 = 0.0101192
I = 1
pi2_0_0_0_0 = 7.12581e-05
pi2_0_0_0_0_l_0 = 4.6935e-05
pi2_0_0_0_0_l_0_0 = 3.83204e-05
pi2_0_0_0_0_l_0_0_0 = 3.13154e-05
pi2_0_0_0_0_l_0_0_0_0 = 2.72414e-05
pi2_0_0_0_0_l_0_0_0_0_0 = 2.36823e-05
pi2_0_0_0_0_l_0_0_0_0_0_0 = 2.12792e-05
pi2_0_0_0_0_l_0_0_0_0_0_0_0 = 1.90929e-05
pi2_0_0_0_0_l_0_0_0_0_0_0_0_0 = 1.75003e-05
pi2_0_0_0_0_l_0_0_0_0_0_0_0_0_0 = 1.60128e-05
pi2_0_0_0_0_l_0_0_0_0_0_0_0_0_0_0 = 1.48775e-05
pi2_0_0_0_0_l_0_0_0_0_0_0_0_0_0_0_0 = 1.37972e-05
pi2_0_0_0_0_l_0_0_0_0_0_0_0_0_0_0_0_0 = 1.29459e-05
pi2_0_0_0_0_l_0_0_0_0_0_0_0_0_0_0_0_0_0 = 1.21246e-05
pi2_0_0_0_0_l_0_0_0_0_0_0_0_0_0_0_0_0_0_0 = 1.14622e-05
pi2_0_0_0_0_l_0_0_0_0_0_0_0_0_0_0_0_0_0_0_0 = 1.08162e-05
pi2_0_0_0_0_l_0_0_0_0_0_0_0_0_0_0_0_0_0_0_0_0 = 1.02857e-05
pi2_0_0_0_0_l_0_0_0_0_0_0_0_0_0_0_0_0_0_0_0_0_0 = 9.76409e-06
pi2_0_0_0_0_l_0_0_0_0_0_0_0_0_0_0_0_0_0_0_0_0_0_0 = 9.32933e-06
pi2_0_0_0_0_l_0_0_0_0_0_0_0_0_0_0_0_0_0_0_0_0_0_0_0 = 8.9024e-06
pi2_0_0_0_0_l_0_0_0_0_0_0_0_0_0_0_0_0_0_0_0_0_0_0_0_0 = 8.50561e-06
