DD_0_0 = 1.1151e-07
DD_0_0_l_0 = 4.98295e-08
DD_0_0_l_0_0 = 3.58437e-08
DD_0_0_l_0_0_0 = 2.3989e-08
DD_0_0_l_0_0_0_0 = 1.88837e-08
DD_0_0_l_0_0_0_0_0 = 1.42487e-08
DD_0_0_l_0_0_0_0_0_0 = 1.17911e-08
DD_0_0_l_0_0_0_0_0_0_0 = 9.46449e-09
DD_0_0_l_0_0_0_0_0_0_0_0 = 8.0822e-09
DD_0_0_l_0_0_0_0_0_0_0_0_0 = 6.77109e-09
DD_0_0_l_0_0_0_0_0_0_0_0_0_0 = 5.76384e-09
Dr_0_0 = 5.17678e-08
Dr_0_0_l_0 = 7.12783e-08
Dr_0_0_l_0_0 = 5.08952e-08
Dr_0_0_l_0_0_0 = 4.85516e-08
Dr_0_0_l_0_0_0_0 = 3.82558e-08
Dr_0_0_l_0_0_0_0_0 = 3.57324e-08
Dr_0_0_l_0_0_0_0_0_0 = 2.95684e-08
Dr_0_0_l_0_0_0_0_0_0_0 = 2.76737e-08
Dr_0_0_l_0_0_0_0_0_0_0_0 = 2.36055e-08
Dr_0_0_l_0_0_0_0_0_0_0_0_0 = 2.22315e-08
Dr_0_0_l_0_0_0_0_0_0_0_0_0_0 = 1.92645e-08
Dr_0_0_l_0_0_0_0_0_0_0_0_0_0_0 = 1.79981e-08
Hl_0_0 = 0.000690295
Hl_0_0_l_0 = 0.000458004
Hl_0_0_l_0_0 = 0.000374919
Hl_0_0_l_0_0_0 = 0.00030704
Hl_0_0_l_0_0_0_0 = 0.000267517
Hl_0_0_l_0_0_0_0_0 = 0.000232791
Hl_0_0_l_0_0_0_0_0_0 = 0.000209386
Hl_0_0_l_0_0_0_0_0_0_0 = 0.000187986
Hl_0_0_l_0_0_0_0_0_0_0_0 = 0.000172352
Hl_0_0_l_0_0_0_0_0_0_0_0_0 = 0.000158131
Hl_0_0_l_0_0_0_0_0_0_0_0_0_0 = 0.000145075
Hr_0_0 = 0.00101211
I = 1
pi2_0_0_0_0 = 7.12626e-07
pi2_0_0_0_0_l_0 = 4.69388e-07
pi2_0_0_0_0_l_0_0 = 3.83237e-07
pi2_0_0_0_0_l_0_0_0 = 3.13184e-07
pi2_0_0_0_0_l_0_0_0_0 = 2.7244e-07
pi2_0_0_0_0_l_0_0_0_0_0 = 2.36849e-07
pi2_0_0_0_0_l_0_0_0_0_0_0 = 2.12809e-07
pi2_0_0_0_0_l_0_0_0_0_0_0_0 = 1.90967e-07
pi2_0_0_0_0_l_0_0_0_0_0_0_0_0 = 1.74953e-07
pi2_0_0_0_0_l_0_0_0_0_0_0_0_0_0 = 1.60466e-07
pi2_0_0_0_0_l_0_0_0_0_0_0_0_0_0_0 = 1.47131e-07
