DD_0_0 = 1.11506e-05
DD_0_0_l_0 = 4.98267e-06
DD_0_0_l_0_0 = 3.58416e-06
DD_0_0_l_0_0_0 = 2.39874e-06
DD_0_0_l_0_0_0_0 = 1.88825e-06
DD_0_0_l_0_0_0_0_0 = 1.42477e-06
DD_0_0_l_0_0_0_0_0_0 = 1.17902e-06
DD_0_0_l_0_0_0_0_0_0_0 = 9.46372e-07
DD_0_0_l_0_0_0_0_0_0_0_0 = 8.08154e-07
DD_0_0_l_0_0_0_0_0_0_0_0_0 = 6.77051e-07
DD_0_0_l_0_0_0_0_0_0_0_0_0_0 = 5.76333e-07
Dr_0_0 = 5.17664e-06
Dr_0_0_l_0 = 7.12762e-06
Dr_0_0_l_0_0 = 5.08931e-06
Dr_0_0_l_0_0_0 = 4.85497e-06
Dr_0_0_l_0_0_0_0 = 3.8254e-06
Dr_0_0_l_0_0_0_0_0 = 3.57307e-06
Dr_0_0_l_0_0_0_0_0_0 = 2.95669e-06
Dr_0_0_l_0_0_0_0_0_0_0 = 2.76723e-06
Dr_0_0_l_0_0_0_0_0_0_0_0 = 2.36041e-06
Dr_0_0_l_0_0_0_0_0_0_0_0_0 = 2.22302e-06
Dr_0_0_l_0_0_0_0_0_0_0_0_0_0 = 1.92633e-06
Dr_0_0_l_0_0_0_0_0_0_0_0_0_0_0 = 1.7997e-06
Hl_0_0 = 0.00690295
Hl_0_0_l_0 = 0.00458004
Hl_0_0_l_0_0 = 0.00374919
Hl_0_0_l_0_0_0 = 0.0030704
Hl_0_0_l_0_0_0_0 = 0.00267517
Hl_0_0_l_0_0_0_0_0 = 0.00232791
Hl_0_0_l_0_0_0_0_0_0 = 0.00209386
Hl_0_0_l_0_0_0_0_0_0_0 = 0.00187986
Hl_0_0_l_0_0_0_0_0_0_0_0 = 0.00172352
Hl_0_0_l_0_0_0_0_0_0_0_0_0 = 0.00158131
Hl_0_0_l_0_0_0_0_0_0_0_0_0_0 = 0.00145075
Hr_0_0 = 0.0101192
I = 1
pi2_0_0_0_0 = 7.12581e-05
pi2_0_0_0_0_l_0 = 4.6935e-05
pi2_0_0_0_0_l_0_0 = 3.83204e-05
pi2_0_0_0_0_l_0_0_0 = 3.13155e-05
pi2_0_0_0_0_l_0_0_0_0 = 2.72413e-05
pi2_0_0_0_0_l_0_0_0_0_0 = 2.36825e-05
pi2_0_0_0_0_l_0_0_0_0_0_0 = 2.12787e-05
pi2_0_0_0_0_l_0_0_0_0_0_0_0 = 1.90946e-05
pi2_0_0_0_0_l_0_0_0_0_0_0_0_0 = 1.74933e-05
pi2_0_0_0_0_l_0_0_0_0_0_0_0_0_0 = 1.60448e-05
pi2_0_0_0_0_l_0_0_0_0_0_0_0_0_0_0 = 1.47114e-05
