DD_0_0 = 1.08e-07
DD_0_0_l_0 = 5.4076e-08
DD_0_0_l_0_0 = 3.12183e-08
Dr_0_0 = 5.05584e-08
Dr_0_0_l_0 = 6.93941e-08
Dr_0_0_l_0_0 = 5.72963e-08
Dr_0_0_l_0_0_0 = 4.52486e-08
Hl_0_0 = 0.00068378
Hl_0_0_l_0 = 0.000472004
Hl_0_0_l_0_0 = 0.000351557
Hr_0_0 = 0.00101211
I = 1
pi2_0_0_0_0 = 7.05917e-07
pi2_0_0_0_0_l_0 = 4.84972e-07
pi2_0_0_0_0_l_0_0 = 3.59421e-07
