DD_0_0 = 1.10855e-05
DD_0_0_l_0 = 4.96233e-06
DD_0_0_l_0_0 = 3.56941e-06
DD_0_0_l_0_0_0 = 2.39066e-06
DD_0_0_l_0_0_0_0 = 1.8819e-06
DD_0_0_l_0_0_0_0_0 = 1.42061e-06
DD_0_0_l_0_0_0_0_0_0 = 1.17565e-06
DD_0_0_l_0_0_0_0_0_0_0 = 9.4379e-07
DD_0_0_l_0_0_0_0_0_0_0_0 = 8.06646e-07
DD_0_0_l_0_0_0_0_0_0_0_0_0 = 6.72916e-07
DD_0_0_l_0_0_0_0_0_0_0_0_0_0 = 5.88317e-07
DD_0_0_l_0_0_0_0_0_0_0_0_0_0_0 = 5.0399e-07
DD_0_0_l_0_0_0_0_0_0_0_0_0_0_0_0 = 4.4812e-07
DD_0_0_l_0_0_0_0_0_0_0_0_0_0_0_0_0 = 3.91475e-07
DD_0_0_l_0_0_0_0_0_0_0_0_0_0_0_0_0_0 = 3.52654e-07
DD_0_0_l_0_0_0_0_0_0_0_0_0_0_0_0_0_0_0 = 3.12755e-07
DD_0_0_l_0_0_0_0_0_0_0_0_0_0_0_0_0_0_0_0 = 2.84692e-07
DD_0_0_l_0_0_0_0_0_0_0_0_0_0_0_0_0_0_0_0_0 = 2.5553e-07
DD_0_0_l_0_0_0_0_0_0_0_0_0_0_0_0_0_0_0_0_0_0 = 2.34578e-07
DD_0_0_l_0_0_0_0_0_0_0_0_0_0_0_0_0_0_0_0_0_0_0 = 2.12768e-07
DD_0_0_l_0_0_0_0_0_0_0_0_0_0_0_0_0_0_0_0_0_0_0_0 = 1.95113e-07
Dr_0_0 = 5.1376e-06
Dr_0_0_l_0 = 7.07602e-06
Dr_0_0_l_0_0 = 5.05964e-06
Dr_0_0_l_0_0_0 = 4.82571e-06
Dr_0_0_l_0_0_0_0 = 3.80553e-06
Dr_0_0_l_0_0_0_0_0 = 3.55383e-06
Dr_0_0_l_0_0_0_0_0_0 = 2.94253e-06
Dr_0_0_l_0_0_0_0_0_0_0 = 2.75347e-06
Dr_0_0_l_0_0_0_0_0_0_0_0 = 2.35002e-06
Dr_0_0_l_0_0_0_0_0_0_0_0_0 = 2.21124e-06
Dr_0_0_l_0_0_0_0_0_0_0_0_0_0 = 1.92733e-06
Dr_0_0_l_0_0_0_0_0_0_0_0_0_0_0 = 1.82388e-06
Dr_0_0_l_0_0_0_0_0_0_0_0_0_0_0_0 = 1.61464e-06
Dr_0_0_l_0_0_0_0_0_0_0_0_0_0_0_0_0 = 1.53587e-06
Dr_0_0_l_0_0_0_0_0_0_0_0_0_0_0_0_0_0 = 1.37615e-06
Dr_0_0_l_0_0_0_0_0_0_0_0_0_0_0_0_0_0_0 = 1.31495e-06
Dr_0_0_l_0_0_0_0_0_0_0_0_0_0_0_0_0_0_0_0 = 1.1896e-06
Dr_0_0_l_0_0_0_0_0_0_0_0_0_0_0_0_0_0_0_0_0 = 1.14117e-06
Dr_0_0_l_0_0_0_0_0_0_0_0_0_0_0_0_0_0_0_0_0_0 = 1.04054e-06
Dr_0_0_l_0_0_0_0_0_0_0_0_0_0_0_0_0_0_0_0_0_0_0 = 1.00186e-06
Dr_0_0_l_0_0_0_0_0_0_0_0_0_0_0_0_0_0_0_0_0_0_0_0 = 9.16969e-07
Dr_0_0_l_0_0_0_0_0_0_0_0_0_0_0_0_0_0_0_0_0_0_0_0_0 = 8.81779e-07
Hl_0_0 = 0.00690295
Hl_0_0_l_0 = 0.00458004
Hl_0_0_l_0_0 = 0.00374919
Hl_0_0_l_0_0_0 = 0.0030704
Hl_0_0_l_0_0_0_0 = 0.00267518
Hl_0_0_l_0_0_0_0_0 = 0.0023279
Hl_0_0_l_0_0_0_0_0_0 = 0.00209391
Hl_0_0_l_0_0_0_0_0_0_0 = 0.00187968
Hl_0_0_l_0_0_0_0_0_0_0_0 = 0.00172423
Hl_0_0_l_0_0_0_0_0_0_0_0_0 = 0.00157807
Hl_0_0_l_0_0_0_0_0_0_0_0_0_0 = 0.00146705
Hl_0_0_l_0_0_0_0_0_0_0_0_0_0_0 = 0.00136069
Hl_0_0_l_0_0_0_0_0_0_0_0_0_0_0_0 = 0.00127734
Hl_0_0_l_0_0_0_0_0_0_0_0_0_0_0_0_0 = 0.00119635
Hl_0_0_l_0_0_0_0_0_0_0_0_0_0_0_0_0_0 = 0.00113143
Hl_0_0_l_0_0_0_0_0_0_0_0_0_0_0_0_0_0_0 = 0.00106766
Hl_0_0_l_0_0_0_0_0_0_0_0_0_0_0_0_0_0_0_0 = 0.00101563
Hl_0_0_l_0_0_0_0_0_0_0_0_0_0_0_0_0_0_0_0_0 = 0.000964092
Hl_0_0_l_0_0_0_0_0_0_0_0_0_0_0_0_0_0_0_0_0_0 = 0.00092142
Hl_0_0_l_0_0_0_0_0_0_0_0_0_0_0_0_0_0_0_0_0_0_0 = 0.000879224
Hl_0_0_l_0_0_0_0_0_0_0_0_0_0_0_0_0_0_0_0_0_0_0_0 = 0.00084023
Hr_0_0 = 0.0101192
I = 1
pi2_0_0_0_0 = 7.12499e-05
pi2_0_0_0_0_l_0 = 4.69329e-05
pi2_0_0_0_0_l_0_0 = 3.83193e-05
pi2_0_0_0_0_l_0_0_0 = 3.13149e-05
pi2_0_0_0_0_l_0_0_0_0 = 2.72412e-05
pi2_0_0_0_0_l_0_0_0_0_0 = 2.36822e-05
pi2_0_0_0_0_l_0_0_0_0_0_0 = 2.12792e-05
pi2_0_0_0_0_l_0_0_0_0_0_0_0 = 1.90929e-05
pi2_0_0_0_0_l_0_0_0_0_0_0_0_0 = 1.75004e-05
pi2_0_0_0_0_l_0_0_0_0_0_0_0_0_0 = 1.60129e-05
pi2_0_0_0_0_l_0_0_0_0_0_0_0_0_0_0 = 1.48776e-05
pi2_0_0_0_0_l_0_0_0_0_0_0_0_0_0_0_0 = 1.37973e-05
pi2_0_0_0_0_l_0_0_0_0_0_0_0_0_0_0_0_0 = 1.2946e-05
pi2_0_0_0_0_l_0_0_0_0_0_0_0_0_0_0_0_0_0 = 1.21247e-05
pi2_0_0_0_0_l_0_0_0_0_0_0_0_0_0_0_0_0_0_0 = 1.14623e-05
pi2_0_0_0_0_l_0_0_0_0_0_0_0_0_0_0_0_0_0_0_0 = 1.08162e-05
pi2_0_0_0_0_l_0_0_0_0_0_0_0_0_0_0_0_0_0_0_0_0 = 1.02858e-05
pi2_0_0_0_0_l_0_0_0_0_0_0_0_0_0_0_0_0_0_0_0_0_0 = 9.76417e-06
pi2_0_0_0_0_l_0_0_0_0_0_0_0_0_0_0_0_0_0_0_0_0_0_0 = 9.32942e-06
pi2_0_0_0_0_l_0_0_0_0_0_0_0_0_0_0_0_0_0_0_0_0_0_0_0 = 8.90248e-06
pi2_0_0_0_0_l_0_0_0_0_0_0_0_0_0_0_0_0_0_0_0_0_0_0_0_0 = 8.50569e-06
