DD_0_0 = 1.10866e-07
DD_0_0_l_0 = 4.95995e-08
DD_0_0_l_0_0 = 3.57521e-08
DD_0_0_l_0_0_0 = 2.38012e-08
DD_0_0_l_0_0_0_0 = 1.90562e-08
DD_0_0_l_0_0_0_0_0 = 1.35669e-08
Dr_0_0 = 5.13822e-08
Dr_0_0_l_0 = 7.07426e-08
Dr_0_0_l_0_0 = 5.06249e-08
Dr_0_0_l_0_0_0 = 4.82163e-08
Dr_0_0_l_0_0_0_0 = 3.81996e-08
Dr_0_0_l_0_0_0_0_0 = 3.49722e-08
Dr_0_0_l_0_0_0_0_0_0 = 2.88401e-08
Hl_0_0 = 0.000690339
Hl_0_0_l_0 = 0.000457843
Hl_0_0_l_0_0 = 0.000375307
Hl_0_0_l_0_0_0 = 0.000306177
Hl_0_0_l_0_0_0_0 = 0.000269598
Hl_0_0_l_0_0_0_0_0 = 0.000227118
Hr_0_0 = 0.00101211
I = 1
pi2_0_0_0_0 = 7.12584e-07
pi2_0_0_0_0_l_0 = 4.69222e-07
pi2_0_0_0_0_l_0_0 = 3.83594e-07
pi2_0_0_0_0_l_0_0_0 = 3.12349e-07
pi2_0_0_0_0_l_0_0_0_0 = 2.74443e-07
pi2_0_0_0_0_l_0_0_0_0_0 = 2.31082e-07
