DD_0_0 = 1.1086e-07
DD_0_0_l_0 = 4.9626e-08
DD_0_0_l_0_0 = 3.56961e-08
DD_0_0_l_0_0_0 = 2.39082e-08
DD_0_0_l_0_0_0_0 = 1.88202e-08
DD_0_0_l_0_0_0_0_0 = 1.42073e-08
DD_0_0_l_0_0_0_0_0_0 = 1.17569e-08
DD_0_0_l_0_0_0_0_0_0_0 = 9.44014e-09
DD_0_0_l_0_0_0_0_0_0_0_0 = 8.06145e-09
DD_0_0_l_0_0_0_0_0_0_0_0_0 = 6.75536e-09
DD_0_0_l_0_0_0_0_0_0_0_0_0_0 = 5.75065e-09
Dr_0_0 = 5.13774e-08
Dr_0_0_l_0 = 7.07623e-08
Dr_0_0_l_0_0 = 5.05984e-08
Dr_0_0_l_0_0_0 = 4.82591e-08
Dr_0_0_l_0_0_0_0 = 3.80571e-08
Dr_0_0_l_0_0_0_0_0 = 3.55399e-08
Dr_0_0_l_0_0_0_0_0_0 = 2.94269e-08
Dr_0_0_l_0_0_0_0_0_0_0 = 2.75363e-08
Dr_0_0_l_0_0_0_0_0_0_0_0 = 2.34995e-08
Dr_0_0_l_0_0_0_0_0_0_0_0_0 = 2.21279e-08
Dr_0_0_l_0_0_0_0_0_0_0_0_0_0 = 1.9182e-08
Dr_0_0_l_0_0_0_0_0_0_0_0_0_0_0 = 1.79193e-08
Hl_0_0 = 0.000690295
Hl_0_0_l_0 = 0.000458004
Hl_0_0_l_0_0 = 0.000374919
Hl_0_0_l_0_0_0 = 0.00030704
Hl_0_0_l_0_0_0_0 = 0.000267517
Hl_0_0_l_0_0_0_0_0 = 0.000232791
Hl_0_0_l_0_0_0_0_0_0 = 0.000209386
Hl_0_0_l_0_0_0_0_0_0_0 = 0.000187986
Hl_0_0_l_0_0_0_0_0_0_0_0 = 0.000172352
Hl_0_0_l_0_0_0_0_0_0_0_0_0 = 0.000158131
Hl_0_0_l_0_0_0_0_0_0_0_0_0_0 = 0.000145075
Hr_0_0 = 0.00101211
I = 1
pi2_0_0_0_0 = 7.12544e-07
pi2_0_0_0_0_l_0 = 4.69366e-07
pi2_0_0_0_0_l_0_0 = 3.83226e-07
pi2_0_0_0_0_l_0_0_0 = 3.13178e-07
pi2_0_0_0_0_l_0_0_0_0 = 2.72438e-07
pi2_0_0_0_0_l_0_0_0_0_0 = 2.36848e-07
pi2_0_0_0_0_l_0_0_0_0_0_0 = 2.12809e-07
pi2_0_0_0_0_l_0_0_0_0_0_0_0 = 1.90967e-07
pi2_0_0_0_0_l_0_0_0_0_0_0_0_0 = 1.74953e-07
pi2_0_0_0_0_l_0_0_0_0_0_0_0_0_0 = 1.60467e-07
pi2_0_0_0_0_l_0_0_0_0_0_0_0_0_0_0 = 1.47132e-07
