DD_0_0 = 1.1086e-07
DD_0_0_l_0 = 4.9626e-08
DD_0_0_l_0_0 = 3.56961e-08
DD_0_0_l_0_0_0 = 2.39082e-08
DD_0_0_l_0_0_0_0 = 1.88202e-08
DD_0_0_l_0_0_0_0_0 = 1.42071e-08
DD_0_0_l_0_0_0_0_0_0 = 1.17574e-08
DD_0_0_l_0_0_0_0_0_0_0 = 9.43866e-09
DD_0_0_l_0_0_0_0_0_0_0_0 = 8.06712e-09
DD_0_0_l_0_0_0_0_0_0_0_0_0 = 6.72974e-09
DD_0_0_l_0_0_0_0_0_0_0_0_0_0 = 5.88368e-09
DD_0_0_l_0_0_0_0_0_0_0_0_0_0_0 = 5.04036e-09
DD_0_0_l_0_0_0_0_0_0_0_0_0_0_0_0 = 4.48161e-09
DD_0_0_l_0_0_0_0_0_0_0_0_0_0_0_0_0 = 3.91513e-09
DD_0_0_l_0_0_0_0_0_0_0_0_0_0_0_0_0_0 = 3.52687e-09
DD_0_0_l_0_0_0_0_0_0_0_0_0_0_0_0_0_0_0 = 3.12786e-09
DD_0_0_l_0_0_0_0_0_0_0_0_0_0_0_0_0_0_0_0 = 2.84721e-09
DD_0_0_l_0_0_0_0_0_0_0_0_0_0_0_0_0_0_0_0_0 = 2.55556e-09
DD_0_0_l_0_0_0_0_0_0_0_0_0_0_0_0_0_0_0_0_0_0 = 2.34602e-09
DD_0_0_l_0_0_0_0_0_0_0_0_0_0_0_0_0_0_0_0_0_0_0 = 2.1279e-09
DD_0_0_l_0_0_0_0_0_0_0_0_0_0_0_0_0_0_0_0_0_0_0_0 = 1.95134e-09
Dr_0_0 = 5.13774e-08
Dr_0_0_l_0 = 7.07623e-08
Dr_0_0_l_0_0 = 5.05984e-08
Dr_0_0_l_0_0_0 = 4.82591e-08
Dr_0_0_l_0_0_0_0 = 3.80571e-08
Dr_0_0_l_0_0_0_0_0 = 3.554e-08
Dr_0_0_l_0_0_0_0_0_0 = 2.94268e-08
Dr_0_0_l_0_0_0_0_0_0_0 = 2.75361e-08
Dr_0_0_l_0_0_0_0_0_0_0_0 = 2.35015e-08
Dr_0_0_l_0_0_0_0_0_0_0_0_0 = 2.21136e-08
Dr_0_0_l_0_0_0_0_0_0_0_0_0_0 = 1.92745e-08
Dr_0_0_l_0_0_0_0_0_0_0_0_0_0_0 = 1.82399e-08
Dr_0_0_l_0_0_0_0_0_0_0_0_0_0_0_0 = 1.61474e-08
Dr_0_0_l_0_0_0_0_0_0_0_0_0_0_0_0_0 = 1.53597e-08
Dr_0_0_l_0_0_0_0_0_0_0_0_0_0_0_0_0_0 = 1.37624e-08
Dr_0_0_l_0_0_0_0_0_0_0_0_0_0_0_0_0_0_0 = 1.31503e-08
Dr_0_0_l_0_0_0_0_0_0_0_0_0_0_0_0_0_0_0_0 = 1.18968e-08
Dr_0_0_l_0_0_0_0_0_0_0_0_0_0_0_0_0_0_0_0_0 = 1.14125e-08
Dr_0_0_l_0_0_0_0_0_0_0_0_0_0_0_0_0_0_0_0_0_0 = 1.04062e-08
Dr_0_0_l_0_0_0_0_0_0_0_0_0_0_0_0_0_0_0_0_0_0_0 = 1.00193e-08
Dr_0_0_l_0_0_0_0_0_0_0_0_0_0_0_0_0_0_0_0_0_0_0_0 = 9.17034e-09
Dr_0_0_l_0_0_0_0_0_0_0_0_0_0_0_0_0_0_0_0_0_0_0_0_0 = 8.81842e-09
Hl_0_0 = 0.000690295
Hl_0_0_l_0 = 0.000458004
Hl_0_0_l_0_0 = 0.000374919
Hl_0_0_l_0_0_0 = 0.00030704
Hl_0_0_l_0_0_0_0 = 0.000267518
Hl_0_0_l_0_0_0_0_0 = 0.00023279
Hl_0_0_l_0_0_0_0_0_0 = 0.000209391
Hl_0_0_l_0_0_0_0_0_0_0 = 0.000187968
Hl_0_0_l_0_0_0_0_0_0_0_0 = 0.000172423
Hl_0_0_l_0_0_0_0_0_0_0_0_0 = 0.000157807
Hl_0_0_l_0_0_0_0_0_0_0_0_0_0 = 0.000146705
Hl_0_0_l_0_0_0_0_0_0_0_0_0_0_0 = 0.000136069
Hl_0_0_l_0_0_0_0_0_0_0_0_0_0_0_0 = 0.000127734
Hl_0_0_l_0_0_0_0_0_0_0_0_0_0_0_0_0 = 0.000119635
Hl_0_0_l_0_0_0_0_0_0_0_0_0_0_0_0_0_0 = 0.000113143
Hl_0_0_l_0_0_0_0_0_0_0_0_0_0_0_0_0_0_0 = 0.000106766
Hl_0_0_l_0_0_0_0_0_0_0_0_0_0_0_0_0_0_0_0 = 0.000101563
Hl_0_0_l_0_0_0_0_0_0_0_0_0_0_0_0_0_0_0_0_0 = 9.64092e-05
Hl_0_0_l_0_0_0_0_0_0_0_0_0_0_0_0_0_0_0_0_0_0 = 9.2142e-05
Hl_0_0_l_0_0_0_0_0_0_0_0_0_0_0_0_0_0_0_0_0_0_0 = 8.79224e-05
Hl_0_0_l_0_0_0_0_0_0_0_0_0_0_0_0_0_0_0_0_0_0_0_0 = 8.4023e-05
Hr_0_0 = 0.00101211
I = 1
pi2_0_0_0_0 = 7.12544e-07
pi2_0_0_0_0_l_0 = 4.69366e-07
pi2_0_0_0_0_l_0_0 = 3.83226e-07
pi2_0_0_0_0_l_0_0_0 = 3.13178e-07
pi2_0_0_0_0_l_0_0_0_0 = 2.72438e-07
pi2_0_0_0_0_l_0_0_0_0_0 = 2.36846e-07
pi2_0_0_0_0_l_0_0_0_0_0_0 = 2.12814e-07
pi2_0_0_0_0_l_0_0_0_0_0_0_0 = 1.9095e-07
pi2_0_0_0_0_l_0_0_0_0_0_0_0_0 = 1.75024e-07
pi2_0_0_0_0_l_0_0_0_0_0_0_0_0_0 = 1.60147e-07
pi2_0_0_0_0_l_0_0_0_0_0_0_0_0_0_0 = 1.48794e-07
pi2_0_0_0_0_l_0_0_0_0_0_0_0_0_0_0_0 = 1.37989e-07
pi2_0_0_0_0_l_0_0_0_0_0_0_0_0_0_0_0_0 = 1.29476e-07
pi2_0_0_0_0_l_0_0_0_0_0_0_0_0_0_0_0_0_0 = 1.21262e-07
pi2_0_0_0_0_l_0_0_0_0_0_0_0_0_0_0_0_0_0_0 = 1.14637e-07
pi2_0_0_0_0_l_0_0_0_0_0_0_0_0_0_0_0_0_0_0_0 = 1.08176e-07
pi2_0_0_0_0_l_0_0_0_0_0_0_0_0_0_0_0_0_0_0_0_0 = 1.02871e-07
pi2_0_0_0_0_l_0_0_0_0_0_0_0_0_0_0_0_0_0_0_0_0_0 = 9.76543e-08
pi2_0_0_0_0_l_0_0_0_0_0_0_0_0_0_0_0_0_0_0_0_0_0_0 = 9.33064e-08
pi2_0_0_0_0_l_0_0_0_0_0_0_0_0_0_0_0_0_0_0_0_0_0_0_0 = 8.90365e-08
pi2_0_0_0_0_l_0_0_0_0_0_0_0_0_0_0_0_0_0_0_0_0_0_0_0_0 = 8.50683e-08
