DD_0_0 = 1.10862e-05
DD_0_0_l_0 = 4.95968e-06
DD_0_0_l_0_0 = 3.575e-06
DD_0_0_l_0_0_0 = 2.37996e-06
DD_0_0_l_0_0_0_0 = 1.90549e-06
DD_0_0_l_0_0_0_0_0 = 1.35659e-06
Dr_0_0 = 5.13808e-06
Dr_0_0_l_0 = 7.07405e-06
Dr_0_0_l_0_0 = 5.06228e-06
Dr_0_0_l_0_0_0 = 4.82144e-06
Dr_0_0_l_0_0_0_0 = 3.81978e-06
Dr_0_0_l_0_0_0_0_0 = 3.49705e-06
Dr_0_0_l_0_0_0_0_0_0 = 2.88386e-06
Hl_0_0 = 0.00690339
Hl_0_0_l_0 = 0.00457843
Hl_0_0_l_0_0 = 0.00375307
Hl_0_0_l_0_0_0 = 0.00306177
Hl_0_0_l_0_0_0_0 = 0.00269598
Hl_0_0_l_0_0_0_0_0 = 0.00227118
Hr_0_0 = 0.0101192
I = 1
pi2_0_0_0_0 = 7.12539e-05
pi2_0_0_0_0_l_0 = 4.69184e-05
pi2_0_0_0_0_l_0_0 = 3.83561e-05
pi2_0_0_0_0_l_0_0_0 = 3.1232e-05
pi2_0_0_0_0_l_0_0_0_0 = 2.74416e-05
pi2_0_0_0_0_l_0_0_0_0_0 = 2.31058e-05
