DD_0_0 = 1.10855e-05
DD_0_0_l_0 = 4.96233e-06
DD_0_0_l_0_0 = 3.5694e-06
DD_0_0_l_0_0_0 = 2.39066e-06
DD_0_0_l_0_0_0_0 = 1.88189e-06
DD_0_0_l_0_0_0_0_0 = 1.42063e-06
DD_0_0_l_0_0_0_0_0_0 = 1.1756e-06
DD_0_0_l_0_0_0_0_0_0_0 = 9.43937e-07
DD_0_0_l_0_0_0_0_0_0_0_0 = 8.06079e-07
DD_0_0_l_0_0_0_0_0_0_0_0_0 = 6.75478e-07
DD_0_0_l_0_0_0_0_0_0_0_0_0_0 = 5.75014e-07
Dr_0_0 = 5.13759e-06
Dr_0_0_l_0 = 7.07602e-06
Dr_0_0_l_0_0 = 5.05964e-06
Dr_0_0_l_0_0_0 = 4.82571e-06
Dr_0_0_l_0_0_0_0 = 3.80553e-06
Dr_0_0_l_0_0_0_0_0 = 3.55383e-06
Dr_0_0_l_0_0_0_0_0_0 = 2.94253e-06
Dr_0_0_l_0_0_0_0_0_0_0 = 2.75348e-06
Dr_0_0_l_0_0_0_0_0_0_0_0 = 2.34981e-06
Dr_0_0_l_0_0_0_0_0_0_0_0_0 = 2.21267e-06
Dr_0_0_l_0_0_0_0_0_0_0_0_0_0 = 1.91809e-06
Dr_0_0_l_0_0_0_0_0_0_0_0_0_0_0 = 1.79182e-06
Hl_0_0 = 0.00690295
Hl_0_0_l_0 = 0.00458004
Hl_0_0_l_0_0 = 0.00374919
Hl_0_0_l_0_0_0 = 0.0030704
Hl_0_0_l_0_0_0_0 = 0.00267517
Hl_0_0_l_0_0_0_0_0 = 0.00232791
Hl_0_0_l_0_0_0_0_0_0 = 0.00209386
Hl_0_0_l_0_0_0_0_0_0_0 = 0.00187986
Hl_0_0_l_0_0_0_0_0_0_0_0 = 0.00172352
Hl_0_0_l_0_0_0_0_0_0_0_0_0 = 0.00158131
Hl_0_0_l_0_0_0_0_0_0_0_0_0_0 = 0.00145075
Hr_0_0 = 0.0101192
I = 1
pi2_0_0_0_0 = 7.12499e-05
pi2_0_0_0_0_l_0 = 4.69329e-05
pi2_0_0_0_0_l_0_0 = 3.83193e-05
pi2_0_0_0_0_l_0_0_0 = 3.13149e-05
pi2_0_0_0_0_l_0_0_0_0 = 2.72411e-05
pi2_0_0_0_0_l_0_0_0_0_0 = 2.36824e-05
pi2_0_0_0_0_l_0_0_0_0_0_0 = 2.12787e-05
pi2_0_0_0_0_l_0_0_0_0_0_0_0 = 1.90946e-05
pi2_0_0_0_0_l_0_0_0_0_0_0_0_0 = 1.74934e-05
pi2_0_0_0_0_l_0_0_0_0_0_0_0_0_0 = 1.60448e-05
pi2_0_0_0_0_l_0_0_0_0_0_0_0_0_0_0 = 1.47115e-05
