DD_0_0 = 1.0738e-05
DD_0_0_l_0 = 5.38392e-06
DD_0_0_l_0_0 = 3.10965e-06
Dr_0_0 = 5.01804e-06
Dr_0_0_l_0 = 6.88955e-06
Dr_0_0_l_0_0 = 5.69542e-06
Dr_0_0_l_0_0_0 = 4.4986e-06
Hl_0_0 = 0.0068378
Hl_0_0_l_0 = 0.00472004
Hl_0_0_l_0_0 = 0.00351557
Hr_0_0 = 0.0101193
I = 1
pi2_0_0_0_0 = 7.05791e-05
pi2_0_0_0_0_l_0 = 4.84904e-05
pi2_0_0_0_0_l_0_0 = 3.59379e-05
