DD_0_0 = 1.04736e-05
DD_0_0_l_0 = 4.7678e-06
DD_0_0_l_0_0 = 3.4289e-06
DD_0_0_l_0_0_0 = 2.31306e-06
DD_0_0_l_0_0_0_0 = 1.82103e-06
DD_0_0_l_0_0_0_0_0 = 1.38073e-06
DD_0_0_l_0_0_0_0_0_0 = 1.1428e-06
DD_0_0_l_0_0_0_0_0_0_0 = 9.20285e-07
DD_0_0_l_0_0_0_0_0_0_0_0 = 7.86639e-07
DD_0_0_l_0_0_0_0_0_0_0_0_0 = 6.57794e-07
DD_0_0_l_0_0_0_0_0_0_0_0_0_0 = 5.75137e-07
DD_0_0_l_0_0_0_0_0_0_0_0_0_0_0 = 4.93644e-07
DD_0_0_l_0_0_0_0_0_0_0_0_0_0_0_0 = 4.38939e-07
DD_0_0_l_0_0_0_0_0_0_0_0_0_0_0_0_0 = 3.84065e-07
DD_0_0_l_0_0_0_0_0_0_0_0_0_0_0_0_0_0 = 3.45983e-07
DD_0_0_l_0_0_0_0_0_0_0_0_0_0_0_0_0_0_0 = 3.07254e-07
DD_0_0_l_0_0_0_0_0_0_0_0_0_0_0_0_0_0_0_0 = 2.79685e-07
DD_0_0_l_0_0_0_0_0_0_0_0_0_0_0_0_0_0_0_0_0 = 2.51329e-07
DD_0_0_l_0_0_0_0_0_0_0_0_0_0_0_0_0_0_0_0_0_0 = 2.30718e-07
DD_0_0_l_0_0_0_0_0_0_0_0_0_0_0_0_0_0_0_0_0_0_0 = 2.0948e-07
DD_0_0_l_0_0_0_0_0_0_0_0_0_0_0_0_0_0_0_0_0_0_0_0 = 1.92108e-07
Dr_0_0 = 4.77107e-06
Dr_0_0_l_0 = 6.59072e-06
Dr_0_0_l_0_0 = 4.77767e-06
Dr_0_0_l_0_0_0 = 4.54868e-06
Dr_0_0_l_0_0_0_0 = 3.61602e-06
Dr_0_0_l_0_0_0_0_0 = 3.37091e-06
Dr_0_0_l_0_0_0_0_0_0 = 2.80723e-06
Dr_0_0_l_0_0_0_0_0_0_0 = 2.62252e-06
Dr_0_0_l_0_0_0_0_0_0_0_0 = 2.24851e-06
Dr_0_0_l_0_0_0_0_0_0_0_0_0 = 2.11242e-06
Dr_0_0_l_0_0_0_0_0_0_0_0_0_0 = 1.84825e-06
Dr_0_0_l_0_0_0_0_0_0_0_0_0_0_0 = 1.74644e-06
Dr_0_0_l_0_0_0_0_0_0_0_0_0_0_0_0 = 1.55122e-06
Dr_0_0_l_0_0_0_0_0_0_0_0_0_0_0_0_0 = 1.47345e-06
Dr_0_0_l_0_0_0_0_0_0_0_0_0_0_0_0_0_0 = 1.32411e-06
Dr_0_0_l_0_0_0_0_0_0_0_0_0_0_0_0_0_0_0 = 1.26348e-06
Dr_0_0_l_0_0_0_0_0_0_0_0_0_0_0_0_0_0_0_0 = 1.1461e-06
Dr_0_0_l_0_0_0_0_0_0_0_0_0_0_0_0_0_0_0_0_0 = 1.09798e-06
Dr_0_0_l_0_0_0_0_0_0_0_0_0_0_0_0_0_0_0_0_0_0 = 1.00362e-06
Dr_0_0_l_0_0_0_0_0_0_0_0_0_0_0_0_0_0_0_0_0_0_0 = 9.65069e-07
Dr_0_0_l_0_0_0_0_0_0_0_0_0_0_0_0_0_0_0_0_0_0_0_0 = 8.85222e-07
Dr_0_0_l_0_0_0_0_0_0_0_0_0_0_0_0_0_0_0_0_0_0_0_0_0 = 8.50399e-07
Hl_0_0 = 0.00690295
Hl_0_0_l_0 = 0.00458004
Hl_0_0_l_0_0 = 0.00374919
Hl_0_0_l_0_0_0 = 0.0030704
Hl_0_0_l_0_0_0_0 = 0.00267518
Hl_0_0_l_0_0_0_0_0 = 0.0023279
Hl_0_0_l_0_0_0_0_0_0 = 0.00209391
Hl_0_0_l_0_0_0_0_0_0_0 = 0.00187968
Hl_0_0_l_0_0_0_0_0_0_0_0 = 0.00172423
Hl_0_0_l_0_0_0_0_0_0_0_0_0 = 0.00157807
Hl_0_0_l_0_0_0_0_0_0_0_0_0_0 = 0.00146705
Hl_0_0_l_0_0_0_0_0_0_0_0_0_0_0 = 0.00136069
Hl_0_0_l_0_0_0_0_0_0_0_0_0_0_0_0 = 0.00127734
Hl_0_0_l_0_0_0_0_0_0_0_0_0_0_0_0_0 = 0.00119635
Hl_0_0_l_0_0_0_0_0_0_0_0_0_0_0_0_0_0 = 0.00113143
Hl_0_0_l_0_0_0_0_0_0_0_0_0_0_0_0_0_0_0 = 0.00106766
Hl_0_0_l_0_0_0_0_0_0_0_0_0_0_0_0_0_0_0_0 = 0.00101563
Hl_0_0_l_0_0_0_0_0_0_0_0_0_0_0_0_0_0_0_0_0 = 0.000964092
Hl_0_0_l_0_0_0_0_0_0_0_0_0_0_0_0_0_0_0_0_0_0 = 0.00092142
Hl_0_0_l_0_0_0_0_0_0_0_0_0_0_0_0_0_0_0_0_0_0_0 = 0.000879224
Hl_0_0_l_0_0_0_0_0_0_0_0_0_0_0_0_0_0_0_0_0_0_0_0 = 0.00084023
Hr_0_0 = 0.0101194
I = 1
pi2_0_0_0_0 = 7.11722e-05
pi2_0_0_0_0_l_0 = 4.6912e-05
pi2_0_0_0_0_l_0_0 = 3.83082e-05
pi2_0_0_0_0_l_0_0_0 = 3.13093e-05
pi2_0_0_0_0_l_0_0_0_0 = 2.72389e-05
pi2_0_0_0_0_l_0_0_0_0_0 = 2.36807e-05
pi2_0_0_0_0_l_0_0_0_0_0_0 = 2.12792e-05
pi2_0_0_0_0_l_0_0_0_0_0_0_0 = 1.90928e-05
pi2_0_0_0_0_l_0_0_0_0_0_0_0_0 = 1.75012e-05
pi2_0_0_0_0_l_0_0_0_0_0_0_0_0_0 = 1.60134e-05
pi2_0_0_0_0_l_0_0_0_0_0_0_0_0_0_0 = 1.48787e-05
pi2_0_0_0_0_l_0_0_0_0_0_0_0_0_0_0_0 = 1.3798e-05
pi2_0_0_0_0_l_0_0_0_0_0_0_0_0_0_0_0_0 = 1.29471e-05
pi2_0_0_0_0_l_0_0_0_0_0_0_0_0_0_0_0_0_0 = 1.21254e-05
pi2_0_0_0_0_l_0_0_0_0_0_0_0_0_0_0_0_0_0_0 = 1.14633e-05
pi2_0_0_0_0_l_0_0_0_0_0_0_0_0_0_0_0_0_0_0_0 = 1.0817e-05
pi2_0_0_0_0_l_0_0_0_0_0_0_0_0_0_0_0_0_0_0_0_0 = 1.02868e-05
pi2_0_0_0_0_l_0_0_0_0_0_0_0_0_0_0_0_0_0_0_0_0_0 = 9.76488e-06
pi2_0_0_0_0_l_0_0_0_0_0_0_0_0_0_0_0_0_0_0_0_0_0_0 = 9.33031e-06
pi2_0_0_0_0_l_0_0_0_0_0_0_0_0_0_0_0_0_0_0_0_0_0_0_0 = 8.90315e-06
pi2_0_0_0_0_l_0_0_0_0_0_0_0_0_0_0_0_0_0_0_0_0_0_0_0_0 = 8.5065e-06
