DD_0_0 = 1.01583e-05
DD_0_0_l_0 = 5.16075e-06
DD_0_0_l_0_0 = 2.99522e-06
Dr_0_0 = 4.6642e-06
Dr_0_0_l_0 = 6.42231e-06
Dr_0_0_l_0_0 = 5.37278e-06
Dr_0_0_l_0_0_0 = 4.25126e-06
Hl_0_0 = 0.0068378
Hl_0_0_l_0 = 0.00472004
Hl_0_0_l_0_0 = 0.00351557
Hr_0_0 = 0.0101194
I = 1
pi2_0_0_0_0 = 7.05021e-05
pi2_0_0_0_0_l_0 = 4.84612e-05
pi2_0_0_0_0_l_0_0 = 3.59274e-05
