DD_0_0 = 1.04743e-05
DD_0_0_l_0 = 4.76513e-06
DD_0_0_l_0_0 = 3.43443e-06
DD_0_0_l_0_0_0 = 2.30253e-06
DD_0_0_l_0_0_0_0 = 1.84412e-06
DD_0_0_l_0_0_0_0_0 = 1.31861e-06
Dr_0_0 = 4.77155e-06
Dr_0_0_l_0 = 6.58896e-06
Dr_0_0_l_0_0 = 4.77988e-06
Dr_0_0_l_0_0_0 = 4.54529e-06
Dr_0_0_l_0_0_0_0 = 3.62787e-06
Dr_0_0_l_0_0_0_0_0 = 3.32163e-06
Dr_0_0_l_0_0_0_0_0_0 = 2.75032e-06
Hl_0_0 = 0.00690339
Hl_0_0_l_0 = 0.00457843
Hl_0_0_l_0_0 = 0.00375307
Hl_0_0_l_0_0_0 = 0.00306177
Hl_0_0_l_0_0_0_0 = 0.00269598
Hl_0_0_l_0_0_0_0_0 = 0.00227118
Hr_0_0 = 0.0101194
I = 1
pi2_0_0_0_0 = 7.11762e-05
pi2_0_0_0_0_l_0 = 4.68973e-05
pi2_0_0_0_0_l_0_0 = 3.83453e-05
pi2_0_0_0_0_l_0_0_0 = 3.12258e-05
pi2_0_0_0_0_l_0_0_0_0 = 2.74406e-05
pi2_0_0_0_0_l_0_0_0_0_0 = 2.31042e-05
