DD_0_0 = 1.0474e-07
DD_0_0_l_0 = 4.76805e-08
DD_0_0_l_0_0 = 3.42909e-08
DD_0_0_l_0_0_0 = 2.3132e-08
DD_0_0_l_0_0_0_0 = 1.82115e-08
DD_0_0_l_0_0_0_0_0 = 1.38083e-08
DD_0_0_l_0_0_0_0_0_0 = 1.14288e-08
DD_0_0_l_0_0_0_0_0_0_0 = 9.20356e-09
DD_0_0_l_0_0_0_0_0_0_0_0 = 7.867e-09
DD_0_0_l_0_0_0_0_0_0_0_0_0 = 6.57848e-09
DD_0_0_l_0_0_0_0_0_0_0_0_0_0 = 5.75184e-09
DD_0_0_l_0_0_0_0_0_0_0_0_0_0_0 = 4.93686e-09
DD_0_0_l_0_0_0_0_0_0_0_0_0_0_0_0 = 4.38977e-09
DD_0_0_l_0_0_0_0_0_0_0_0_0_0_0_0_0 = 3.84099e-09
DD_0_0_l_0_0_0_0_0_0_0_0_0_0_0_0_0_0 = 3.46015e-09
DD_0_0_l_0_0_0_0_0_0_0_0_0_0_0_0_0_0_0 = 3.07283e-09
DD_0_0_l_0_0_0_0_0_0_0_0_0_0_0_0_0_0_0_0 = 2.79711e-09
DD_0_0_l_0_0_0_0_0_0_0_0_0_0_0_0_0_0_0_0_0 = 2.51353e-09
DD_0_0_l_0_0_0_0_0_0_0_0_0_0_0_0_0_0_0_0_0_0 = 2.3074e-09
DD_0_0_l_0_0_0_0_0_0_0_0_0_0_0_0_0_0_0_0_0_0_0 = 2.09501e-09
DD_0_0_l_0_0_0_0_0_0_0_0_0_0_0_0_0_0_0_0_0_0_0_0 = 1.92127e-09
Dr_0_0 = 4.7712e-08
Dr_0_0_l_0 = 6.59091e-08
Dr_0_0_l_0_0 = 4.77786e-08
Dr_0_0_l_0_0_0 = 4.54886e-08
Dr_0_0_l_0_0_0_0 = 3.61618e-08
Dr_0_0_l_0_0_0_0_0 = 3.37106e-08
Dr_0_0_l_0_0_0_0_0_0 = 2.80737e-08
Dr_0_0_l_0_0_0_0_0_0_0 = 2.62265e-08
Dr_0_0_l_0_0_0_0_0_0_0_0 = 2.24863e-08
Dr_0_0_l_0_0_0_0_0_0_0_0_0 = 2.11253e-08
Dr_0_0_l_0_0_0_0_0_0_0_0_0_0 = 1.84836e-08
Dr_0_0_l_0_0_0_0_0_0_0_0_0_0_0 = 1.74654e-08
Dr_0_0_l_0_0_0_0_0_0_0_0_0_0_0_0 = 1.55131e-08
Dr_0_0_l_0_0_0_0_0_0_0_0_0_0_0_0_0 = 1.47353e-08
Dr_0_0_l_0_0_0_0_0_0_0_0_0_0_0_0_0_0 = 1.32419e-08
Dr_0_0_l_0_0_0_0_0_0_0_0_0_0_0_0_0_0_0 = 1.26356e-08
Dr_0_0_l_0_0_0_0_0_0_0_0_0_0_0_0_0_0_0_0 = 1.14617e-08
Dr_0_0_l_0_0_0_0_0_0_0_0_0_0_0_0_0_0_0_0_0 = 1.09805e-08
Dr_0_0_l_0_0_0_0_0_0_0_0_0_0_0_0_0_0_0_0_0_0 = 1.00369e-08
Dr_0_0_l_0_0_0_0_0_0_0_0_0_0_0_0_0_0_0_0_0_0_0 = 9.65133e-09
Dr_0_0_l_0_0_0_0_0_0_0_0_0_0_0_0_0_0_0_0_0_0_0_0 = 8.85282e-09
Dr_0_0_l_0_0_0_0_0_0_0_0_0_0_0_0_0_0_0_0_0_0_0_0_0 = 8.50457e-09
Hl_0_0 = 0.000690295
Hl_0_0_l_0 = 0.000458004
Hl_0_0_l_0_0 = 0.000374919
Hl_0_0_l_0_0_0 = 0.00030704
Hl_0_0_l_0_0_0_0 = 0.000267518
Hl_0_0_l_0_0_0_0_0 = 0.00023279
Hl_0_0_l_0_0_0_0_0_0 = 0.000209391
Hl_0_0_l_0_0_0_0_0_0_0 = 0.000187968
Hl_0_0_l_0_0_0_0_0_0_0_0 = 0.000172423
Hl_0_0_l_0_0_0_0_0_0_0_0_0 = 0.000157807
Hl_0_0_l_0_0_0_0_0_0_0_0_0_0 = 0.000146705
Hl_0_0_l_0_0_0_0_0_0_0_0_0_0_0 = 0.000136069
Hl_0_0_l_0_0_0_0_0_0_0_0_0_0_0_0 = 0.000127734
Hl_0_0_l_0_0_0_0_0_0_0_0_0_0_0_0_0 = 0.000119635
Hl_0_0_l_0_0_0_0_0_0_0_0_0_0_0_0_0_0 = 0.000113143
Hl_0_0_l_0_0_0_0_0_0_0_0_0_0_0_0_0_0_0 = 0.000106766
Hl_0_0_l_0_0_0_0_0_0_0_0_0_0_0_0_0_0_0_0 = 0.000101563
Hl_0_0_l_0_0_0_0_0_0_0_0_0_0_0_0_0_0_0_0_0 = 9.64092e-05
Hl_0_0_l_0_0_0_0_0_0_0_0_0_0_0_0_0_0_0_0_0_0 = 9.2142e-05
Hl_0_0_l_0_0_0_0_0_0_0_0_0_0_0_0_0_0_0_0_0_0_0 = 8.79224e-05
Hl_0_0_l_0_0_0_0_0_0_0_0_0_0_0_0_0_0_0_0_0_0_0_0 = 8.4023e-05
Hr_0_0 = 0.00101211
I = 1
pi2_0_0_0_0 = 7.11764e-07
pi2_0_0_0_0_l_0 = 4.69155e-07
pi2_0_0_0_0_l_0_0 = 3.83113e-07
pi2_0_0_0_0_l_0_0_0 = 3.1312e-07
pi2_0_0_0_0_l_0_0_0_0 = 2.72414e-07
pi2_0_0_0_0_l_0_0_0_0_0 = 2.3683e-07
pi2_0_0_0_0_l_0_0_0_0_0_0 = 2.12814e-07
pi2_0_0_0_0_l_0_0_0_0_0_0_0 = 1.90948e-07
pi2_0_0_0_0_l_0_0_0_0_0_0_0_0 = 1.75031e-07
pi2_0_0_0_0_l_0_0_0_0_0_0_0_0_0 = 1.60151e-07
pi2_0_0_0_0_l_0_0_0_0_0_0_0_0_0_0 = 1.48803e-07
pi2_0_0_0_0_l_0_0_0_0_0_0_0_0_0_0_0 = 1.37995e-07
pi2_0_0_0_0_l_0_0_0_0_0_0_0_0_0_0_0_0 = 1.29486e-07
pi2_0_0_0_0_l_0_0_0_0_0_0_0_0_0_0_0_0_0 = 1.21269e-07
pi2_0_0_0_0_l_0_0_0_0_0_0_0_0_0_0_0_0_0_0 = 1.14646e-07
pi2_0_0_0_0_l_0_0_0_0_0_0_0_0_0_0_0_0_0_0_0 = 1.08183e-07
pi2_0_0_0_0_l_0_0_0_0_0_0_0_0_0_0_0_0_0_0_0_0 = 1.0288e-07
pi2_0_0_0_0_l_0_0_0_0_0_0_0_0_0_0_0_0_0_0_0_0_0 = 9.76607e-08
pi2_0_0_0_0_l_0_0_0_0_0_0_0_0_0_0_0_0_0_0_0_0_0_0 = 9.33145e-08
pi2_0_0_0_0_l_0_0_0_0_0_0_0_0_0_0_0_0_0_0_0_0_0_0_0 = 8.90425e-08
pi2_0_0_0_0_l_0_0_0_0_0_0_0_0_0_0_0_0_0_0_0_0_0_0_0_0 = 8.50756e-08
