DD_0_0 = 1.04736e-05
DD_0_0_l_0 = 4.7678e-06
DD_0_0_l_0_0 = 3.4289e-06
DD_0_0_l_0_0_0 = 2.31306e-06
DD_0_0_l_0_0_0_0 = 1.82102e-06
DD_0_0_l_0_0_0_0_0 = 1.38074e-06
DD_0_0_l_0_0_0_0_0_0 = 1.14276e-06
DD_0_0_l_0_0_0_0_0_0_0 = 9.20428e-07
DD_0_0_l_0_0_0_0_0_0_0_0 = 7.86091e-07
DD_0_0_l_0_0_0_0_0_0_0_0_0 = 6.60271e-07
DD_0_0_l_0_0_0_0_0_0_0_0_0_0 = 5.62279e-07
Dr_0_0 = 4.77107e-06
Dr_0_0_l_0 = 6.59072e-06
Dr_0_0_l_0_0 = 4.77767e-06
Dr_0_0_l_0_0_0 = 4.54868e-06
Dr_0_0_l_0_0_0_0 = 3.61602e-06
Dr_0_0_l_0_0_0_0_0 = 3.3709e-06
Dr_0_0_l_0_0_0_0_0_0 = 2.80724e-06
Dr_0_0_l_0_0_0_0_0_0_0 = 2.62254e-06
Dr_0_0_l_0_0_0_0_0_0_0_0 = 2.2483e-06
Dr_0_0_l_0_0_0_0_0_0_0_0_0 = 2.11384e-06
Dr_0_0_l_0_0_0_0_0_0_0_0_0_0 = 1.8391e-06
Dr_0_0_l_0_0_0_0_0_0_0_0_0_0_0 = 1.71646e-06
Hl_0_0 = 0.00690295
Hl_0_0_l_0 = 0.00458004
Hl_0_0_l_0_0 = 0.00374919
Hl_0_0_l_0_0_0 = 0.0030704
Hl_0_0_l_0_0_0_0 = 0.00267517
Hl_0_0_l_0_0_0_0_0 = 0.00232791
Hl_0_0_l_0_0_0_0_0_0 = 0.00209386
Hl_0_0_l_0_0_0_0_0_0_0 = 0.00187986
Hl_0_0_l_0_0_0_0_0_0_0_0 = 0.00172352
Hl_0_0_l_0_0_0_0_0_0_0_0_0 = 0.00158131
Hl_0_0_l_0_0_0_0_0_0_0_0_0_0 = 0.00145075
Hr_0_0 = 0.0101194
I = 1
pi2_0_0_0_0 = 7.11722e-05
pi2_0_0_0_0_l_0 = 4.6912e-05
pi2_0_0_0_0_l_0_0 = 3.83082e-05
pi2_0_0_0_0_l_0_0_0 = 3.13093e-05
pi2_0_0_0_0_l_0_0_0_0 = 2.72388e-05
pi2_0_0_0_0_l_0_0_0_0_0 = 2.36809e-05
pi2_0_0_0_0_l_0_0_0_0_0_0 = 2.12788e-05
pi2_0_0_0_0_l_0_0_0_0_0_0_0 = 1.90945e-05
pi2_0_0_0_0_l_0_0_0_0_0_0_0_0 = 1.74942e-05
pi2_0_0_0_0_l_0_0_0_0_0_0_0_0_0 = 1.60453e-05
pi2_0_0_0_0_l_0_0_0_0_0_0_0_0_0_0 = 1.47125e-05
