DD_0_0 = 6.74083e-06
DD_0_0_l_0 = 3.42901e-06
DD_0_0_l_0_0 = 2.49317e-06
DD_0_0_l_0_0_0 = 1.7515e-06
DD_0_0_l_0_0_0_0 = 1.41364e-06
DD_0_0_l_0_0_0_0_0 = 1.04217e-06
Dr_0_0 = 2.60109e-06
Dr_0_0_l_0 = 3.67547e-06
Dr_0_0_l_0_0 = 2.94423e-06
Dr_0_0_l_0_0_0 = 2.78962e-06
Dr_0_0_l_0_0_0_0 = 2.34532e-06
Dr_0_0_l_0_0_0_0_0 = 2.16255e-06
Dr_0_0_l_0_0_0_0_0_0 = 1.84214e-06
Hl_0_0 = 0.00690339
Hl_0_0_l_0 = 0.00457843
Hl_0_0_l_0_0 = 0.00375307
Hl_0_0_l_0_0_0 = 0.00306177
Hl_0_0_l_0_0_0_0 = 0.00269598
Hl_0_0_l_0_0_0_0_0 = 0.00227118
Hr_0_0 = 0.0101202
I = 1
pi2_0_0_0_0 = 7.06746e-05
pi2_0_0_0_0_l_0 = 4.67347e-05
pi2_0_0_0_0_l_0_0 = 3.82556e-05
pi2_0_0_0_0_l_0_0_0 = 3.11717e-05
pi2_0_0_0_0_l_0_0_0_0 = 2.74199e-05
pi2_0_0_0_0_l_0_0_0_0_0 = 2.30855e-05
