DD_0_0 = 6.59255e-06
DD_0_0_l_0 = 3.65587e-06
DD_0_0_l_0_0 = 2.21403e-06
Dr_0_0 = 2.55719e-06
Dr_0_0_l_0 = 3.60486e-06
Dr_0_0_l_0_0 = 3.29007e-06
Dr_0_0_l_0_0_0 = 2.65473e-06
Hl_0_0 = 0.0068378
Hl_0_0_l_0 = 0.00472004
Hl_0_0_l_0_0 = 0.00351557
Hr_0_0 = 0.0101202
I = 1
pi2_0_0_0_0 = 7.00048e-05
pi2_0_0_0_0_l_0 = 4.82473e-05
pi2_0_0_0_0_l_0_0 = 3.584e-05
