DD_0_0 = 6.741e-08
DD_0_0_l_0 = 3.42912e-08
DD_0_0_l_0_0 = 2.49325e-08
DD_0_0_l_0_0_0 = 1.75157e-08
DD_0_0_l_0_0_0_0 = 1.4137e-08
DD_0_0_l_0_0_0_0_0 = 1.04222e-08
Dr_0_0 = 2.60114e-08
Dr_0_0_l_0 = 3.67555e-08
Dr_0_0_l_0_0 = 2.94431e-08
Dr_0_0_l_0_0_0 = 2.7897e-08
Dr_0_0_l_0_0_0_0 = 2.34539e-08
Dr_0_0_l_0_0_0_0_0 = 2.16262e-08
Dr_0_0_l_0_0_0_0_0_0 = 1.8422e-08
Hl_0_0 = 0.000690339
Hl_0_0_l_0 = 0.000457843
Hl_0_0_l_0_0 = 0.000375307
Hl_0_0_l_0_0_0 = 0.000306177
Hl_0_0_l_0_0_0_0 = 0.000269598
Hl_0_0_l_0_0_0_0_0 = 0.000227118
Hr_0_0 = 0.00101212
I = 1
pi2_0_0_0_0 = 7.0677e-07
pi2_0_0_0_0_l_0 = 4.67367e-07
pi2_0_0_0_0_l_0_0 = 3.82574e-07
pi2_0_0_0_0_l_0_0_0 = 3.11733e-07
pi2_0_0_0_0_l_0_0_0_0 = 2.74214e-07
pi2_0_0_0_0_l_0_0_0_0_0 = 2.30868e-07
