DD_0_0 = 6.74003e-06
DD_0_0_l_0 = 3.43121e-06
DD_0_0_l_0_0 = 2.48875e-06
DD_0_0_l_0_0_0 = 1.75995e-06
DD_0_0_l_0_0_0_0 = 1.39537e-06
DD_0_0_l_0_0_0_0_0 = 1.08928e-06
DD_0_0_l_0_0_0_0_0_0 = 9.06452e-07
DD_0_0_l_0_0_0_0_0_0_0 = 7.45386e-07
DD_0_0_l_0_0_0_0_0_0_0_0 = 6.39325e-07
DD_0_0_l_0_0_0_0_0_0_0_0_0 = 5.45441e-07
DD_0_0_l_0_0_0_0_0_0_0_0_0_0 = 4.67005e-07
Dr_0_0 = 2.60074e-06
Dr_0_0_l_0 = 3.67612e-06
Dr_0_0_l_0_0 = 2.94401e-06
Dr_0_0_l_0_0_0 = 2.78908e-06
Dr_0_0_l_0_0_0_0 = 2.34496e-06
Dr_0_0_l_0_0_0_0_0 = 2.17292e-06
Dr_0_0_l_0_0_0_0_0_0 = 1.88224e-06
Dr_0_0_l_0_0_0_0_0_0_0 = 1.74755e-06
Dr_0_0_l_0_0_0_0_0_0_0_0 = 1.54479e-06
Dr_0_0_l_0_0_0_0_0_0_0_0_0 = 1.44352e-06
Dr_0_0_l_0_0_0_0_0_0_0_0_0_0 = 1.2875e-06
Dr_0_0_l_0_0_0_0_0_0_0_0_0_0_0 = 1.19802e-06
Hl_0_0 = 0.00690295
Hl_0_0_l_0 = 0.00458004
Hl_0_0_l_0_0 = 0.00374919
Hl_0_0_l_0_0_0 = 0.0030704
Hl_0_0_l_0_0_0_0 = 0.00267517
Hl_0_0_l_0_0_0_0_0 = 0.00232791
Hl_0_0_l_0_0_0_0_0_0 = 0.00209386
Hl_0_0_l_0_0_0_0_0_0_0 = 0.00187986
Hl_0_0_l_0_0_0_0_0_0_0_0 = 0.00172352
Hl_0_0_l_0_0_0_0_0_0_0_0_0 = 0.00158131
Hl_0_0_l_0_0_0_0_0_0_0_0_0_0 = 0.00145075
Hr_0_0 = 0.0101202
I = 1
pi2_0_0_0_0 = 7.06704e-05
pi2_0_0_0_0_l_0 = 4.67503e-05
pi2_0_0_0_0_l_0_0 = 3.82168e-05
pi2_0_0_0_0_l_0_0_0 = 3.12583e-05
pi2_0_0_0_0_l_0_0_0_0 = 2.72114e-05
pi2_0_0_0_0_l_0_0_0_0_0 = 2.36623e-05
pi2_0_0_0_0_l_0_0_0_0_0_0 = 2.12709e-05
pi2_0_0_0_0_l_0_0_0_0_0_0_0 = 1.90883e-05
pi2_0_0_0_0_l_0_0_0_0_0_0_0_0 = 1.74938e-05
pi2_0_0_0_0_l_0_0_0_0_0_0_0_0_0 = 1.60447e-05
pi2_0_0_0_0_l_0_0_0_0_0_0_0_0_0_0 = 1.47154e-05
