DD_0_0 = 6.59272e-08
DD_0_0_l_0 = 3.65599e-08
DD_0_0_l_0_0 = 2.21411e-08
Dr_0_0 = 2.55724e-08
Dr_0_0_l_0 = 3.60494e-08
Dr_0_0_l_0_0 = 3.29015e-08
Dr_0_0_l_0_0_0 = 2.6548e-08
Hl_0_0 = 0.00068378
Hl_0_0_l_0 = 0.000472004
Hl_0_0_l_0_0 = 0.000351557
Hr_0_0 = 0.00101212
I = 1
pi2_0_0_0_0 = 7.00073e-07
pi2_0_0_0_0_l_0 = 4.82493e-07
pi2_0_0_0_0_l_0_0 = 3.58417e-07
