DD_0_0 = 6.7402e-08
DD_0_0_l_0 = 3.43133e-08
DD_0_0_l_0_0 = 2.48884e-08
DD_0_0_l_0_0_0 = 1.76002e-08
DD_0_0_l_0_0_0_0 = 1.39543e-08
DD_0_0_l_0_0_0_0_0 = 1.08932e-08
DD_0_0_l_0_0_0_0_0_0 = 9.06527e-09
DD_0_0_l_0_0_0_0_0_0_0 = 7.45312e-09
DD_0_0_l_0_0_0_0_0_0_0_0 = 6.3978e-09
DD_0_0_l_0_0_0_0_0_0_0_0_0 = 5.43562e-09
DD_0_0_l_0_0_0_0_0_0_0_0_0_0 = 4.76854e-09
DD_0_0_l_0_0_0_0_0_0_0_0_0_0_0 = 4.14547e-09
DD_0_0_l_0_0_0_0_0_0_0_0_0_0_0_0 = 3.696e-09
DD_0_0_l_0_0_0_0_0_0_0_0_0_0_0_0_0 = 3.26838e-09
DD_0_0_l_0_0_0_0_0_0_0_0_0_0_0_0_0_0 = 2.95075e-09
DD_0_0_l_0_0_0_0_0_0_0_0_0_0_0_0_0_0_0 = 2.64413e-09
DD_0_0_l_0_0_0_0_0_0_0_0_0_0_0_0_0_0_0_0 = 2.41119e-09
DD_0_0_l_0_0_0_0_0_0_0_0_0_0_0_0_0_0_0_0_0 = 2.18365e-09
DD_0_0_l_0_0_0_0_0_0_0_0_0_0_0_0_0_0_0_0_0_0 = 2.00756e-09
DD_0_0_l_0_0_0_0_0_0_0_0_0_0_0_0_0_0_0_0_0_0_0 = 1.83516e-09
DD_0_0_l_0_0_0_0_0_0_0_0_0_0_0_0_0_0_0_0_0_0_0_0 = 1.68593e-09
Dr_0_0 = 2.6008e-08
Dr_0_0_l_0 = 3.6762e-08
Dr_0_0_l_0_0 = 2.94408e-08
Dr_0_0_l_0_0_0 = 2.78916e-08
Dr_0_0_l_0_0_0_0 = 2.34503e-08
Dr_0_0_l_0_0_0_0_0 = 2.17299e-08
Dr_0_0_l_0_0_0_0_0_0 = 1.8823e-08
Dr_0_0_l_0_0_0_0_0_0_0 = 1.74759e-08
Dr_0_0_l_0_0_0_0_0_0_0_0 = 1.54501e-08
Dr_0_0_l_0_0_0_0_0_0_0_0_0 = 1.4425e-08
Dr_0_0_l_0_0_0_0_0_0_0_0_0_0 = 1.29447e-08
Dr_0_0_l_0_0_0_0_0_0_0_0_0_0_0 = 1.2156e-08
Dr_0_0_l_0_0_0_0_0_0_0_0_0_0_0_0 = 1.10343e-08
Dr_0_0_l_0_0_0_0_0_0_0_0_0_0_0_0_0 = 1.04167e-08
Dr_0_0_l_0_0_0_0_0_0_0_0_0_0_0_0_0_0 = 9.54182e-09
Dr_0_0_l_0_0_0_0_0_0_0_0_0_0_0_0_0_0_0 = 9.04955e-09
Dr_0_0_l_0_0_0_0_0_0_0_0_0_0_0_0_0_0_0_0 = 8.35108e-09
Dr_0_0_l_0_0_0_0_0_0_0_0_0_0_0_0_0_0_0_0_0 = 7.95228e-09
Dr_0_0_l_0_0_0_0_0_0_0_0_0_0_0_0_0_0_0_0_0_0 = 7.38362e-09
Dr_0_0_l_0_0_0_0_0_0_0_0_0_0_0_0_0_0_0_0_0_0_0 = 7.05799e-09
Dr_0_0_l_0_0_0_0_0_0_0_0_0_0_0_0_0_0_0_0_0_0_0_0 = 6.56519e-09
Dr_0_0_l_0_0_0_0_0_0_0_0_0_0_0_0_0_0_0_0_0_0_0_0_0 = 6.27891e-09
Hl_0_0 = 0.000690295
Hl_0_0_l_0 = 0.000458004
Hl_0_0_l_0_0 = 0.000374919
Hl_0_0_l_0_0_0 = 0.00030704
Hl_0_0_l_0_0_0_0 = 0.000267518
Hl_0_0_l_0_0_0_0_0 = 0.00023279
Hl_0_0_l_0_0_0_0_0_0 = 0.000209391
Hl_0_0_l_0_0_0_0_0_0_0 = 0.000187968
Hl_0_0_l_0_0_0_0_0_0_0_0 = 0.000172423
Hl_0_0_l_0_0_0_0_0_0_0_0_0 = 0.000157807
Hl_0_0_l_0_0_0_0_0_0_0_0_0_0 = 0.000146705
Hl_0_0_l_0_0_0_0_0_0_0_0_0_0_0 = 0.000136069
Hl_0_0_l_0_0_0_0_0_0_0_0_0_0_0_0 = 0.000127734
Hl_0_0_l_0_0_0_0_0_0_0_0_0_0_0_0_0 = 0.000119635
Hl_0_0_l_0_0_0_0_0_0_0_0_0_0_0_0_0_0 = 0.000113143
Hl_0_0_l_0_0_0_0_0_0_0_0_0_0_0_0_0_0_0 = 0.000106766
Hl_0_0_l_0_0_0_0_0_0_0_0_0_0_0_0_0_0_0_0 = 0.000101563
Hl_0_0_l_0_0_0_0_0_0_0_0_0_0_0_0_0_0_0_0_0 = 9.64092e-05
Hl_0_0_l_0_0_0_0_0_0_0_0_0_0_0_0_0_0_0_0_0_0 = 9.2142e-05
Hl_0_0_l_0_0_0_0_0_0_0_0_0_0_0_0_0_0_0_0_0_0_0 = 8.79224e-05
Hl_0_0_l_0_0_0_0_0_0_0_0_0_0_0_0_0_0_0_0_0_0_0_0 = 8.4023e-05
Hr_0_0 = 0.00101212
I = 1
pi2_0_0_0_0 = 7.06728e-07
pi2_0_0_0_0_l_0 = 4.67523e-07
pi2_0_0_0_0_l_0_0 = 3.82186e-07
pi2_0_0_0_0_l_0_0_0 = 3.12599e-07
pi2_0_0_0_0_l_0_0_0_0 = 2.72129e-07
pi2_0_0_0_0_l_0_0_0_0_0 = 2.36635e-07
pi2_0_0_0_0_l_0_0_0_0_0_0 = 2.12727e-07
pi2_0_0_0_0_l_0_0_0_0_0_0_0 = 1.90877e-07
pi2_0_0_0_0_l_0_0_0_0_0_0_0_0 = 1.75019e-07
pi2_0_0_0_0_l_0_0_0_0_0_0_0_0_0 = 1.60135e-07
pi2_0_0_0_0_l_0_0_0_0_0_0_0_0_0_0 = 1.48823e-07
pi2_0_0_0_0_l_0_0_0_0_0_0_0_0_0_0_0 = 1.38004e-07
pi2_0_0_0_0_l_0_0_0_0_0_0_0_0_0_0_0_0 = 1.29519e-07
pi2_0_0_0_0_l_0_0_0_0_0_0_0_0_0_0_0_0_0 = 1.2129e-07
pi2_0_0_0_0_l_0_0_0_0_0_0_0_0_0_0_0_0_0_0 = 1.14685e-07
pi2_0_0_0_0_l_0_0_0_0_0_0_0_0_0_0_0_0_0_0_0 = 1.08209e-07
pi2_0_0_0_0_l_0_0_0_0_0_0_0_0_0_0_0_0_0_0_0_0 = 1.0292e-07
pi2_0_0_0_0_l_0_0_0_0_0_0_0_0_0_0_0_0_0_0_0_0_0 = 9.76892e-08
pi2_0_0_0_0_l_0_0_0_0_0_0_0_0_0_0_0_0_0_0_0_0_0_0 = 9.33531e-08
pi2_0_0_0_0_l_0_0_0_0_0_0_0_0_0_0_0_0_0_0_0_0_0_0_0 = 8.90716e-08
pi2_0_0_0_0_l_0_0_0_0_0_0_0_0_0_0_0_0_0_0_0_0_0_0_0_0 = 8.51121e-08
