DD_0_0 = 6.74003e-06
DD_0_0_l_0 = 3.43121e-06
DD_0_0_l_0_0 = 2.48875e-06
DD_0_0_l_0_0_0 = 1.75995e-06
DD_0_0_l_0_0_0_0 = 1.39537e-06
DD_0_0_l_0_0_0_0_0 = 1.08927e-06
DD_0_0_l_0_0_0_0_0_0 = 9.06485e-07
DD_0_0_l_0_0_0_0_0_0_0 = 7.45276e-07
DD_0_0_l_0_0_0_0_0_0_0_0 = 6.39749e-07
DD_0_0_l_0_0_0_0_0_0_0_0_0 = 5.43535e-07
DD_0_0_l_0_0_0_0_0_0_0_0_0_0 = 4.76829e-07
DD_0_0_l_0_0_0_0_0_0_0_0_0_0_0 = 4.14525e-07
DD_0_0_l_0_0_0_0_0_0_0_0_0_0_0_0 = 3.6958e-07
DD_0_0_l_0_0_0_0_0_0_0_0_0_0_0_0_0 = 3.2682e-07
DD_0_0_l_0_0_0_0_0_0_0_0_0_0_0_0_0_0 = 2.95059e-07
DD_0_0_l_0_0_0_0_0_0_0_0_0_0_0_0_0_0_0 = 2.64398e-07
DD_0_0_l_0_0_0_0_0_0_0_0_0_0_0_0_0_0_0_0 = 2.41105e-07
DD_0_0_l_0_0_0_0_0_0_0_0_0_0_0_0_0_0_0_0_0 = 2.18353e-07
DD_0_0_l_0_0_0_0_0_0_0_0_0_0_0_0_0_0_0_0_0_0 = 2.00744e-07
DD_0_0_l_0_0_0_0_0_0_0_0_0_0_0_0_0_0_0_0_0_0_0 = 1.83506e-07
DD_0_0_l_0_0_0_0_0_0_0_0_0_0_0_0_0_0_0_0_0_0_0_0 = 1.68583e-07
Dr_0_0 = 2.60074e-06
Dr_0_0_l_0 = 3.67612e-06
Dr_0_0_l_0_0 = 2.94401e-06
Dr_0_0_l_0_0_0 = 2.78908e-06
Dr_0_0_l_0_0_0_0 = 2.34496e-06
Dr_0_0_l_0_0_0_0_0 = 2.17293e-06
Dr_0_0_l_0_0_0_0_0_0 = 1.88223e-06
Dr_0_0_l_0_0_0_0_0_0_0 = 1.74753e-06
Dr_0_0_l_0_0_0_0_0_0_0_0 = 1.54495e-06
Dr_0_0_l_0_0_0_0_0_0_0_0_0 = 1.44244e-06
Dr_0_0_l_0_0_0_0_0_0_0_0_0_0 = 1.29442e-06
Dr_0_0_l_0_0_0_0_0_0_0_0_0_0_0 = 1.21556e-06
Dr_0_0_l_0_0_0_0_0_0_0_0_0_0_0_0 = 1.10339e-06
Dr_0_0_l_0_0_0_0_0_0_0_0_0_0_0_0_0 = 1.04163e-06
Dr_0_0_l_0_0_0_0_0_0_0_0_0_0_0_0_0_0 = 9.54143e-07
Dr_0_0_l_0_0_0_0_0_0_0_0_0_0_0_0_0_0_0 = 9.04918e-07
Dr_0_0_l_0_0_0_0_0_0_0_0_0_0_0_0_0_0_0_0 = 8.35073e-07
Dr_0_0_l_0_0_0_0_0_0_0_0_0_0_0_0_0_0_0_0_0 = 7.95195e-07
Dr_0_0_l_0_0_0_0_0_0_0_0_0_0_0_0_0_0_0_0_0_0 = 7.3833e-07
Dr_0_0_l_0_0_0_0_0_0_0_0_0_0_0_0_0_0_0_0_0_0_0 = 7.05768e-07
Dr_0_0_l_0_0_0_0_0_0_0_0_0_0_0_0_0_0_0_0_0_0_0_0 = 6.5649e-07
Dr_0_0_l_0_0_0_0_0_0_0_0_0_0_0_0_0_0_0_0_0_0_0_0_0 = 6.27864e-07
Hl_0_0 = 0.00690295
Hl_0_0_l_0 = 0.00458004
Hl_0_0_l_0_0 = 0.00374919
Hl_0_0_l_0_0_0 = 0.0030704
Hl_0_0_l_0_0_0_0 = 0.00267518
Hl_0_0_l_0_0_0_0_0 = 0.0023279
Hl_0_0_l_0_0_0_0_0_0 = 0.00209391
Hl_0_0_l_0_0_0_0_0_0_0 = 0.00187968
Hl_0_0_l_0_0_0_0_0_0_0_0 = 0.00172423
Hl_0_0_l_0_0_0_0_0_0_0_0_0 = 0.00157807
Hl_0_0_l_0_0_0_0_0_0_0_0_0_0 = 0.00146705
Hl_0_0_l_0_0_0_0_0_0_0_0_0_0_0 = 0.00136069
Hl_0_0_l_0_0_0_0_0_0_0_0_0_0_0_0 = 0.00127734
Hl_0_0_l_0_0_0_0_0_0_0_0_0_0_0_0_0 = 0.00119635
Hl_0_0_l_0_0_0_0_0_0_0_0_0_0_0_0_0_0 = 0.00113143
Hl_0_0_l_0_0_0_0_0_0_0_0_0_0_0_0_0_0_0 = 0.00106766
Hl_0_0_l_0_0_0_0_0_0_0_0_0_0_0_0_0_0_0_0 = 0.00101563
Hl_0_0_l_0_0_0_0_0_0_0_0_0_0_0_0_0_0_0_0_0 = 0.000964092
Hl_0_0_l_0_0_0_0_0_0_0_0_0_0_0_0_0_0_0_0_0_0 = 0.00092142
Hl_0_0_l_0_0_0_0_0_0_0_0_0_0_0_0_0_0_0_0_0_0_0 = 0.000879224
Hl_0_0_l_0_0_0_0_0_0_0_0_0_0_0_0_0_0_0_0_0_0_0_0 = 0.00084023
Hr_0_0 = 0.0101202
I = 1
pi2_0_0_0_0 = 7.06704e-05
pi2_0_0_0_0_l_0 = 4.67503e-05
pi2_0_0_0_0_l_0_0 = 3.82168e-05
pi2_0_0_0_0_l_0_0_0 = 3.12583e-05
pi2_0_0_0_0_l_0_0_0_0 = 2.72115e-05
pi2_0_0_0_0_l_0_0_0_0_0 = 2.36621e-05
pi2_0_0_0_0_l_0_0_0_0_0_0 = 2.12714e-05
pi2_0_0_0_0_l_0_0_0_0_0_0_0 = 1.90866e-05
pi2_0_0_0_0_l_0_0_0_0_0_0_0_0 = 1.75009e-05
pi2_0_0_0_0_l_0_0_0_0_0_0_0_0_0 = 1.60125e-05
pi2_0_0_0_0_l_0_0_0_0_0_0_0_0_0_0 = 1.48814e-05
pi2_0_0_0_0_l_0_0_0_0_0_0_0_0_0_0_0 = 1.37995e-05
pi2_0_0_0_0_l_0_0_0_0_0_0_0_0_0_0_0_0 = 1.29511e-05
pi2_0_0_0_0_l_0_0_0_0_0_0_0_0_0_0_0_0_0 = 1.21282e-05
pi2_0_0_0_0_l_0_0_0_0_0_0_0_0_0_0_0_0_0_0 = 1.14677e-05
pi2_0_0_0_0_l_0_0_0_0_0_0_0_0_0_0_0_0_0_0_0 = 1.08202e-05
pi2_0_0_0_0_l_0_0_0_0_0_0_0_0_0_0_0_0_0_0_0_0 = 1.02913e-05
pi2_0_0_0_0_l_0_0_0_0_0_0_0_0_0_0_0_0_0_0_0_0_0 = 9.76824e-06
pi2_0_0_0_0_l_0_0_0_0_0_0_0_0_0_0_0_0_0_0_0_0_0_0 = 9.33466e-06
pi2_0_0_0_0_l_0_0_0_0_0_0_0_0_0_0_0_0_0_0_0_0_0_0_0 = 8.90653e-06
pi2_0_0_0_0_l_0_0_0_0_0_0_0_0_0_0_0_0_0_0_0_0_0_0_0_0 = 8.5106e-06
