DD_0_0 = 1.47574e-08
DD_0_0_l_0 = 9.55899e-09
DD_0_0_l_0_0 = 6.62723e-09
Dr_0_0 = 2.1173e-09
Dr_0_0_l_0 = 3.30769e-09
Dr_0_0_l_0_0 = 3.66743e-09
Dr_0_0_l_0_0_0 = 3.29555e-09
Hl_0_0 = 0.00068378
Hl_0_0_l_0 = 0.000472004
Hl_0_0_l_0_0 = 0.000351557
Hr_0_0 = 0.00101213
I = 1
pi2_0_0_0_0 = 6.93098e-07
pi2_0_0_0_0_l_0 = 4.78438e-07
pi2_0_0_0_0_l_0_0 = 3.5628e-07
