DD_0_0 = 1.49271e-06
DD_0_0_l_0 = 9.21116e-07
DD_0_0_l_0_0 = 7.17682e-07
DD_0_0_l_0_0_0 = 5.57585e-07
DD_0_0_l_0_0_0_0 = 4.65386e-07
DD_0_0_l_0_0_0_0_0 = 3.87272e-07
DD_0_0_l_0_0_0_0_0_0 = 3.35242e-07
DD_0_0_l_0_0_0_0_0_0_0 = 2.89315e-07
DD_0_0_l_0_0_0_0_0_0_0_0 = 2.56158e-07
DD_0_0_l_0_0_0_0_0_0_0_0_0 = 2.26977e-07
DD_0_0_l_0_0_0_0_0_0_0_0_0_0 = 2.00613e-07
Dr_0_0 = 2.14096e-07
Dr_0_0_l_0 = 3.32153e-07
Dr_0_0_l_0_0 = 3.30202e-07
Dr_0_0_l_0_0_0 = 3.35084e-07
Dr_0_0_l_0_0_0_0 = 3.1819e-07
Dr_0_0_l_0_0_0_0_0 = 3.0946e-07
Dr_0_0_l_0_0_0_0_0_0 = 2.92026e-07
Dr_0_0_l_0_0_0_0_0_0_0 = 2.81144e-07
Dr_0_0_l_0_0_0_0_0_0_0_0 = 2.6558e-07
Dr_0_0_l_0_0_0_0_0_0_0_0_0 = 2.55051e-07
Dr_0_0_l_0_0_0_0_0_0_0_0_0_0 = 2.41663e-07
Dr_0_0_l_0_0_0_0_0_0_0_0_0_0_0 = 2.30199e-07
Hl_0_0 = 0.00690295
Hl_0_0_l_0 = 0.00458004
Hl_0_0_l_0_0 = 0.00374919
Hl_0_0_l_0_0_0 = 0.0030704
Hl_0_0_l_0_0_0_0 = 0.00267517
Hl_0_0_l_0_0_0_0_0 = 0.00232791
Hl_0_0_l_0_0_0_0_0_0 = 0.00209386
Hl_0_0_l_0_0_0_0_0_0_0 = 0.00187986
Hl_0_0_l_0_0_0_0_0_0_0_0 = 0.00172352
Hl_0_0_l_0_0_0_0_0_0_0_0_0 = 0.00158131
Hl_0_0_l_0_0_0_0_0_0_0_0_0_0 = 0.00145075
Hr_0_0 = 0.0101212
I = 1
pi2_0_0_0_0 = 6.99697e-05
pi2_0_0_0_0_l_0 = 4.64166e-05
pi2_0_0_0_0_l_0_0 = 3.79957e-05
pi2_0_0_0_0_l_0_0_0 = 3.1113e-05
pi2_0_0_0_0_l_0_0_0_0 = 2.7107e-05
pi2_0_0_0_0_l_0_0_0_0_0 = 2.35861e-05
pi2_0_0_0_0_l_0_0_0_0_0_0 = 2.12138e-05
pi2_0_0_0_0_l_0_0_0_0_0_0_0 = 1.90443e-05
pi2_0_0_0_0_l_0_0_0_0_0_0_0_0 = 1.74598e-05
pi2_0_0_0_0_l_0_0_0_0_0_0_0_0_0 = 1.60183e-05
pi2_0_0_0_0_l_0_0_0_0_0_0_0_0_0_0 = 1.46951e-05
