DD_0_0 = 1.49271e-08
DD_0_0_l_0 = 9.2112e-09
DD_0_0_l_0_0 = 7.17686e-09
DD_0_0_l_0_0_0 = 5.57588e-09
DD_0_0_l_0_0_0_0 = 4.6539e-09
DD_0_0_l_0_0_0_0_0 = 3.87271e-09
DD_0_0_l_0_0_0_0_0_0 = 3.35254e-09
DD_0_0_l_0_0_0_0_0_0_0 = 2.89281e-09
DD_0_0_l_0_0_0_0_0_0_0_0 = 2.56303e-09
DD_0_0_l_0_0_0_0_0_0_0_0_0 = 2.26336e-09
DD_0_0_l_0_0_0_0_0_0_0_0_0_0 = 2.03821e-09
DD_0_0_l_0_0_0_0_0_0_0_0_0_0_0 = 1.8295e-09
DD_0_0_l_0_0_0_0_0_0_0_0_0_0_0_0 = 1.66759e-09
DD_0_0_l_0_0_0_0_0_0_0_0_0_0_0_0_0 = 1.51524e-09
DD_0_0_l_0_0_0_0_0_0_0_0_0_0_0_0_0_0 = 1.39422e-09
DD_0_0_l_0_0_0_0_0_0_0_0_0_0_0_0_0_0_0 = 1.279e-09
DD_0_0_l_0_0_0_0_0_0_0_0_0_0_0_0_0_0_0_0 = 1.1858e-09
DD_0_0_l_0_0_0_0_0_0_0_0_0_0_0_0_0_0_0_0_0 = 1.09621e-09
DD_0_0_l_0_0_0_0_0_0_0_0_0_0_0_0_0_0_0_0_0_0 = 1.02262e-09
DD_0_0_l_0_0_0_0_0_0_0_0_0_0_0_0_0_0_0_0_0_0_0 = 9.51924e-10
DD_0_0_l_0_0_0_0_0_0_0_0_0_0_0_0_0_0_0_0_0_0_0_0 = 8.87229e-10
Dr_0_0 = 2.14097e-09
Dr_0_0_l_0 = 3.32154e-09
Dr_0_0_l_0_0 = 3.30204e-09
Dr_0_0_l_0_0_0 = 3.35085e-09
Dr_0_0_l_0_0_0_0 = 3.18191e-09
Dr_0_0_l_0_0_0_0_0 = 3.09462e-09
Dr_0_0_l_0_0_0_0_0_0 = 2.92026e-09
Dr_0_0_l_0_0_0_0_0_0_0 = 2.8115e-09
Dr_0_0_l_0_0_0_0_0_0_0_0 = 2.65566e-09
Dr_0_0_l_0_0_0_0_0_0_0_0_0 = 2.55094e-09
Dr_0_0_l_0_0_0_0_0_0_0_0_0_0 = 2.41609e-09
Dr_0_0_l_0_0_0_0_0_0_0_0_0_0_0 = 2.32149e-09
Dr_0_0_l_0_0_0_0_0_0_0_0_0_0_0_0 = 2.20545e-09
Dr_0_0_l_0_0_0_0_0_0_0_0_0_0_0_0_0 = 2.12169e-09
Dr_0_0_l_0_0_0_0_0_0_0_0_0_0_0_0_0_0 = 2.02157e-09
Dr_0_0_l_0_0_0_0_0_0_0_0_0_0_0_0_0_0_0 = 1.9478e-09
Dr_0_0_l_0_0_0_0_0_0_0_0_0_0_0_0_0_0_0_0 = 1.86093e-09
Dr_0_0_l_0_0_0_0_0_0_0_0_0_0_0_0_0_0_0_0_0 = 1.79593e-09
Dr_0_0_l_0_0_0_0_0_0_0_0_0_0_0_0_0_0_0_0_0_0 = 1.72005e-09
Dr_0_0_l_0_0_0_0_0_0_0_0_0_0_0_0_0_0_0_0_0_0_0 = 1.66289e-09
Dr_0_0_l_0_0_0_0_0_0_0_0_0_0_0_0_0_0_0_0_0_0_0_0 = 1.59292e-09
Dr_0_0_l_0_0_0_0_0_0_0_0_0_0_0_0_0_0_0_0_0_0_0_0_0 = 1.53972e-09
Hl_0_0 = 0.000690295
Hl_0_0_l_0 = 0.000458004
Hl_0_0_l_0_0 = 0.000374919
Hl_0_0_l_0_0_0 = 0.00030704
Hl_0_0_l_0_0_0_0 = 0.000267518
Hl_0_0_l_0_0_0_0_0 = 0.00023279
Hl_0_0_l_0_0_0_0_0_0 = 0.000209391
Hl_0_0_l_0_0_0_0_0_0_0 = 0.000187968
Hl_0_0_l_0_0_0_0_0_0_0_0 = 0.000172423
Hl_0_0_l_0_0_0_0_0_0_0_0_0 = 0.000157807
Hl_0_0_l_0_0_0_0_0_0_0_0_0_0 = 0.000146705
Hl_0_0_l_0_0_0_0_0_0_0_0_0_0_0 = 0.000136069
Hl_0_0_l_0_0_0_0_0_0_0_0_0_0_0_0 = 0.000127734
Hl_0_0_l_0_0_0_0_0_0_0_0_0_0_0_0_0 = 0.000119635
Hl_0_0_l_0_0_0_0_0_0_0_0_0_0_0_0_0_0 = 0.000113143
Hl_0_0_l_0_0_0_0_0_0_0_0_0_0_0_0_0_0_0 = 0.000106766
Hl_0_0_l_0_0_0_0_0_0_0_0_0_0_0_0_0_0_0_0 = 0.000101563
Hl_0_0_l_0_0_0_0_0_0_0_0_0_0_0_0_0_0_0_0_0 = 9.64092e-05
Hl_0_0_l_0_0_0_0_0_0_0_0_0_0_0_0_0_0_0_0_0_0 = 9.2142e-05
Hl_0_0_l_0_0_0_0_0_0_0_0_0_0_0_0_0_0_0_0_0_0_0 = 8.79224e-05
Hl_0_0_l_0_0_0_0_0_0_0_0_0_0_0_0_0_0_0_0_0_0_0_0 = 8.4023e-05
Hr_0_0 = 0.00101213
I = 1
pi2_0_0_0_0 = 6.99699e-07
pi2_0_0_0_0_l_0 = 4.64168e-07
pi2_0_0_0_0_l_0_0 = 3.79959e-07
pi2_0_0_0_0_l_0_0_0 = 3.11131e-07
pi2_0_0_0_0_l_0_0_0_0 = 2.71072e-07
pi2_0_0_0_0_l_0_0_0_0_0 = 2.35861e-07
pi2_0_0_0_0_l_0_0_0_0_0_0 = 2.12145e-07
pi2_0_0_0_0_l_0_0_0_0_0_0_0 = 1.90426e-07
pi2_0_0_0_0_l_0_0_0_0_0_0_0_0 = 1.74672e-07
pi2_0_0_0_0_l_0_0_0_0_0_0_0_0_0 = 1.59855e-07
pi2_0_0_0_0_l_0_0_0_0_0_0_0_0_0_0 = 1.48605e-07
pi2_0_0_0_0_l_0_0_0_0_0_0_0_0_0_0_0 = 1.37824e-07
pi2_0_0_0_0_l_0_0_0_0_0_0_0_0_0_0_0_0 = 1.29377e-07
pi2_0_0_0_0_l_0_0_0_0_0_0_0_0_0_0_0_0_0 = 1.2117e-07
pi2_0_0_0_0_l_0_0_0_0_0_0_0_0_0_0_0_0_0_0 = 1.14591e-07
pi2_0_0_0_0_l_0_0_0_0_0_0_0_0_0_0_0_0_0_0_0 = 1.08128e-07
pi2_0_0_0_0_l_0_0_0_0_0_0_0_0_0_0_0_0_0_0_0_0 = 1.02857e-07
pi2_0_0_0_0_l_0_0_0_0_0_0_0_0_0_0_0_0_0_0_0_0_0 = 9.76345e-08
pi2_0_0_0_0_l_0_0_0_0_0_0_0_0_0_0_0_0_0_0_0_0_0_0 = 9.33115e-08
pi2_0_0_0_0_l_0_0_0_0_0_0_0_0_0_0_0_0_0_0_0_0_0_0_0 = 8.90356e-08
pi2_0_0_0_0_l_0_0_0_0_0_0_0_0_0_0_0_0_0_0_0_0_0_0_0_0 = 8.50855e-08
