DD_0_0 = 1.47573e-06
DD_0_0_l_0 = 9.55895e-07
DD_0_0_l_0_0 = 6.6272e-07
Dr_0_0 = 2.11729e-07
Dr_0_0_l_0 = 3.30768e-07
Dr_0_0_l_0_0 = 3.66741e-07
Dr_0_0_l_0_0_0 = 3.29554e-07
Hl_0_0 = 0.0068378
Hl_0_0_l_0 = 0.00472004
Hl_0_0_l_0_0 = 0.00351557
Hr_0_0 = 0.0101212
I = 1
pi2_0_0_0_0 = 6.93096e-05
pi2_0_0_0_0_l_0 = 4.78436e-05
pi2_0_0_0_0_l_0_0 = 3.56278e-05
