DD_0_0 = 1.49271e-06
DD_0_0_l_0 = 9.21116e-07
DD_0_0_l_0_0 = 7.17682e-07
DD_0_0_l_0_0_0 = 5.57585e-07
DD_0_0_l_0_0_0_0 = 4.65388e-07
DD_0_0_l_0_0_0_0_0 = 3.87269e-07
DD_0_0_l_0_0_0_0_0_0 = 3.35252e-07
DD_0_0_l_0_0_0_0_0_0_0 = 2.89279e-07
DD_0_0_l_0_0_0_0_0_0_0_0 = 2.56302e-07
DD_0_0_l_0_0_0_0_0_0_0_0_0 = 2.26335e-07
DD_0_0_l_0_0_0_0_0_0_0_0_0_0 = 2.0382e-07
DD_0_0_l_0_0_0_0_0_0_0_0_0_0_0 = 1.82949e-07
DD_0_0_l_0_0_0_0_0_0_0_0_0_0_0_0 = 1.66758e-07
DD_0_0_l_0_0_0_0_0_0_0_0_0_0_0_0_0 = 1.51523e-07
DD_0_0_l_0_0_0_0_0_0_0_0_0_0_0_0_0_0 = 1.39422e-07
DD_0_0_l_0_0_0_0_0_0_0_0_0_0_0_0_0_0_0 = 1.27899e-07
DD_0_0_l_0_0_0_0_0_0_0_0_0_0_0_0_0_0_0_0 = 1.18579e-07
DD_0_0_l_0_0_0_0_0_0_0_0_0_0_0_0_0_0_0_0_0 = 1.0962e-07
DD_0_0_l_0_0_0_0_0_0_0_0_0_0_0_0_0_0_0_0_0_0 = 1.02262e-07
DD_0_0_l_0_0_0_0_0_0_0_0_0_0_0_0_0_0_0_0_0_0_0 = 9.51917e-08
DD_0_0_l_0_0_0_0_0_0_0_0_0_0_0_0_0_0_0_0_0_0_0_0 = 8.87223e-08
Dr_0_0 = 2.14096e-07
Dr_0_0_l_0 = 3.32153e-07
Dr_0_0_l_0_0 = 3.30202e-07
Dr_0_0_l_0_0_0 = 3.35084e-07
Dr_0_0_l_0_0_0_0 = 3.1819e-07
Dr_0_0_l_0_0_0_0_0 = 3.09461e-07
Dr_0_0_l_0_0_0_0_0_0 = 2.92024e-07
Dr_0_0_l_0_0_0_0_0_0_0 = 2.81148e-07
Dr_0_0_l_0_0_0_0_0_0_0_0 = 2.65565e-07
Dr_0_0_l_0_0_0_0_0_0_0_0_0 = 2.55093e-07
Dr_0_0_l_0_0_0_0_0_0_0_0_0_0 = 2.41607e-07
Dr_0_0_l_0_0_0_0_0_0_0_0_0_0_0 = 2.32148e-07
Dr_0_0_l_0_0_0_0_0_0_0_0_0_0_0_0 = 2.20544e-07
Dr_0_0_l_0_0_0_0_0_0_0_0_0_0_0_0_0 = 2.12168e-07
Dr_0_0_l_0_0_0_0_0_0_0_0_0_0_0_0_0_0 = 2.02155e-07
Dr_0_0_l_0_0_0_0_0_0_0_0_0_0_0_0_0_0_0 = 1.94779e-07
Dr_0_0_l_0_0_0_0_0_0_0_0_0_0_0_0_0_0_0_0 = 1.86092e-07
Dr_0_0_l_0_0_0_0_0_0_0_0_0_0_0_0_0_0_0_0_0 = 1.79592e-07
Dr_0_0_l_0_0_0_0_0_0_0_0_0_0_0_0_0_0_0_0_0_0 = 1.72004e-07
Dr_0_0_l_0_0_0_0_0_0_0_0_0_0_0_0_0_0_0_0_0_0_0 = 1.66288e-07
Dr_0_0_l_0_0_0_0_0_0_0_0_0_0_0_0_0_0_0_0_0_0_0_0 = 1.59291e-07
Dr_0_0_l_0_0_0_0_0_0_0_0_0_0_0_0_0_0_0_0_0_0_0_0_0 = 1.53971e-07
Hl_0_0 = 0.00690295
Hl_0_0_l_0 = 0.00458004
Hl_0_0_l_0_0 = 0.00374919
Hl_0_0_l_0_0_0 = 0.0030704
Hl_0_0_l_0_0_0_0 = 0.00267518
Hl_0_0_l_0_0_0_0_0 = 0.0023279
Hl_0_0_l_0_0_0_0_0_0 = 0.00209391
Hl_0_0_l_0_0_0_0_0_0_0 = 0.00187968
Hl_0_0_l_0_0_0_0_0_0_0_0 = 0.00172423
Hl_0_0_l_0_0_0_0_0_0_0_0_0 = 0.00157807
Hl_0_0_l_0_0_0_0_0_0_0_0_0_0 = 0.00146705
Hl_0_0_l_0_0_0_0_0_0_0_0_0_0_0 = 0.00136069
Hl_0_0_l_0_0_0_0_0_0_0_0_0_0_0_0 = 0.00127734
Hl_0_0_l_0_0_0_0_0_0_0_0_0_0_0_0_0 = 0.00119635
Hl_0_0_l_0_0_0_0_0_0_0_0_0_0_0_0_0_0 = 0.00113143
Hl_0_0_l_0_0_0_0_0_0_0_0_0_0_0_0_0_0_0 = 0.00106766
Hl_0_0_l_0_0_0_0_0_0_0_0_0_0_0_0_0_0_0_0 = 0.00101563
Hl_0_0_l_0_0_0_0_0_0_0_0_0_0_0_0_0_0_0_0_0 = 0.000964092
Hl_0_0_l_0_0_0_0_0_0_0_0_0_0_0_0_0_0_0_0_0_0 = 0.00092142
Hl_0_0_l_0_0_0_0_0_0_0_0_0_0_0_0_0_0_0_0_0_0_0 = 0.000879224
Hl_0_0_l_0_0_0_0_0_0_0_0_0_0_0_0_0_0_0_0_0_0_0_0 = 0.00084023
Hr_0_0 = 0.0101212
I = 1
pi2_0_0_0_0 = 6.99697e-05
pi2_0_0_0_0_l_0 = 4.64166e-05
pi2_0_0_0_0_l_0_0 = 3.79958e-05
pi2_0_0_0_0_l_0_0_0 = 3.1113e-05
pi2_0_0_0_0_l_0_0_0_0 = 2.7107e-05
pi2_0_0_0_0_l_0_0_0_0_0 = 2.35859e-05
pi2_0_0_0_0_l_0_0_0_0_0_0 = 2.12144e-05
pi2_0_0_0_0_l_0_0_0_0_0_0_0 = 1.90425e-05
pi2_0_0_0_0_l_0_0_0_0_0_0_0_0 = 1.74671e-05
pi2_0_0_0_0_l_0_0_0_0_0_0_0_0_0 = 1.59854e-05
pi2_0_0_0_0_l_0_0_0_0_0_0_0_0_0_0 = 1.48604e-05
pi2_0_0_0_0_l_0_0_0_0_0_0_0_0_0_0_0 = 1.37823e-05
pi2_0_0_0_0_l_0_0_0_0_0_0_0_0_0_0_0_0 = 1.29377e-05
pi2_0_0_0_0_l_0_0_0_0_0_0_0_0_0_0_0_0_0 = 1.21169e-05
pi2_0_0_0_0_l_0_0_0_0_0_0_0_0_0_0_0_0_0_0 = 1.1459e-05
pi2_0_0_0_0_l_0_0_0_0_0_0_0_0_0_0_0_0_0_0_0 = 1.08128e-05
pi2_0_0_0_0_l_0_0_0_0_0_0_0_0_0_0_0_0_0_0_0_0 = 1.02857e-05
pi2_0_0_0_0_l_0_0_0_0_0_0_0_0_0_0_0_0_0_0_0_0_0 = 9.76339e-06
pi2_0_0_0_0_l_0_0_0_0_0_0_0_0_0_0_0_0_0_0_0_0_0_0 = 9.33109e-06
pi2_0_0_0_0_l_0_0_0_0_0_0_0_0_0_0_0_0_0_0_0_0_0_0_0 = 8.9035e-06
pi2_0_0_0_0_l_0_0_0_0_0_0_0_0_0_0_0_0_0_0_0_0_0_0_0_0 = 8.50849e-06
