DD_0_0 = 1.49271e-08
DD_0_0_l_0 = 9.2112e-09
DD_0_0_l_0_0 = 7.17685e-09
DD_0_0_l_0_0_0 = 5.57588e-09
DD_0_0_l_0_0_0_0 = 4.65389e-09
DD_0_0_l_0_0_0_0_0 = 3.87274e-09
DD_0_0_l_0_0_0_0_0_0 = 3.35244e-09
DD_0_0_l_0_0_0_0_0_0_0 = 2.89317e-09
DD_0_0_l_0_0_0_0_0_0_0_0 = 2.5616e-09
DD_0_0_l_0_0_0_0_0_0_0_0_0 = 2.26978e-09
DD_0_0_l_0_0_0_0_0_0_0_0_0_0 = 2.00614e-09
Dr_0_0 = 2.14097e-09
Dr_0_0_l_0 = 3.32154e-09
Dr_0_0_l_0_0 = 3.30204e-09
Dr_0_0_l_0_0_0 = 3.35085e-09
Dr_0_0_l_0_0_0_0 = 3.18191e-09
Dr_0_0_l_0_0_0_0_0 = 3.09461e-09
Dr_0_0_l_0_0_0_0_0_0 = 2.92027e-09
Dr_0_0_l_0_0_0_0_0_0_0 = 2.81145e-09
Dr_0_0_l_0_0_0_0_0_0_0_0 = 2.65581e-09
Dr_0_0_l_0_0_0_0_0_0_0_0_0 = 2.55052e-09
Dr_0_0_l_0_0_0_0_0_0_0_0_0_0 = 2.41664e-09
Dr_0_0_l_0_0_0_0_0_0_0_0_0_0_0 = 2.302e-09
Hl_0_0 = 0.000690295
Hl_0_0_l_0 = 0.000458004
Hl_0_0_l_0_0 = 0.000374919
Hl_0_0_l_0_0_0 = 0.00030704
Hl_0_0_l_0_0_0_0 = 0.000267517
Hl_0_0_l_0_0_0_0_0 = 0.000232791
Hl_0_0_l_0_0_0_0_0_0 = 0.000209386
Hl_0_0_l_0_0_0_0_0_0_0 = 0.000187986
Hl_0_0_l_0_0_0_0_0_0_0_0 = 0.000172352
Hl_0_0_l_0_0_0_0_0_0_0_0_0 = 0.000158131
Hl_0_0_l_0_0_0_0_0_0_0_0_0_0 = 0.000145075
Hr_0_0 = 0.00101213
I = 1
pi2_0_0_0_0 = 6.99699e-07
pi2_0_0_0_0_l_0 = 4.64168e-07
pi2_0_0_0_0_l_0_0 = 3.79959e-07
pi2_0_0_0_0_l_0_0_0 = 3.11131e-07
pi2_0_0_0_0_l_0_0_0_0 = 2.71071e-07
pi2_0_0_0_0_l_0_0_0_0_0 = 2.35862e-07
pi2_0_0_0_0_l_0_0_0_0_0_0 = 2.1214e-07
pi2_0_0_0_0_l_0_0_0_0_0_0_0 = 1.90444e-07
pi2_0_0_0_0_l_0_0_0_0_0_0_0_0 = 1.74599e-07
pi2_0_0_0_0_l_0_0_0_0_0_0_0_0_0 = 1.60184e-07
pi2_0_0_0_0_l_0_0_0_0_0_0_0_0_0_0 = 1.46952e-07
