DD_0_0 = 1.49283e-06
DD_0_0_l_0 = 9.20714e-07
DD_0_0_l_0_0 = 7.18608e-07
DD_0_0_l_0_0_0 = 5.55587e-07
DD_0_0_l_0_0_0_0 = 4.701e-07
DD_0_0_l_0_0_0_0_0 = 3.74792e-07
Dr_0_0 = 2.14115e-07
Dr_0_0_l_0 = 3.32116e-07
Dr_0_0_l_0_0 = 3.3019e-07
Dr_0_0_l_0_0_0 = 3.35339e-07
Dr_0_0_l_0_0_0_0 = 3.1698e-07
Dr_0_0_l_0_0_0_0_0 = 3.15289e-07
Dr_0_0_l_0_0_0_0_0_0 = 2.88506e-07
Hl_0_0 = 0.00690339
Hl_0_0_l_0 = 0.00457843
Hl_0_0_l_0_0 = 0.00375307
Hl_0_0_l_0_0_0 = 0.00306177
Hl_0_0_l_0_0_0_0 = 0.00269598
Hl_0_0_l_0_0_0_0_0 = 0.00227118
Hr_0_0 = 0.0101212
I = 1
pi2_0_0_0_0 = 6.99742e-05
pi2_0_0_0_0_l_0 = 4.64003e-05
pi2_0_0_0_0_l_0_0 = 3.80352e-05
pi2_0_0_0_0_l_0_0_0 = 3.10252e-05
pi2_0_0_0_0_l_0_0_0_0 = 2.73186e-05
pi2_0_0_0_0_l_0_0_0_0_0 = 2.30114e-05
