DD_0_0 = 1.71611e-09
DD_0_0_l_0 = 1.12828e-09
DD_0_0_l_0_0 = 9.17133e-10
DD_0_0_l_0_0_0 = 7.45314e-10
DD_0_0_l_0_0_0_0 = 6.44945e-10
DD_0_0_l_0_0_0_0_0 = 5.57148e-10
DD_0_0_l_0_0_0_0_0_0 = 4.97806e-10
DD_0_0_l_0_0_0_0_0_0_0 = 4.43749e-10
DD_0_0_l_0_0_0_0_0_0_0_0 = 4.04397e-10
DD_0_0_l_0_0_0_0_0_0_0_0_0 = 3.67601e-10
DD_0_0_l_0_0_0_0_0_0_0_0_0_0 = 3.39558e-10
DD_0_0_l_0_0_0_0_0_0_0_0_0_0_0 = 3.12853e-10
DD_0_0_l_0_0_0_0_0_0_0_0_0_0_0_0 = 2.9185e-10
DD_0_0_l_0_0_0_0_0_0_0_0_0_0_0_0_0 = 2.71576e-10
DD_0_0_l_0_0_0_0_0_0_0_0_0_0_0_0_0_0 = 2.55261e-10
DD_0_0_l_0_0_0_0_0_0_0_0_0_0_0_0_0_0_0 = 2.39347e-10
DD_0_0_l_0_0_0_0_0_0_0_0_0_0_0_0_0_0_0_0 = 2.26312e-10
DD_0_0_l_0_0_0_0_0_0_0_0_0_0_0_0_0_0_0_0_0 = 2.13493e-10
DD_0_0_l_0_0_0_0_0_0_0_0_0_0_0_0_0_0_0_0_0_0 = 2.02836e-10
DD_0_0_l_0_0_0_0_0_0_0_0_0_0_0_0_0_0_0_0_0_0_0 = 1.92375e-10
DD_0_0_l_0_0_0_0_0_0_0_0_0_0_0_0_0_0_0_0_0_0_0_0 = 1.82689e-10
Dr_0_0 = 3.2991e-11
Dr_0_0_l_0 = 5.42951e-11
Dr_0_0_l_0_0 = 5.99479e-11
Dr_0_0_l_0_0_0 = 6.54778e-11
Dr_0_0_l_0_0_0_0 = 6.72642e-11
Dr_0_0_l_0_0_0_0_0 = 6.95692e-11
Dr_0_0_l_0_0_0_0_0_0 = 7.00294e-11
Dr_0_0_l_0_0_0_0_0_0_0 = 7.10594e-11
Dr_0_0_l_0_0_0_0_0_0_0_0 = 7.09325e-11
Dr_0_0_l_0_0_0_0_0_0_0_0_0 = 7.13321e-11
Dr_0_0_l_0_0_0_0_0_0_0_0_0_0 = 7.09117e-11
Dr_0_0_l_0_0_0_0_0_0_0_0_0_0_0 = 7.09615e-11
Dr_0_0_l_0_0_0_0_0_0_0_0_0_0_0_0 = 7.03857e-11
Dr_0_0_l_0_0_0_0_0_0_0_0_0_0_0_0_0 = 7.02279e-11
Dr_0_0_l_0_0_0_0_0_0_0_0_0_0_0_0_0_0 = 6.95692e-11
Dr_0_0_l_0_0_0_0_0_0_0_0_0_0_0_0_0_0_0 = 6.92831e-11
Dr_0_0_l_0_0_0_0_0_0_0_0_0_0_0_0_0_0_0_0 = 6.85822e-11
Dr_0_0_l_0_0_0_0_0_0_0_0_0_0_0_0_0_0_0_0_0 = 6.82154e-11
Dr_0_0_l_0_0_0_0_0_0_0_0_0_0_0_0_0_0_0_0_0_0 = 6.74966e-11
Dr_0_0_l_0_0_0_0_0_0_0_0_0_0_0_0_0_0_0_0_0_0_0 = 6.70744e-11
Dr_0_0_l_0_0_0_0_0_0_0_0_0_0_0_0_0_0_0_0_0_0_0_0 = 6.64256e-11
Dr_0_0_l_0_0_0_0_0_0_0_0_0_0_0_0_0_0_0_0_0_0_0_0_0 = 6.58089e-11
Hl_0_0 = 0.000690295
Hl_0_0_l_0 = 0.000458004
Hl_0_0_l_0_0 = 0.000374919
Hl_0_0_l_0_0_0 = 0.00030704
Hl_0_0_l_0_0_0_0 = 0.000267518
Hl_0_0_l_0_0_0_0_0 = 0.00023279
Hl_0_0_l_0_0_0_0_0_0 = 0.000209391
Hl_0_0_l_0_0_0_0_0_0_0 = 0.000187968
Hl_0_0_l_0_0_0_0_0_0_0_0 = 0.000172423
Hl_0_0_l_0_0_0_0_0_0_0_0_0 = 0.000157807
Hl_0_0_l_0_0_0_0_0_0_0_0_0_0 = 0.000146705
Hl_0_0_l_0_0_0_0_0_0_0_0_0_0_0 = 0.000136069
Hl_0_0_l_0_0_0_0_0_0_0_0_0_0_0_0 = 0.000127734
Hl_0_0_l_0_0_0_0_0_0_0_0_0_0_0_0_0 = 0.000119635
Hl_0_0_l_0_0_0_0_0_0_0_0_0_0_0_0_0_0 = 0.000113143
Hl_0_0_l_0_0_0_0_0_0_0_0_0_0_0_0_0_0_0 = 0.000106766
Hl_0_0_l_0_0_0_0_0_0_0_0_0_0_0_0_0_0_0_0 = 0.000101563
Hl_0_0_l_0_0_0_0_0_0_0_0_0_0_0_0_0_0_0_0_0 = 9.64092e-05
Hl_0_0_l_0_0_0_0_0_0_0_0_0_0_0_0_0_0_0_0_0_0 = 9.2142e-05
Hl_0_0_l_0_0_0_0_0_0_0_0_0_0_0_0_0_0_0_0_0_0_0 = 8.79224e-05
Hl_0_0_l_0_0_0_0_0_0_0_0_0_0_0_0_0_0_0_0_0_0_0_0 = 8.4023e-05
Hr_0_0 = 0.00101213
I = 1
pi2_0_0_0_0 = 6.98688e-07
pi2_0_0_0_0_l_0 = 4.6357e-07
pi2_0_0_0_0_l_0_0 = 3.79475e-07
pi2_0_0_0_0_l_0_0_0 = 3.10771e-07
pi2_0_0_0_0_l_0_0_0_0 = 2.70769e-07
pi2_0_0_0_0_l_0_0_0_0_0 = 2.35618e-07
pi2_0_0_0_0_l_0_0_0_0_0_0 = 2.11935e-07
pi2_0_0_0_0_l_0_0_0_0_0_0_0 = 1.90252e-07
pi2_0_0_0_0_l_0_0_0_0_0_0_0_0 = 1.74518e-07
pi2_0_0_0_0_l_0_0_0_0_0_0_0_0_0 = 1.59724e-07
pi2_0_0_0_0_l_0_0_0_0_0_0_0_0_0_0 = 1.48488e-07
pi2_0_0_0_0_l_0_0_0_0_0_0_0_0_0_0_0 = 1.37722e-07
pi2_0_0_0_0_l_0_0_0_0_0_0_0_0_0_0_0_0 = 1.29286e-07
pi2_0_0_0_0_l_0_0_0_0_0_0_0_0_0_0_0_0_0 = 1.21089e-07
pi2_0_0_0_0_l_0_0_0_0_0_0_0_0_0_0_0_0_0_0 = 1.14517e-07
pi2_0_0_0_0_l_0_0_0_0_0_0_0_0_0_0_0_0_0_0_0 = 1.08063e-07
pi2_0_0_0_0_l_0_0_0_0_0_0_0_0_0_0_0_0_0_0_0_0 = 1.02797e-07
pi2_0_0_0_0_l_0_0_0_0_0_0_0_0_0_0_0_0_0_0_0_0_0 = 9.75803e-08
pi2_0_0_0_0_l_0_0_0_0_0_0_0_0_0_0_0_0_0_0_0_0_0_0 = 9.32613e-08
pi2_0_0_0_0_l_0_0_0_0_0_0_0_0_0_0_0_0_0_0_0_0_0_0_0 = 8.89903e-08
pi2_0_0_0_0_l_0_0_0_0_0_0_0_0_0_0_0_0_0_0_0_0_0_0_0_0 = 8.50436e-08
