DD_0_0 = 1.69957e-07
DD_0_0_l_0 = 1.16358e-07
DD_0_0_l_0_0 = 8.58457e-08
Dr_0_0 = 3.26696e-09
Dr_0_0_l_0 = 5.45705e-09
Dr_0_0_l_0_0 = 6.59714e-09
Dr_0_0_l_0_0_0 = 6.44611e-09
Hl_0_0 = 0.0068378
Hl_0_0_l_0 = 0.00472004
Hl_0_0_l_0_0 = 0.00351557
Hr_0_0 = 0.0101213
I = 1
pi2_0_0_0_0 = 6.92094e-05
pi2_0_0_0_0_l_0 = 4.77741e-05
pi2_0_0_0_0_l_0_0 = 3.55829e-05
