DD_0_0 = 1.71622e-07
DD_0_0_l_0 = 1.12787e-07
DD_0_0_l_0_0 = 9.1811e-08
DD_0_0_l_0_0_0 = 7.43152e-08
DD_0_0_l_0_0_0_0 = 6.50144e-08
DD_0_0_l_0_0_0_0_0 = 5.43009e-08
Dr_0_0 = 3.29932e-09
Dr_0_0_l_0 = 5.42894e-09
Dr_0_0_l_0_0 = 5.99507e-09
Dr_0_0_l_0_0_0 = 6.54946e-09
Dr_0_0_l_0_0_0_0 = 6.71454e-09
Dr_0_0_l_0_0_0_0_0 = 7.1635e-09
Dr_0_0_l_0_0_0_0_0_0 = 6.94487e-09
Hl_0_0 = 0.00690339
Hl_0_0_l_0 = 0.00457843
Hl_0_0_l_0_0 = 0.00375307
Hl_0_0_l_0_0_0 = 0.00306177
Hl_0_0_l_0_0_0_0 = 0.00269598
Hl_0_0_l_0_0_0_0_0 = 0.00227118
Hr_0_0 = 0.0101213
I = 1
pi2_0_0_0_0 = 6.98733e-05
pi2_0_0_0_0_l_0 = 4.63406e-05
pi2_0_0_0_0_l_0_0 = 3.79869e-05
pi2_0_0_0_0_l_0_0_0 = 3.09897e-05
pi2_0_0_0_0_l_0_0_0_0 = 2.72875e-05
pi2_0_0_0_0_l_0_0_0_0_0 = 2.29878e-05
