DD_0_0 = 1.69957e-09
DD_0_0_l_0 = 1.16358e-09
DD_0_0_l_0_0 = 8.58457e-10
Dr_0_0 = 3.26696e-11
Dr_0_0_l_0 = 5.45705e-11
Dr_0_0_l_0_0 = 6.59714e-11
Dr_0_0_l_0_0_0 = 6.44612e-11
Hl_0_0 = 0.00068378
Hl_0_0_l_0 = 0.000472004
Hl_0_0_l_0_0 = 0.000351557
Hr_0_0 = 0.00101213
I = 1
pi2_0_0_0_0 = 6.92094e-07
pi2_0_0_0_0_l_0 = 4.77741e-07
pi2_0_0_0_0_l_0_0 = 3.55829e-07
