DD_0_0 = 1.71611e-07
DD_0_0_l_0 = 1.12828e-07
DD_0_0_l_0_0 = 9.17133e-08
DD_0_0_l_0_0_0 = 7.45314e-08
DD_0_0_l_0_0_0_0 = 6.44945e-08
DD_0_0_l_0_0_0_0_0 = 5.57148e-08
DD_0_0_l_0_0_0_0_0_0 = 4.97806e-08
DD_0_0_l_0_0_0_0_0_0_0 = 4.43749e-08
DD_0_0_l_0_0_0_0_0_0_0_0 = 4.04397e-08
DD_0_0_l_0_0_0_0_0_0_0_0_0 = 3.67601e-08
DD_0_0_l_0_0_0_0_0_0_0_0_0_0 = 3.39558e-08
DD_0_0_l_0_0_0_0_0_0_0_0_0_0_0 = 3.12852e-08
DD_0_0_l_0_0_0_0_0_0_0_0_0_0_0_0 = 2.9185e-08
DD_0_0_l_0_0_0_0_0_0_0_0_0_0_0_0_0 = 2.71576e-08
DD_0_0_l_0_0_0_0_0_0_0_0_0_0_0_0_0_0 = 2.55261e-08
DD_0_0_l_0_0_0_0_0_0_0_0_0_0_0_0_0_0_0 = 2.39347e-08
DD_0_0_l_0_0_0_0_0_0_0_0_0_0_0_0_0_0_0_0 = 2.26312e-08
DD_0_0_l_0_0_0_0_0_0_0_0_0_0_0_0_0_0_0_0_0 = 2.13493e-08
DD_0_0_l_0_0_0_0_0_0_0_0_0_0_0_0_0_0_0_0_0_0 = 2.02836e-08
DD_0_0_l_0_0_0_0_0_0_0_0_0_0_0_0_0_0_0_0_0_0_0 = 1.92375e-08
DD_0_0_l_0_0_0_0_0_0_0_0_0_0_0_0_0_0_0_0_0_0_0_0 = 1.82689e-08
Dr_0_0 = 3.2991e-09
Dr_0_0_l_0 = 5.42951e-09
Dr_0_0_l_0_0 = 5.99479e-09
Dr_0_0_l_0_0_0 = 6.54778e-09
Dr_0_0_l_0_0_0_0 = 6.72642e-09
Dr_0_0_l_0_0_0_0_0 = 6.95692e-09
Dr_0_0_l_0_0_0_0_0_0 = 7.00294e-09
Dr_0_0_l_0_0_0_0_0_0_0 = 7.10594e-09
Dr_0_0_l_0_0_0_0_0_0_0_0 = 7.09325e-09
Dr_0_0_l_0_0_0_0_0_0_0_0_0 = 7.13321e-09
Dr_0_0_l_0_0_0_0_0_0_0_0_0_0 = 7.09116e-09
Dr_0_0_l_0_0_0_0_0_0_0_0_0_0_0 = 7.09615e-09
Dr_0_0_l_0_0_0_0_0_0_0_0_0_0_0_0 = 7.03857e-09
Dr_0_0_l_0_0_0_0_0_0_0_0_0_0_0_0_0 = 7.02279e-09
Dr_0_0_l_0_0_0_0_0_0_0_0_0_0_0_0_0_0 = 6.95692e-09
Dr_0_0_l_0_0_0_0_0_0_0_0_0_0_0_0_0_0_0 = 6.92831e-09
Dr_0_0_l_0_0_0_0_0_0_0_0_0_0_0_0_0_0_0_0 = 6.85822e-09
Dr_0_0_l_0_0_0_0_0_0_0_0_0_0_0_0_0_0_0_0_0 = 6.82154e-09
Dr_0_0_l_0_0_0_0_0_0_0_0_0_0_0_0_0_0_0_0_0_0 = 6.74966e-09
Dr_0_0_l_0_0_0_0_0_0_0_0_0_0_0_0_0_0_0_0_0_0_0 = 6.70743e-09
Dr_0_0_l_0_0_0_0_0_0_0_0_0_0_0_0_0_0_0_0_0_0_0_0 = 6.64256e-09
Dr_0_0_l_0_0_0_0_0_0_0_0_0_0_0_0_0_0_0_0_0_0_0_0_0 = 6.58089e-09
Hl_0_0 = 0.00690295
Hl_0_0_l_0 = 0.00458004
Hl_0_0_l_0_0 = 0.00374919
Hl_0_0_l_0_0_0 = 0.0030704
Hl_0_0_l_0_0_0_0 = 0.00267518
Hl_0_0_l_0_0_0_0_0 = 0.0023279
Hl_0_0_l_0_0_0_0_0_0 = 0.00209391
Hl_0_0_l_0_0_0_0_0_0_0 = 0.00187968
Hl_0_0_l_0_0_0_0_0_0_0_0 = 0.00172423
Hl_0_0_l_0_0_0_0_0_0_0_0_0 = 0.00157807
Hl_0_0_l_0_0_0_0_0_0_0_0_0_0 = 0.00146705
Hl_0_0_l_0_0_0_0_0_0_0_0_0_0_0 = 0.00136069
Hl_0_0_l_0_0_0_0_0_0_0_0_0_0_0_0 = 0.00127734
Hl_0_0_l_0_0_0_0_0_0_0_0_0_0_0_0_0 = 0.00119635
Hl_0_0_l_0_0_0_0_0_0_0_0_0_0_0_0_0_0 = 0.00113143
Hl_0_0_l_0_0_0_0_0_0_0_0_0_0_0_0_0_0_0 = 0.00106766
Hl_0_0_l_0_0_0_0_0_0_0_0_0_0_0_0_0_0_0_0 = 0.00101563
Hl_0_0_l_0_0_0_0_0_0_0_0_0_0_0_0_0_0_0_0_0 = 0.000964092
Hl_0_0_l_0_0_0_0_0_0_0_0_0_0_0_0_0_0_0_0_0_0 = 0.00092142
Hl_0_0_l_0_0_0_0_0_0_0_0_0_0_0_0_0_0_0_0_0_0_0 = 0.000879224
Hl_0_0_l_0_0_0_0_0_0_0_0_0_0_0_0_0_0_0_0_0_0_0_0 = 0.00084023
Hr_0_0 = 0.0101213
I = 1
pi2_0_0_0_0 = 6.98688e-05
pi2_0_0_0_0_l_0 = 4.6357e-05
pi2_0_0_0_0_l_0_0 = 3.79475e-05
pi2_0_0_0_0_l_0_0_0 = 3.10771e-05
pi2_0_0_0_0_l_0_0_0_0 = 2.70769e-05
pi2_0_0_0_0_l_0_0_0_0_0 = 2.35618e-05
pi2_0_0_0_0_l_0_0_0_0_0_0 = 2.11935e-05
pi2_0_0_0_0_l_0_0_0_0_0_0_0 = 1.90252e-05
pi2_0_0_0_0_l_0_0_0_0_0_0_0_0 = 1.74518e-05
pi2_0_0_0_0_l_0_0_0_0_0_0_0_0_0 = 1.59724e-05
pi2_0_0_0_0_l_0_0_0_0_0_0_0_0_0_0 = 1.48488e-05
pi2_0_0_0_0_l_0_0_0_0_0_0_0_0_0_0_0 = 1.37722e-05
pi2_0_0_0_0_l_0_0_0_0_0_0_0_0_0_0_0_0 = 1.29286e-05
pi2_0_0_0_0_l_0_0_0_0_0_0_0_0_0_0_0_0_0 = 1.21089e-05
pi2_0_0_0_0_l_0_0_0_0_0_0_0_0_0_0_0_0_0_0 = 1.14517e-05
pi2_0_0_0_0_l_0_0_0_0_0_0_0_0_0_0_0_0_0_0_0 = 1.08063e-05
pi2_0_0_0_0_l_0_0_0_0_0_0_0_0_0_0_0_0_0_0_0_0 = 1.02797e-05
pi2_0_0_0_0_l_0_0_0_0_0_0_0_0_0_0_0_0_0_0_0_0_0 = 9.75803e-06
pi2_0_0_0_0_l_0_0_0_0_0_0_0_0_0_0_0_0_0_0_0_0_0_0 = 9.32613e-06
pi2_0_0_0_0_l_0_0_0_0_0_0_0_0_0_0_0_0_0_0_0_0_0_0_0 = 8.89903e-06
pi2_0_0_0_0_l_0_0_0_0_0_0_0_0_0_0_0_0_0_0_0_0_0_0_0_0 = 8.50436e-06
