DD_0_0 = 1.71611e-07
DD_0_0_l_0 = 1.12828e-07
DD_0_0_l_0_0 = 9.17132e-08
DD_0_0_l_0_0_0 = 7.45314e-08
DD_0_0_l_0_0_0_0 = 6.44944e-08
DD_0_0_l_0_0_0_0_0 = 5.57152e-08
DD_0_0_l_0_0_0_0_0_0 = 4.97794e-08
DD_0_0_l_0_0_0_0_0_0_0 = 4.43793e-08
DD_0_0_l_0_0_0_0_0_0_0_0 = 4.0422e-08
DD_0_0_l_0_0_0_0_0_0_0_0_0 = 3.68401e-08
DD_0_0_l_0_0_0_0_0_0_0_0_0_0 = 3.35535e-08
Dr_0_0 = 3.2991e-09
Dr_0_0_l_0 = 5.42951e-09
Dr_0_0_l_0_0 = 5.99479e-09
Dr_0_0_l_0_0_0 = 6.54778e-09
Dr_0_0_l_0_0_0_0 = 6.72642e-09
Dr_0_0_l_0_0_0_0_0 = 6.95691e-09
Dr_0_0_l_0_0_0_0_0_0 = 7.00296e-09
Dr_0_0_l_0_0_0_0_0_0_0 = 7.10586e-09
Dr_0_0_l_0_0_0_0_0_0_0_0 = 7.09366e-09
Dr_0_0_l_0_0_0_0_0_0_0_0_0 = 7.12976e-09
Dr_0_0_l_0_0_0_0_0_0_0_0_0_0 = 7.14367e-09
Dr_0_0_l_0_0_0_0_0_0_0_0_0_0_0 = 7.06564e-09
Hl_0_0 = 0.00690295
Hl_0_0_l_0 = 0.00458004
Hl_0_0_l_0_0 = 0.00374919
Hl_0_0_l_0_0_0 = 0.0030704
Hl_0_0_l_0_0_0_0 = 0.00267517
Hl_0_0_l_0_0_0_0_0 = 0.00232791
Hl_0_0_l_0_0_0_0_0_0 = 0.00209386
Hl_0_0_l_0_0_0_0_0_0_0 = 0.00187986
Hl_0_0_l_0_0_0_0_0_0_0_0 = 0.00172352
Hl_0_0_l_0_0_0_0_0_0_0_0_0 = 0.00158131
Hl_0_0_l_0_0_0_0_0_0_0_0_0_0 = 0.00145075
Hr_0_0 = 0.0101213
I = 1
pi2_0_0_0_0 = 6.98688e-05
pi2_0_0_0_0_l_0 = 4.6357e-05
pi2_0_0_0_0_l_0_0 = 3.79475e-05
pi2_0_0_0_0_l_0_0_0 = 3.10771e-05
pi2_0_0_0_0_l_0_0_0_0 = 2.70768e-05
pi2_0_0_0_0_l_0_0_0_0_0 = 2.3562e-05
pi2_0_0_0_0_l_0_0_0_0_0_0 = 2.1193e-05
pi2_0_0_0_0_l_0_0_0_0_0_0_0 = 1.9027e-05
pi2_0_0_0_0_l_0_0_0_0_0_0_0_0 = 1.74446e-05
pi2_0_0_0_0_l_0_0_0_0_0_0_0_0_0 = 1.60053e-05
pi2_0_0_0_0_l_0_0_0_0_0_0_0_0_0_0 = 1.46837e-05
