DD_0_0 = 1.71611e-09
DD_0_0_l_0 = 1.12828e-09
DD_0_0_l_0_0 = 9.17133e-10
DD_0_0_l_0_0_0 = 7.45314e-10
DD_0_0_l_0_0_0_0 = 6.44944e-10
DD_0_0_l_0_0_0_0_0 = 5.57152e-10
DD_0_0_l_0_0_0_0_0_0 = 4.97794e-10
DD_0_0_l_0_0_0_0_0_0_0 = 4.43793e-10
DD_0_0_l_0_0_0_0_0_0_0_0 = 4.0422e-10
DD_0_0_l_0_0_0_0_0_0_0_0_0 = 3.68401e-10
DD_0_0_l_0_0_0_0_0_0_0_0_0_0 = 3.35535e-10
Dr_0_0 = 3.2991e-11
Dr_0_0_l_0 = 5.42951e-11
Dr_0_0_l_0_0 = 5.99479e-11
Dr_0_0_l_0_0_0 = 6.54778e-11
Dr_0_0_l_0_0_0_0 = 6.72642e-11
Dr_0_0_l_0_0_0_0_0 = 6.95691e-11
Dr_0_0_l_0_0_0_0_0_0 = 7.00296e-11
Dr_0_0_l_0_0_0_0_0_0_0 = 7.10586e-11
Dr_0_0_l_0_0_0_0_0_0_0_0 = 7.09366e-11
Dr_0_0_l_0_0_0_0_0_0_0_0_0 = 7.12976e-11
Dr_0_0_l_0_0_0_0_0_0_0_0_0_0 = 7.14367e-11
Dr_0_0_l_0_0_0_0_0_0_0_0_0_0_0 = 7.06564e-11
Hl_0_0 = 0.000690295
Hl_0_0_l_0 = 0.000458004
Hl_0_0_l_0_0 = 0.000374919
Hl_0_0_l_0_0_0 = 0.00030704
Hl_0_0_l_0_0_0_0 = 0.000267517
Hl_0_0_l_0_0_0_0_0 = 0.000232791
Hl_0_0_l_0_0_0_0_0_0 = 0.000209386
Hl_0_0_l_0_0_0_0_0_0_0 = 0.000187986
Hl_0_0_l_0_0_0_0_0_0_0_0 = 0.000172352
Hl_0_0_l_0_0_0_0_0_0_0_0_0 = 0.000158131
Hl_0_0_l_0_0_0_0_0_0_0_0_0_0 = 0.000145075
Hr_0_0 = 0.00101213
I = 1
pi2_0_0_0_0 = 6.98688e-07
pi2_0_0_0_0_l_0 = 4.6357e-07
pi2_0_0_0_0_l_0_0 = 3.79475e-07
pi2_0_0_0_0_l_0_0_0 = 3.10771e-07
pi2_0_0_0_0_l_0_0_0_0 = 2.70768e-07
pi2_0_0_0_0_l_0_0_0_0_0 = 2.3562e-07
pi2_0_0_0_0_l_0_0_0_0_0_0 = 2.1193e-07
pi2_0_0_0_0_l_0_0_0_0_0_0_0 = 1.9027e-07
pi2_0_0_0_0_l_0_0_0_0_0_0_0_0 = 1.74446e-07
pi2_0_0_0_0_l_0_0_0_0_0_0_0_0_0 = 1.60053e-07
pi2_0_0_0_0_l_0_0_0_0_0_0_0_0_0_0 = 1.46837e-07
