DD_0_0 = 1.65152e-07
DD_0_0_l_0 = 2.39799e-07
DD_0_0_l_0_0 = 1.94568e-07
DD_0_0_l_0_0_0 = 1.97688e-07
DD_0_0_l_0_0_0_0 = 1.70237e-07
DD_0_0_l_0_0_0_0_0 = 1.66268e-07
DD_0_0_l_0_0_0_0_0_0 = 1.46797e-07
DD_0_0_l_0_0_0_0_0_0_0 = 1.42018e-07
DD_0_0_l_0_0_0_0_0_0_0_0 = 1.27167e-07
DD_0_0_l_0_0_0_0_0_0_0_0_0 = 1.2285e-07
DD_0_0_l_0_0_0_0_0_0_0_0_0_0 = 1.10996e-07
DD_0_0_l_0_0_0_0_0_0_0_0_0_0_0 = 1.07416e-07
DD_0_0_l_0_0_0_0_0_0_0_0_0_0_0_0 = 9.76207e-08
DD_0_0_l_0_0_0_0_0_0_0_0_0_0_0_0_0 = 9.47982e-08
DD_0_0_l_0_0_0_0_0_0_0_0_0_0_0_0_0_0 = 8.64569e-08
DD_0_0_l_0_0_0_0_0_0_0_0_0_0_0_0_0_0_0 = 8.43566e-08
DD_0_0_l_0_0_0_0_0_0_0_0_0_0_0_0_0_0_0_0 = 7.70393e-08
DD_0_0_l_0_0_0_0_0_0_0_0_0_0_0_0_0_0_0_0_0 = 7.56314e-08
DD_0_0_l_0_0_0_0_0_0_0_0_0_0_0_0_0_0_0_0_0_0 = 6.90044e-08
DD_0_0_l_0_0_0_0_0_0_0_0_0_0_0_0_0_0_0_0_0_0_0 = 6.829e-08
DD_0_0_l_0_0_0_0_0_0_0_0_0_0_0_0_0_0_0_0_0_0_0_0 = 6.20647e-08
Dr_0_0 = 1.031e-07
Dr_0_0_l_0 = 3.17686e-07
Dr_0_0_l_0_0 = 3.14928e-07
Dr_0_0_l_0_0_0 = 3.34252e-07
Dr_0_0_l_0_0_0_0 = 3.26555e-07
Dr_0_0_l_0_0_0_0_0 = 3.22894e-07
Dr_0_0_l_0_0_0_0_0_0 = 3.14135e-07
Dr_0_0_l_0_0_0_0_0_0_0 = 3.05047e-07
Dr_0_0_l_0_0_0_0_0_0_0_0 = 2.96325e-07
Dr_0_0_l_0_0_0_0_0_0_0_0_0 = 2.86088e-07
Dr_0_0_l_0_0_0_0_0_0_0_0_0_0 = 2.77728e-07
Dr_0_0_l_0_0_0_0_0_0_0_0_0_0_0 = 2.67769e-07
Dr_0_0_l_0_0_0_0_0_0_0_0_0_0_0_0 = 2.59797e-07
Dr_0_0_l_0_0_0_0_0_0_0_0_0_0_0_0_0 = 2.50703e-07
Dr_0_0_l_0_0_0_0_0_0_0_0_0_0_0_0_0_0 = 2.42985e-07
Dr_0_0_l_0_0_0_0_0_0_0_0_0_0_0_0_0_0_0 = 2.35093e-07
Dr_0_0_l_0_0_0_0_0_0_0_0_0_0_0_0_0_0_0_0 = 2.27355e-07
Dr_0_0_l_0_0_0_0_0_0_0_0_0_0_0_0_0_0_0_0_0 = 2.21004e-07
Dr_0_0_l_0_0_0_0_0_0_0_0_0_0_0_0_0_0_0_0_0_0 = 2.12771e-07
Dr_0_0_l_0_0_0_0_0_0_0_0_0_0_0_0_0_0_0_0_0_0_0 = 2.08506e-07
Dr_0_0_l_0_0_0_0_0_0_0_0_0_0_0_0_0_0_0_0_0_0_0_0 = 1.98936e-07
Dr_0_0_l_0_0_0_0_0_0_0_0_0_0_0_0_0_0_0_0_0_0_0_0_0 = 1.91881e-07
Hl_0_0 = 0.000969625
Hl_0_0_l_0 = 0.00095167
Hl_0_0_l_0_0 = 0.000894815
Hl_0_0_l_0_0_0 = 0.000865915
Hl_0_0_l_0_0_0_0 = 0.000820851
Hl_0_0_l_0_0_0_0_0 = 0.000794907
Hl_0_0_l_0_0_0_0_0_0 = 0.000757287
Hl_0_0_l_0_0_0_0_0_0_0 = 0.000735052
Hl_0_0_l_0_0_0_0_0_0_0_0 = 0.000702689
Hl_0_0_l_0_0_0_0_0_0_0_0_0 = 0.000683875
Hl_0_0_l_0_0_0_0_0_0_0_0_0_0 = 0.000655371
Hl_0_0_l_0_0_0_0_0_0_0_0_0_0_0 = 0.000639615
Hl_0_0_l_0_0_0_0_0_0_0_0_0_0_0_0 = 0.000613949
Hl_0_0_l_0_0_0_0_0_0_0_0_0_0_0_0_0 = 0.000600986
Hl_0_0_l_0_0_0_0_0_0_0_0_0_0_0_0_0_0 = 0.000577325
Hl_0_0_l_0_0_0_0_0_0_0_0_0_0_0_0_0_0_0 = 0.000567044
Hl_0_0_l_0_0_0_0_0_0_0_0_0_0_0_0_0_0_0_0 = 0.000544603
Hl_0_0_l_0_0_0_0_0_0_0_0_0_0_0_0_0_0_0_0_0 = 0.00053711
Hl_0_0_l_0_0_0_0_0_0_0_0_0_0_0_0_0_0_0_0_0_0 = 0.000515013
Hl_0_0_l_0_0_0_0_0_0_0_0_0_0_0_0_0_0_0_0_0_0_0 = 0.000510747
Hl_0_0_l_0_0_0_0_0_0_0_0_0_0_0_0_0_0_0_0_0_0_0_0 = 0.000487803
Hr_0_0 = 0.0101183
I = 1
pi2_0_0_0_0 = 9.90703e-06
pi2_0_0_0_0_l_0 = 9.68077e-06
pi2_0_0_0_0_l_0_0 = 9.09285e-06
pi2_0_0_0_0_l_0_0_0 = 8.79139e-06
pi2_0_0_0_0_l_0_0_0_0 = 8.33006e-06
pi2_0_0_0_0_l_0_0_0_0_0 = 8.06353e-06
pi2_0_0_0_0_l_0_0_0_0_0_0 = 7.67995e-06
pi2_0_0_0_0_l_0_0_0_0_0_0_0 = 7.45263e-06
pi2_0_0_0_0_l_0_0_0_0_0_0_0_0 = 7.12336e-06
pi2_0_0_0_0_l_0_0_0_0_0_0_0_0_0 = 6.93143e-06
pi2_0_0_0_0_l_0_0_0_0_0_0_0_0_0_0 = 6.64182e-06
pi2_0_0_0_0_l_0_0_0_0_0_0_0_0_0_0_0 = 6.48126e-06
pi2_0_0_0_0_l_0_0_0_0_0_0_0_0_0_0_0_0 = 6.22074e-06
pi2_0_0_0_0_l_0_0_0_0_0_0_0_0_0_0_0_0_0 = 6.08869e-06
pi2_0_0_0_0_l_0_0_0_0_0_0_0_0_0_0_0_0_0_0 = 5.84871e-06
pi2_0_0_0_0_l_0_0_0_0_0_0_0_0_0_0_0_0_0_0_0 = 5.74397e-06
pi2_0_0_0_0_l_0_0_0_0_0_0_0_0_0_0_0_0_0_0_0_0 = 5.5165e-06
pi2_0_0_0_0_l_0_0_0_0_0_0_0_0_0_0_0_0_0_0_0_0_0 = 5.44009e-06
pi2_0_0_0_0_l_0_0_0_0_0_0_0_0_0_0_0_0_0_0_0_0_0_0 = 5.21621e-06
pi2_0_0_0_0_l_0_0_0_0_0_0_0_0_0_0_0_0_0_0_0_0_0_0_0 = 5.17257e-06
pi2_0_0_0_0_l_0_0_0_0_0_0_0_0_0_0_0_0_0_0_0_0_0_0_0_0 = 4.94e-06
