DD_0_0 = 5.80581e-07
DD_0_0_l_0 = 2.43236e-07
DD_0_0_l_0_0 = 2.80134e-07
DD_0_0_l_0_0_0 = 1.98986e-07
DD_0_0_l_0_0_0_0 = 2.0735e-07
DD_0_0_l_0_0_0_0_0 = 1.66906e-07
Dr_0_0 = 1.56576e-06
Dr_0_0_l_0 = 8.20307e-07
Dr_0_0_l_0_0 = 7.5022e-07
Dr_0_0_l_0_0_0 = 6.02948e-07
Dr_0_0_l_0_0_0_0 = 5.65371e-07
Dr_0_0_l_0_0_0_0_0 = 4.95798e-07
Dr_0_0_l_0_0_0_0_0_0 = 4.39632e-07
Hl_0_0 = 0.00114746
Hl_0_0_l_0 = 0.000942539
Hl_0_0_l_0_0 = 0.000954865
Hl_0_0_l_0_0_0 = 0.000856692
Hl_0_0_l_0_0_0_0 = 0.000858111
Hl_0_0_l_0_0_0_0_0 = 0.000785399
Hr_0_0 = 0.0101114
I = 1
pi2_0_0_0_0 = 1.13178e-05
pi2_0_0_0_0_l_0 = 9.42051e-06
pi2_0_0_0_0_l_0_0 = 9.55682e-06
pi2_0_0_0_0_l_0_0_0 = 8.60894e-06
pi2_0_0_0_0_l_0_0_0_0 = 8.62039e-06
pi2_0_0_0_0_l_0_0_0_0_0 = 7.90737e-06
