DD_0_0 = -4.77535e-08
DD_0_0_l_0 = 2.38148e-07
DD_0_0_l_0_0 = 1.5051e-07
DD_0_0_l_0_0_0 = 1.97035e-07
DD_0_0_l_0_0_0_0 = 1.51057e-07
DD_0_0_l_0_0_0_0_0 = 1.65931e-07
DD_0_0_l_0_0_0_0_0_0 = 1.3617e-07
DD_0_0_l_0_0_0_0_0_0_0 = 1.41739e-07
DD_0_0_l_0_0_0_0_0_0_0_0 = 1.20594e-07
DD_0_0_l_0_0_0_0_0_0_0_0_0 = 1.22476e-07
DD_0_0_l_0_0_0_0_0_0_0_0_0_0 = 1.0678e-07
Dr_0_0 = -6.44328e-07
Dr_0_0_l_0 = 4.88435e-08
Dr_0_0_l_0_0 = 9.18937e-08
Dr_0_0_l_0_0_0 = 1.88404e-07
Dr_0_0_l_0_0_0_0 = 2.04429e-07
Dr_0_0_l_0_0_0_0_0 = 2.27638e-07
Dr_0_0_l_0_0_0_0_0_0 = 2.33539e-07
Dr_0_0_l_0_0_0_0_0_0_0 = 2.36843e-07
Dr_0_0_l_0_0_0_0_0_0_0_0 = 2.37817e-07
Dr_0_0_l_0_0_0_0_0_0_0_0_0 = 2.34517e-07
Dr_0_0_l_0_0_0_0_0_0_0_0_0_0 = 2.32619e-07
Dr_0_0_l_0_0_0_0_0_0_0_0_0_0_0 = 2.2496e-07
Hl_0_0 = 0.000884616
Hl_0_0_l_0 = 0.000955283
Hl_0_0_l_0_0 = 0.000865937
Hl_0_0_l_0_0_0 = 0.000869819
Hl_0_0_l_0_0_0_0 = 0.0008029
Hl_0_0_l_0_0_0_0_0 = 0.000799068
Hl_0_0_l_0_0_0_0_0_0 = 0.000743746
Hl_0_0_l_0_0_0_0_0_0_0 = 0.000739526
Hl_0_0_l_0_0_0_0_0_0_0_0 = 0.000691323
Hl_0_0_l_0_0_0_0_0_0_0_0_0 = 0.000688766
Hl_0_0_l_0_0_0_0_0_0_0_0_0_0 = 0.00064508
Hr_0_0 = 0.010122
I = 1
pi2_0_0_0_0 = 9.22096e-06
pi2_0_0_0_0_l_0 = 9.81282e-06
pi2_0_0_0_0_l_0_0 = 8.86643e-06
pi2_0_0_0_0_l_0_0_0 = 8.88349e-06
pi2_0_0_0_0_l_0_0_0_0 = 8.18785e-06
pi2_0_0_0_0_l_0_0_0_0_0 = 8.14074e-06
pi2_0_0_0_0_l_0_0_0_0_0_0 = 7.57023e-06
pi2_0_0_0_0_l_0_0_0_0_0_0_0 = 7.52374e-06
pi2_0_0_0_0_l_0_0_0_0_0_0_0_0 = 7.0287e-06
pi2_0_0_0_0_l_0_0_0_0_0_0_0_0_0 = 7.00116e-06
pi2_0_0_0_0_l_0_0_0_0_0_0_0_0_0_0 = 6.55345e-06
