DD_0_0 = 1.11574e-07
DD_0_0_l_0 = 2.21745e-07
DD_0_0_l_0_0 = 1.87518e-07
Dr_0_0 = 9.68525e-08
Dr_0_0_l_0 = 2.05316e-07
Dr_0_0_l_0_0 = 3.03406e-07
Dr_0_0_l_0_0_0 = 3.0909e-07
Hl_0_0 = 0.000895192
Hl_0_0_l_0 = 0.000955384
Hl_0_0_l_0_0 = 0.000869678
Hr_0_0 = 0.01012
I = 1
pi2_0_0_0_0 = 9.09793e-06
pi2_0_0_0_0_l_0 = 9.72616e-06
pi2_0_0_0_0_l_0_0 = 8.83397e-06
