DD_0_0 = 1.93253e-07
DD_0_0_l_0 = 6.85196e-08
DD_0_0_l_0_0 = 5.08792e-08
DD_0_0_l_0_0_0 = 3.05766e-08
DD_0_0_l_0_0_0_0 = 2.46218e-08
DD_0_0_l_0_0_0_0_0 = 1.73492e-08
DD_0_0_l_0_0_0_0_0_0 = 1.4629e-08
DD_0_0_l_0_0_0_0_0_0_0 = 1.11718e-08
DD_0_0_l_0_0_0_0_0_0_0_0 = 9.70562e-09
DD_0_0_l_0_0_0_0_0_0_0_0_0 = 7.78739e-09
DD_0_0_l_0_0_0_0_0_0_0_0_0_0 = 6.90868e-09
Dr_0_0 = 5.75669e-18
Dr_0_0_l_0 = 9.22025e-08
Dr_0_0_l_0_0 = 5.02099e-08
Dr_0_0_l_0_0_0 = 5.95219e-08
Dr_0_0_l_0_0_0_0 = 4.02006e-08
Dr_0_0_l_0_0_0_0_0 = 4.23954e-08
Dr_0_0_l_0_0_0_0_0_0 = 3.13692e-08
Dr_0_0_l_0_0_0_0_0_0_0 = 3.21014e-08
Dr_0_0_l_0_0_0_0_0_0_0_0 = 2.50289e-08
Dr_0_0_l_0_0_0_0_0_0_0_0_0 = 2.53467e-08
Dr_0_0_l_0_0_0_0_0_0_0_0_0_0 = 2.04568e-08
Dr_0_0_l_0_0_0_0_0_0_0_0_0_0_0 = 2.06348e-08
Hl_0_0 = 0.00101213
Hl_0_0_l_0 = 0.000567479
Hl_0_0_l_0_0 = 0.000462527
Hl_0_0_l_0_0_0 = 0.00035723
Hl_0_0_l_0_0_0_0 = 0.000310939
Hl_0_0_l_0_0_0_0_0 = 0.000261859
Hl_0_0_l_0_0_0_0_0_0 = 0.000235676
Hl_0_0_l_0_0_0_0_0_0_0 = 0.000206998
Hl_0_0_l_0_0_0_0_0_0_0_0 = 0.000190131
Hl_0_0_l_0_0_0_0_0_0_0_0_0 = 0.000171255
Hl_0_0_l_0_0_0_0_0_0_0_0_0_0 = 0.000159474
Hr_0_0 = 0.00101213
I = 1
pi2_0_0_0_0 = 1.04298e-06
pi2_0_0_0_0_l_0 = 5.83819e-07
pi2_0_0_0_0_l_0_0 = 4.72947e-07
pi2_0_0_0_0_l_0_0_0 = 3.65275e-07
pi2_0_0_0_0_l_0_0_0_0 = 3.1676e-07
pi2_0_0_0_0_l_0_0_0_0_0 = 2.66885e-07
pi2_0_0_0_0_l_0_0_0_0_0_0 = 2.39576e-07
pi2_0_0_0_0_l_0_0_0_0_0_0_0 = 2.10556e-07
pi2_0_0_0_0_l_0_0_0_0_0_0_0_0 = 1.93018e-07
pi2_0_0_0_0_l_0_0_0_0_0_0_0_0_0 = 1.73973e-07
pi2_0_0_0_0_l_0_0_0_0_0_0_0_0_0_0 = 1.6175e-07
