DD_0_0 = 1.93253e-05
DD_0_0_l_0 = 6.85196e-06
DD_0_0_l_0_0 = 5.08792e-06
Dr_0_0 = 1.19412e-18
Dr_0_0_l_0 = 9.22025e-06
Dr_0_0_l_0_0 = 5.02099e-06
Dr_0_0_l_0_0_0 = 5.95219e-06
Hl_0_0 = 0.0101213
Hl_0_0_l_0 = 0.00567479
Hl_0_0_l_0_0 = 0.00462527
Hr_0_0 = 0.0101213
I = 1
pi2_0_0_0_0 = 0.000104298
pi2_0_0_0_0_l_0 = 5.83819e-05
pi2_0_0_0_0_l_0_0 = 4.72947e-05
