DD_0_0 = 1.93253e-07
DD_0_0_l_0 = 6.85196e-08
DD_0_0_l_0_0 = 5.08792e-08
DD_0_0_l_0_0_0 = 3.05766e-08
DD_0_0_l_0_0_0_0 = 2.46218e-08
DD_0_0_l_0_0_0_0_0 = 1.73492e-08
DD_0_0_l_0_0_0_0_0_0 = 1.4629e-08
DD_0_0_l_0_0_0_0_0_0_0 = 1.11718e-08
DD_0_0_l_0_0_0_0_0_0_0_0 = 9.70562e-09
DD_0_0_l_0_0_0_0_0_0_0_0_0 = 7.78739e-09
DD_0_0_l_0_0_0_0_0_0_0_0_0_0 = 6.90868e-09
DD_0_0_l_0_0_0_0_0_0_0_0_0_0_0 = 5.73317e-09
DD_0_0_l_0_0_0_0_0_0_0_0_0_0_0_0 = 5.16594e-09
DD_0_0_l_0_0_0_0_0_0_0_0_0_0_0_0_0 = 4.39349e-09
DD_0_0_l_0_0_0_0_0_0_0_0_0_0_0_0_0_0 = 4.00658e-09
DD_0_0_l_0_0_0_0_0_0_0_0_0_0_0_0_0_0_0 = 3.4719e-09
DD_0_0_l_0_0_0_0_0_0_0_0_0_0_0_0_0_0_0_0 = 3.19649e-09
DD_0_0_l_0_0_0_0_0_0_0_0_0_0_0_0_0_0_0_0_0 = 2.81118e-09
DD_0_0_l_0_0_0_0_0_0_0_0_0_0_0_0_0_0_0_0_0_0 = 2.60836e-09
DD_0_0_l_0_0_0_0_0_0_0_0_0_0_0_0_0_0_0_0_0_0_0 = 2.32159e-09
DD_0_0_l_0_0_0_0_0_0_0_0_0_0_0_0_0_0_0_0_0_0_0_0 = 2.16802e-09
Dr_0_0 = -2.24416e-16
Dr_0_0_l_0 = 9.22025e-08
Dr_0_0_l_0_0 = 5.02099e-08
Dr_0_0_l_0_0_0 = 5.95219e-08
Dr_0_0_l_0_0_0_0 = 4.02006e-08
Dr_0_0_l_0_0_0_0_0 = 4.23954e-08
Dr_0_0_l_0_0_0_0_0_0 = 3.13692e-08
Dr_0_0_l_0_0_0_0_0_0_0 = 3.21014e-08
Dr_0_0_l_0_0_0_0_0_0_0_0 = 2.50289e-08
Dr_0_0_l_0_0_0_0_0_0_0_0_0 = 2.53467e-08
Dr_0_0_l_0_0_0_0_0_0_0_0_0_0 = 2.04568e-08
Dr_0_0_l_0_0_0_0_0_0_0_0_0_0_0 = 2.06348e-08
Dr_0_0_l_0_0_0_0_0_0_0_0_0_0_0_0 = 1.70708e-08
Dr_0_0_l_0_0_0_0_0_0_0_0_0_0_0_0_0 = 1.71958e-08
Dr_0_0_l_0_0_0_0_0_0_0_0_0_0_0_0_0_0 = 1.44941e-08
Dr_0_0_l_0_0_0_0_0_0_0_0_0_0_0_0_0_0_0 = 1.45969e-08
Dr_0_0_l_0_0_0_0_0_0_0_0_0_0_0_0_0_0_0_0 = 1.24854e-08
Dr_0_0_l_0_0_0_0_0_0_0_0_0_0_0_0_0_0_0_0_0 = 1.25777e-08
Dr_0_0_l_0_0_0_0_0_0_0_0_0_0_0_0_0_0_0_0_0_0 = 1.08867e-08
Dr_0_0_l_0_0_0_0_0_0_0_0_0_0_0_0_0_0_0_0_0_0_0 = 1.0973e-08
Dr_0_0_l_0_0_0_0_0_0_0_0_0_0_0_0_0_0_0_0_0_0_0_0 = 9.59144e-09
Dr_0_0_l_0_0_0_0_0_0_0_0_0_0_0_0_0_0_0_0_0_0_0_0_0 = 9.67342e-09
Hl_0_0 = 0.00101213
Hl_0_0_l_0 = 0.000567479
Hl_0_0_l_0_0 = 0.000462527
Hl_0_0_l_0_0_0 = 0.00035723
Hl_0_0_l_0_0_0_0 = 0.000310939
Hl_0_0_l_0_0_0_0_0 = 0.000261859
Hl_0_0_l_0_0_0_0_0_0 = 0.000235676
Hl_0_0_l_0_0_0_0_0_0_0 = 0.000206998
Hl_0_0_l_0_0_0_0_0_0_0_0 = 0.000190131
Hl_0_0_l_0_0_0_0_0_0_0_0_0 = 0.000171255
Hl_0_0_l_0_0_0_0_0_0_0_0_0_0 = 0.000159474
Hl_0_0_l_0_0_0_0_0_0_0_0_0_0_0 = 0.000146086
Hl_0_0_l_0_0_0_0_0_0_0_0_0_0_0_0 = 0.000137387
Hl_0_0_l_0_0_0_0_0_0_0_0_0_0_0_0_0 = 0.00012739
Hl_0_0_l_0_0_0_0_0_0_0_0_0_0_0_0_0_0 = 0.000120703
Hl_0_0_l_0_0_0_0_0_0_0_0_0_0_0_0_0_0_0 = 0.000112948
Hl_0_0_l_0_0_0_0_0_0_0_0_0_0_0_0_0_0_0_0 = 0.000107646
Hl_0_0_l_0_0_0_0_0_0_0_0_0_0_0_0_0_0_0_0_0 = 0.000101455
Hl_0_0_l_0_0_0_0_0_0_0_0_0_0_0_0_0_0_0_0_0_0 = 9.71473e-05
Hl_0_0_l_0_0_0_0_0_0_0_0_0_0_0_0_0_0_0_0_0_0_0 = 9.20881e-05
Hl_0_0_l_0_0_0_0_0_0_0_0_0_0_0_0_0_0_0_0_0_0_0_0 = 8.85194e-05
Hr_0_0 = 0.00101213
I = 1
pi2_0_0_0_0 = 1.04298e-06
pi2_0_0_0_0_l_0 = 5.83819e-07
pi2_0_0_0_0_l_0_0 = 4.72947e-07
pi2_0_0_0_0_l_0_0_0 = 3.65275e-07
pi2_0_0_0_0_l_0_0_0_0 = 3.1676e-07
pi2_0_0_0_0_l_0_0_0_0_0 = 2.66885e-07
pi2_0_0_0_0_l_0_0_0_0_0_0 = 2.39576e-07
pi2_0_0_0_0_l_0_0_0_0_0_0_0 = 2.10556e-07
pi2_0_0_0_0_l_0_0_0_0_0_0_0_0 = 1.93018e-07
pi2_0_0_0_0_l_0_0_0_0_0_0_0_0_0 = 1.73973e-07
pi2_0_0_0_0_l_0_0_0_0_0_0_0_0_0_0 = 1.6175e-07
pi2_0_0_0_0_l_0_0_0_0_0_0_0_0_0_0_0 = 1.48271e-07
pi2_0_0_0_0_l_0_0_0_0_0_0_0_0_0_0_0_0 = 1.39261e-07
pi2_0_0_0_0_l_0_0_0_0_0_0_0_0_0_0_0_0_0 = 1.29212e-07
pi2_0_0_0_0_l_0_0_0_0_0_0_0_0_0_0_0_0_0_0 = 1.22293e-07
pi2_0_0_0_0_l_0_0_0_0_0_0_0_0_0_0_0_0_0_0_0 = 1.14509e-07
pi2_0_0_0_0_l_0_0_0_0_0_0_0_0_0_0_0_0_0_0_0_0 = 1.09028e-07
pi2_0_0_0_0_l_0_0_0_0_0_0_0_0_0_0_0_0_0_0_0_0_0 = 1.02819e-07
pi2_0_0_0_0_l_0_0_0_0_0_0_0_0_0_0_0_0_0_0_0_0_0_0 = 9.83689e-08
pi2_0_0_0_0_l_0_0_0_0_0_0_0_0_0_0_0_0_0_0_0_0_0_0_0 = 9.32995e-08
pi2_0_0_0_0_l_0_0_0_0_0_0_0_0_0_0_0_0_0_0_0_0_0_0_0_0 = 8.96148e-08
