DD_0_0 = 1.93253e-05
DD_0_0_l_0 = 6.85196e-06
DD_0_0_l_0_0 = 5.08792e-06
DD_0_0_l_0_0_0 = 3.05766e-06
DD_0_0_l_0_0_0_0 = 2.46218e-06
DD_0_0_l_0_0_0_0_0 = 1.73492e-06
DD_0_0_l_0_0_0_0_0_0 = 1.4629e-06
DD_0_0_l_0_0_0_0_0_0_0 = 1.11718e-06
DD_0_0_l_0_0_0_0_0_0_0_0 = 9.70562e-07
DD_0_0_l_0_0_0_0_0_0_0_0_0 = 7.78739e-07
DD_0_0_l_0_0_0_0_0_0_0_0_0_0 = 6.90868e-07
DD_0_0_l_0_0_0_0_0_0_0_0_0_0_0 = 5.73317e-07
DD_0_0_l_0_0_0_0_0_0_0_0_0_0_0_0 = 5.16594e-07
DD_0_0_l_0_0_0_0_0_0_0_0_0_0_0_0_0 = 4.39349e-07
DD_0_0_l_0_0_0_0_0_0_0_0_0_0_0_0_0_0 = 4.00658e-07
DD_0_0_l_0_0_0_0_0_0_0_0_0_0_0_0_0_0_0 = 3.4719e-07
DD_0_0_l_0_0_0_0_0_0_0_0_0_0_0_0_0_0_0_0 = 3.19649e-07
DD_0_0_l_0_0_0_0_0_0_0_0_0_0_0_0_0_0_0_0_0 = 2.81118e-07
DD_0_0_l_0_0_0_0_0_0_0_0_0_0_0_0_0_0_0_0_0_0 = 2.60836e-07
DD_0_0_l_0_0_0_0_0_0_0_0_0_0_0_0_0_0_0_0_0_0_0 = 2.32159e-07
DD_0_0_l_0_0_0_0_0_0_0_0_0_0_0_0_0_0_0_0_0_0_0_0 = 2.16802e-07
Dr_0_0 = -8.45356e-17
Dr_0_0_l_0 = 9.22025e-06
Dr_0_0_l_0_0 = 5.02099e-06
Dr_0_0_l_0_0_0 = 5.95219e-06
Dr_0_0_l_0_0_0_0 = 4.02006e-06
Dr_0_0_l_0_0_0_0_0 = 4.23954e-06
Dr_0_0_l_0_0_0_0_0_0 = 3.13692e-06
Dr_0_0_l_0_0_0_0_0_0_0 = 3.21014e-06
Dr_0_0_l_0_0_0_0_0_0_0_0 = 2.50289e-06
Dr_0_0_l_0_0_0_0_0_0_0_0_0 = 2.53467e-06
Dr_0_0_l_0_0_0_0_0_0_0_0_0_0 = 2.04568e-06
Dr_0_0_l_0_0_0_0_0_0_0_0_0_0_0 = 2.06348e-06
Dr_0_0_l_0_0_0_0_0_0_0_0_0_0_0_0 = 1.70708e-06
Dr_0_0_l_0_0_0_0_0_0_0_0_0_0_0_0_0 = 1.71958e-06
Dr_0_0_l_0_0_0_0_0_0_0_0_0_0_0_0_0_0 = 1.44941e-06
Dr_0_0_l_0_0_0_0_0_0_0_0_0_0_0_0_0_0_0 = 1.45969e-06
Dr_0_0_l_0_0_0_0_0_0_0_0_0_0_0_0_0_0_0_0 = 1.24854e-06
Dr_0_0_l_0_0_0_0_0_0_0_0_0_0_0_0_0_0_0_0_0 = 1.25777e-06
Dr_0_0_l_0_0_0_0_0_0_0_0_0_0_0_0_0_0_0_0_0_0 = 1.08867e-06
Dr_0_0_l_0_0_0_0_0_0_0_0_0_0_0_0_0_0_0_0_0_0_0 = 1.0973e-06
Dr_0_0_l_0_0_0_0_0_0_0_0_0_0_0_0_0_0_0_0_0_0_0_0 = 9.59144e-07
Dr_0_0_l_0_0_0_0_0_0_0_0_0_0_0_0_0_0_0_0_0_0_0_0_0 = 9.67342e-07
Hl_0_0 = 0.0101213
Hl_0_0_l_0 = 0.00567479
Hl_0_0_l_0_0 = 0.00462527
Hl_0_0_l_0_0_0 = 0.0035723
Hl_0_0_l_0_0_0_0 = 0.00310939
Hl_0_0_l_0_0_0_0_0 = 0.00261859
Hl_0_0_l_0_0_0_0_0_0 = 0.00235676
Hl_0_0_l_0_0_0_0_0_0_0 = 0.00206998
Hl_0_0_l_0_0_0_0_0_0_0_0 = 0.00190131
Hl_0_0_l_0_0_0_0_0_0_0_0_0 = 0.00171255
Hl_0_0_l_0_0_0_0_0_0_0_0_0_0 = 0.00159474
Hl_0_0_l_0_0_0_0_0_0_0_0_0_0_0 = 0.00146086
Hl_0_0_l_0_0_0_0_0_0_0_0_0_0_0_0 = 0.00137387
Hl_0_0_l_0_0_0_0_0_0_0_0_0_0_0_0_0 = 0.0012739
Hl_0_0_l_0_0_0_0_0_0_0_0_0_0_0_0_0_0 = 0.00120703
Hl_0_0_l_0_0_0_0_0_0_0_0_0_0_0_0_0_0_0 = 0.00112948
Hl_0_0_l_0_0_0_0_0_0_0_0_0_0_0_0_0_0_0_0 = 0.00107646
Hl_0_0_l_0_0_0_0_0_0_0_0_0_0_0_0_0_0_0_0_0 = 0.00101455
Hl_0_0_l_0_0_0_0_0_0_0_0_0_0_0_0_0_0_0_0_0_0 = 0.000971473
Hl_0_0_l_0_0_0_0_0_0_0_0_0_0_0_0_0_0_0_0_0_0_0 = 0.000920881
Hl_0_0_l_0_0_0_0_0_0_0_0_0_0_0_0_0_0_0_0_0_0_0_0 = 0.000885194
Hr_0_0 = 0.0101213
I = 1
pi2_0_0_0_0 = 0.000104298
pi2_0_0_0_0_l_0 = 5.83819e-05
pi2_0_0_0_0_l_0_0 = 4.72947e-05
pi2_0_0_0_0_l_0_0_0 = 3.65275e-05
pi2_0_0_0_0_l_0_0_0_0 = 3.1676e-05
pi2_0_0_0_0_l_0_0_0_0_0 = 2.66885e-05
pi2_0_0_0_0_l_0_0_0_0_0_0 = 2.39576e-05
pi2_0_0_0_0_l_0_0_0_0_0_0_0 = 2.10556e-05
pi2_0_0_0_0_l_0_0_0_0_0_0_0_0 = 1.93018e-05
pi2_0_0_0_0_l_0_0_0_0_0_0_0_0_0 = 1.73973e-05
pi2_0_0_0_0_l_0_0_0_0_0_0_0_0_0_0 = 1.6175e-05
pi2_0_0_0_0_l_0_0_0_0_0_0_0_0_0_0_0 = 1.48271e-05
pi2_0_0_0_0_l_0_0_0_0_0_0_0_0_0_0_0_0 = 1.39261e-05
pi2_0_0_0_0_l_0_0_0_0_0_0_0_0_0_0_0_0_0 = 1.29212e-05
pi2_0_0_0_0_l_0_0_0_0_0_0_0_0_0_0_0_0_0_0 = 1.22293e-05
pi2_0_0_0_0_l_0_0_0_0_0_0_0_0_0_0_0_0_0_0_0 = 1.14509e-05
pi2_0_0_0_0_l_0_0_0_0_0_0_0_0_0_0_0_0_0_0_0_0 = 1.09028e-05
pi2_0_0_0_0_l_0_0_0_0_0_0_0_0_0_0_0_0_0_0_0_0_0 = 1.02819e-05
pi2_0_0_0_0_l_0_0_0_0_0_0_0_0_0_0_0_0_0_0_0_0_0_0 = 9.83689e-06
pi2_0_0_0_0_l_0_0_0_0_0_0_0_0_0_0_0_0_0_0_0_0_0_0_0 = 9.32995e-06
pi2_0_0_0_0_l_0_0_0_0_0_0_0_0_0_0_0_0_0_0_0_0_0_0_0_0 = 8.96148e-06
