DD_0_0 = 1.93253e-05
DD_0_0_l_0 = 6.85196e-06
DD_0_0_l_0_0 = 5.08792e-06
DD_0_0_l_0_0_0 = 3.05766e-06
DD_0_0_l_0_0_0_0 = 2.46218e-06
DD_0_0_l_0_0_0_0_0 = 1.73492e-06
Dr_0_0 = -1.54015e-16
Dr_0_0_l_0 = 9.22025e-06
Dr_0_0_l_0_0 = 5.02099e-06
Dr_0_0_l_0_0_0 = 5.95219e-06
Dr_0_0_l_0_0_0_0 = 4.02006e-06
Dr_0_0_l_0_0_0_0_0 = 4.23954e-06
Dr_0_0_l_0_0_0_0_0_0 = 3.13692e-06
Hl_0_0 = 0.0101213
Hl_0_0_l_0 = 0.00567479
Hl_0_0_l_0_0 = 0.00462527
Hl_0_0_l_0_0_0 = 0.0035723
Hl_0_0_l_0_0_0_0 = 0.00310939
Hl_0_0_l_0_0_0_0_0 = 0.00261859
Hr_0_0 = 0.0101213
I = 1
pi2_0_0_0_0 = 0.000104298
pi2_0_0_0_0_l_0 = 5.83819e-05
pi2_0_0_0_0_l_0_0 = 4.72947e-05
pi2_0_0_0_0_l_0_0_0 = 3.65275e-05
pi2_0_0_0_0_l_0_0_0_0 = 3.1676e-05
pi2_0_0_0_0_l_0_0_0_0_0 = 2.66885e-05
