DD_0_0 = 5.79466e-09
DD_0_0_l_0 = 2.42994e-09
DD_0_0_l_0_0 = 2.79882e-09
DD_0_0_l_0_0_0 = 1.98872e-09
DD_0_0_l_0_0_0_0 = 2.07235e-09
DD_0_0_l_0_0_0_0_0 = 1.66845e-09
Dr_0_0 = 1.56059e-08
Dr_0_0_l_0 = 8.17791e-09
Dr_0_0_l_0_0 = 7.48064e-09
Dr_0_0_l_0_0_0 = 6.01426e-09
Dr_0_0_l_0_0_0_0 = 5.63963e-09
Dr_0_0_l_0_0_0_0_0 = 4.94721e-09
Dr_0_0_l_0_0_0_0_0_0 = 4.38755e-09
Hl_0_0 = 0.000114746
Hl_0_0_l_0 = 9.42539e-05
Hl_0_0_l_0_0 = 9.54865e-05
Hl_0_0_l_0_0_0 = 8.56692e-05
Hl_0_0_l_0_0_0_0 = 8.58111e-05
Hl_0_0_l_0_0_0_0_0 = 7.85399e-05
Hr_0_0 = 0.00101203
I = 1
pi2_0_0_0_0 = 1.1327e-07
pi2_0_0_0_0_l_0 = 9.42807e-08
pi2_0_0_0_0_l_0_0 = 9.5644e-08
pi2_0_0_0_0_l_0_0_0 = 8.61572e-08
pi2_0_0_0_0_l_0_0_0_0 = 8.62718e-08
pi2_0_0_0_0_l_0_0_0_0_0 = 7.91359e-08
