DD_0_0 = 1.65363e-07
DD_0_0_l_0 = 2.39614e-07
DD_0_0_l_0_0 = 1.9446e-07
DD_0_0_l_0_0_0 = 1.97529e-07
DD_0_0_l_0_0_0_0 = 1.70119e-07
DD_0_0_l_0_0_0_0_0 = 1.66138e-07
DD_0_0_l_0_0_0_0_0_0 = 1.46692e-07
DD_0_0_l_0_0_0_0_0_0_0 = 1.4191e-07
DD_0_0_l_0_0_0_0_0_0_0_0 = 1.27077e-07
DD_0_0_l_0_0_0_0_0_0_0_0_0 = 1.2276e-07
DD_0_0_l_0_0_0_0_0_0_0_0_0_0 = 1.1092e-07
DD_0_0_l_0_0_0_0_0_0_0_0_0_0_0 = 1.0734e-07
DD_0_0_l_0_0_0_0_0_0_0_0_0_0_0_0 = 9.75558e-08
DD_0_0_l_0_0_0_0_0_0_0_0_0_0_0_0_0 = 9.47342e-08
DD_0_0_l_0_0_0_0_0_0_0_0_0_0_0_0_0_0 = 8.64012e-08
DD_0_0_l_0_0_0_0_0_0_0_0_0_0_0_0_0_0_0 = 8.43017e-08
DD_0_0_l_0_0_0_0_0_0_0_0_0_0_0_0_0_0_0_0 = 7.69913e-08
DD_0_0_l_0_0_0_0_0_0_0_0_0_0_0_0_0_0_0_0_0 = 7.5584e-08
DD_0_0_l_0_0_0_0_0_0_0_0_0_0_0_0_0_0_0_0_0_0 = 6.89629e-08
DD_0_0_l_0_0_0_0_0_0_0_0_0_0_0_0_0_0_0_0_0_0_0 = 6.82487e-08
DD_0_0_l_0_0_0_0_0_0_0_0_0_0_0_0_0_0_0_0_0_0_0_0 = 6.20285e-08
Dr_0_0 = 1.0416e-07
Dr_0_0_l_0 = 3.17725e-07
Dr_0_0_l_0_0 = 3.14833e-07
Dr_0_0_l_0_0_0 = 3.34016e-07
Dr_0_0_l_0_0_0_0 = 3.26277e-07
Dr_0_0_l_0_0_0_0_0 = 3.22583e-07
Dr_0_0_l_0_0_0_0_0_0 = 3.13812e-07
Dr_0_0_l_0_0_0_0_0_0_0 = 3.04721e-07
Dr_0_0_l_0_0_0_0_0_0_0_0 = 2.95998e-07
Dr_0_0_l_0_0_0_0_0_0_0_0_0 = 2.85767e-07
Dr_0_0_l_0_0_0_0_0_0_0_0_0_0 = 2.77412e-07
Dr_0_0_l_0_0_0_0_0_0_0_0_0_0_0 = 2.67462e-07
Dr_0_0_l_0_0_0_0_0_0_0_0_0_0_0_0 = 2.59498e-07
Dr_0_0_l_0_0_0_0_0_0_0_0_0_0_0_0_0 = 2.50413e-07
Dr_0_0_l_0_0_0_0_0_0_0_0_0_0_0_0_0_0 = 2.42704e-07
Dr_0_0_l_0_0_0_0_0_0_0_0_0_0_0_0_0_0_0 = 2.34821e-07
Dr_0_0_l_0_0_0_0_0_0_0_0_0_0_0_0_0_0_0_0 = 2.27092e-07
Dr_0_0_l_0_0_0_0_0_0_0_0_0_0_0_0_0_0_0_0_0 = 2.20749e-07
Dr_0_0_l_0_0_0_0_0_0_0_0_0_0_0_0_0_0_0_0_0_0 = 2.12527e-07
Dr_0_0_l_0_0_0_0_0_0_0_0_0_0_0_0_0_0_0_0_0_0_0 = 2.08266e-07
Dr_0_0_l_0_0_0_0_0_0_0_0_0_0_0_0_0_0_0_0_0_0_0_0 = 1.98709e-07
Dr_0_0_l_0_0_0_0_0_0_0_0_0_0_0_0_0_0_0_0_0_0_0_0_0 = 1.91663e-07
Hl_0_0 = 0.000969625
Hl_0_0_l_0 = 0.00095167
Hl_0_0_l_0_0 = 0.000894815
Hl_0_0_l_0_0_0 = 0.000865915
Hl_0_0_l_0_0_0_0 = 0.000820851
Hl_0_0_l_0_0_0_0_0 = 0.000794907
Hl_0_0_l_0_0_0_0_0_0 = 0.000757287
Hl_0_0_l_0_0_0_0_0_0_0 = 0.000735052
Hl_0_0_l_0_0_0_0_0_0_0_0 = 0.000702689
Hl_0_0_l_0_0_0_0_0_0_0_0_0 = 0.000683875
Hl_0_0_l_0_0_0_0_0_0_0_0_0_0 = 0.000655371
Hl_0_0_l_0_0_0_0_0_0_0_0_0_0_0 = 0.000639615
Hl_0_0_l_0_0_0_0_0_0_0_0_0_0_0_0 = 0.000613949
Hl_0_0_l_0_0_0_0_0_0_0_0_0_0_0_0_0 = 0.000600986
Hl_0_0_l_0_0_0_0_0_0_0_0_0_0_0_0_0_0 = 0.000577325
Hl_0_0_l_0_0_0_0_0_0_0_0_0_0_0_0_0_0_0 = 0.000567044
Hl_0_0_l_0_0_0_0_0_0_0_0_0_0_0_0_0_0_0_0 = 0.000544603
Hl_0_0_l_0_0_0_0_0_0_0_0_0_0_0_0_0_0_0_0_0 = 0.00053711
Hl_0_0_l_0_0_0_0_0_0_0_0_0_0_0_0_0_0_0_0_0_0 = 0.000515013
Hl_0_0_l_0_0_0_0_0_0_0_0_0_0_0_0_0_0_0_0_0_0_0 = 0.000510747
Hl_0_0_l_0_0_0_0_0_0_0_0_0_0_0_0_0_0_0_0_0_0_0_0 = 0.000487803
Hr_0_0 = 0.0101183
I = 1
pi2_0_0_0_0 = 9.90664e-06
pi2_0_0_0_0_l_0 = 9.68057e-06
pi2_0_0_0_0_l_0_0 = 9.0927e-06
pi2_0_0_0_0_l_0_0_0 = 8.79128e-06
pi2_0_0_0_0_l_0_0_0_0 = 8.32997e-06
pi2_0_0_0_0_l_0_0_0_0_0 = 8.06346e-06
pi2_0_0_0_0_l_0_0_0_0_0_0 = 7.67989e-06
pi2_0_0_0_0_l_0_0_0_0_0_0_0 = 7.45258e-06
pi2_0_0_0_0_l_0_0_0_0_0_0_0_0 = 7.12331e-06
pi2_0_0_0_0_l_0_0_0_0_0_0_0_0_0 = 6.9314e-06
pi2_0_0_0_0_l_0_0_0_0_0_0_0_0_0_0 = 6.64178e-06
pi2_0_0_0_0_l_0_0_0_0_0_0_0_0_0_0_0 = 6.48123e-06
pi2_0_0_0_0_l_0_0_0_0_0_0_0_0_0_0_0_0 = 6.22072e-06
pi2_0_0_0_0_l_0_0_0_0_0_0_0_0_0_0_0_0_0 = 6.08867e-06
pi2_0_0_0_0_l_0_0_0_0_0_0_0_0_0_0_0_0_0_0 = 5.84869e-06
pi2_0_0_0_0_l_0_0_0_0_0_0_0_0_0_0_0_0_0_0_0 = 5.74395e-06
pi2_0_0_0_0_l_0_0_0_0_0_0_0_0_0_0_0_0_0_0_0_0 = 5.51649e-06
pi2_0_0_0_0_l_0_0_0_0_0_0_0_0_0_0_0_0_0_0_0_0_0 = 5.44008e-06
pi2_0_0_0_0_l_0_0_0_0_0_0_0_0_0_0_0_0_0_0_0_0_0_0 = 5.2162e-06
pi2_0_0_0_0_l_0_0_0_0_0_0_0_0_0_0_0_0_0_0_0_0_0_0_0 = 5.17255e-06
pi2_0_0_0_0_l_0_0_0_0_0_0_0_0_0_0_0_0_0_0_0_0_0_0_0_0 = 4.93999e-06
