DD_0_0 = 1.65408e-09
DD_0_0_l_0 = 2.39679e-09
DD_0_0_l_0_0 = 1.94513e-09
DD_0_0_l_0_0_0 = 1.97582e-09
DD_0_0_l_0_0_0_0 = 1.70165e-09
DD_0_0_l_0_0_0_0_0 = 1.66182e-09
DD_0_0_l_0_0_0_0_0_0 = 1.46732e-09
DD_0_0_l_0_0_0_0_0_0_0 = 1.41948e-09
DD_0_0_l_0_0_0_0_0_0_0_0 = 1.27111e-09
DD_0_0_l_0_0_0_0_0_0_0_0_0 = 1.22793e-09
DD_0_0_l_0_0_0_0_0_0_0_0_0_0 = 1.10949e-09
DD_0_0_l_0_0_0_0_0_0_0_0_0_0_0 = 1.07369e-09
DD_0_0_l_0_0_0_0_0_0_0_0_0_0_0_0 = 9.7582e-10
DD_0_0_l_0_0_0_0_0_0_0_0_0_0_0_0_0 = 9.47596e-10
DD_0_0_l_0_0_0_0_0_0_0_0_0_0_0_0_0_0 = 8.64244e-10
DD_0_0_l_0_0_0_0_0_0_0_0_0_0_0_0_0_0_0 = 8.43243e-10
DD_0_0_l_0_0_0_0_0_0_0_0_0_0_0_0_0_0_0_0 = 7.7012e-10
DD_0_0_l_0_0_0_0_0_0_0_0_0_0_0_0_0_0_0_0_0 = 7.56043e-10
DD_0_0_l_0_0_0_0_0_0_0_0_0_0_0_0_0_0_0_0_0_0 = 6.89814e-10
DD_0_0_l_0_0_0_0_0_0_0_0_0_0_0_0_0_0_0_0_0_0_0 = 6.8267e-10
DD_0_0_l_0_0_0_0_0_0_0_0_0_0_0_0_0_0_0_0_0_0_0_0 = 6.20451e-10
Dr_0_0 = 1.04193e-09
Dr_0_0_l_0 = 3.17817e-09
Dr_0_0_l_0_0 = 3.14924e-09
Dr_0_0_l_0_0_0 = 3.34112e-09
Dr_0_0_l_0_0_0_0 = 3.2637e-09
Dr_0_0_l_0_0_0_0_0 = 3.22675e-09
Dr_0_0_l_0_0_0_0_0_0 = 3.13902e-09
Dr_0_0_l_0_0_0_0_0_0_0 = 3.04807e-09
Dr_0_0_l_0_0_0_0_0_0_0_0 = 2.96082e-09
Dr_0_0_l_0_0_0_0_0_0_0_0_0 = 2.85848e-09
Dr_0_0_l_0_0_0_0_0_0_0_0_0_0 = 2.77491e-09
Dr_0_0_l_0_0_0_0_0_0_0_0_0_0_0 = 2.67538e-09
Dr_0_0_l_0_0_0_0_0_0_0_0_0_0_0_0 = 2.59571e-09
Dr_0_0_l_0_0_0_0_0_0_0_0_0_0_0_0_0 = 2.50484e-09
Dr_0_0_l_0_0_0_0_0_0_0_0_0_0_0_0_0_0 = 2.42773e-09
Dr_0_0_l_0_0_0_0_0_0_0_0_0_0_0_0_0_0_0 = 2.34887e-09
Dr_0_0_l_0_0_0_0_0_0_0_0_0_0_0_0_0_0_0_0 = 2.27156e-09
Dr_0_0_l_0_0_0_0_0_0_0_0_0_0_0_0_0_0_0_0_0 = 2.20811e-09
Dr_0_0_l_0_0_0_0_0_0_0_0_0_0_0_0_0_0_0_0_0_0 = 2.12587e-09
Dr_0_0_l_0_0_0_0_0_0_0_0_0_0_0_0_0_0_0_0_0_0_0 = 2.08324e-09
Dr_0_0_l_0_0_0_0_0_0_0_0_0_0_0_0_0_0_0_0_0_0_0_0 = 1.98765e-09
Dr_0_0_l_0_0_0_0_0_0_0_0_0_0_0_0_0_0_0_0_0_0_0_0_0 = 1.91717e-09
Hl_0_0 = 9.69625e-05
Hl_0_0_l_0 = 9.5167e-05
Hl_0_0_l_0_0 = 8.94815e-05
Hl_0_0_l_0_0_0 = 8.65915e-05
Hl_0_0_l_0_0_0_0 = 8.20851e-05
Hl_0_0_l_0_0_0_0_0 = 7.94907e-05
Hl_0_0_l_0_0_0_0_0_0 = 7.57287e-05
Hl_0_0_l_0_0_0_0_0_0_0 = 7.35052e-05
Hl_0_0_l_0_0_0_0_0_0_0_0 = 7.02689e-05
Hl_0_0_l_0_0_0_0_0_0_0_0_0 = 6.83875e-05
Hl_0_0_l_0_0_0_0_0_0_0_0_0_0 = 6.55371e-05
Hl_0_0_l_0_0_0_0_0_0_0_0_0_0_0 = 6.39615e-05
Hl_0_0_l_0_0_0_0_0_0_0_0_0_0_0_0 = 6.13949e-05
Hl_0_0_l_0_0_0_0_0_0_0_0_0_0_0_0_0 = 6.00986e-05
Hl_0_0_l_0_0_0_0_0_0_0_0_0_0_0_0_0_0 = 5.77325e-05
Hl_0_0_l_0_0_0_0_0_0_0_0_0_0_0_0_0_0_0 = 5.67044e-05
Hl_0_0_l_0_0_0_0_0_0_0_0_0_0_0_0_0_0_0_0 = 5.44603e-05
Hl_0_0_l_0_0_0_0_0_0_0_0_0_0_0_0_0_0_0_0_0 = 5.3711e-05
Hl_0_0_l_0_0_0_0_0_0_0_0_0_0_0_0_0_0_0_0_0_0 = 5.15013e-05
Hl_0_0_l_0_0_0_0_0_0_0_0_0_0_0_0_0_0_0_0_0_0_0 = 5.10747e-05
Hl_0_0_l_0_0_0_0_0_0_0_0_0_0_0_0_0_0_0_0_0_0_0_0 = 4.87803e-05
Hr_0_0 = 0.0010121
I = 1
pi2_0_0_0_0 = 9.90924e-08
pi2_0_0_0_0_l_0 = 9.68309e-08
pi2_0_0_0_0_l_0_0 = 9.09508e-08
pi2_0_0_0_0_l_0_0_0 = 8.79358e-08
pi2_0_0_0_0_l_0_0_0_0 = 8.33215e-08
pi2_0_0_0_0_l_0_0_0_0_0 = 8.06556e-08
pi2_0_0_0_0_l_0_0_0_0_0_0 = 7.6819e-08
pi2_0_0_0_0_l_0_0_0_0_0_0_0 = 7.45453e-08
pi2_0_0_0_0_l_0_0_0_0_0_0_0_0 = 7.12518e-08
pi2_0_0_0_0_l_0_0_0_0_0_0_0_0_0 = 6.93321e-08
pi2_0_0_0_0_l_0_0_0_0_0_0_0_0_0_0 = 6.64352e-08
pi2_0_0_0_0_l_0_0_0_0_0_0_0_0_0_0_0 = 6.48293e-08
pi2_0_0_0_0_l_0_0_0_0_0_0_0_0_0_0_0_0 = 6.22235e-08
pi2_0_0_0_0_l_0_0_0_0_0_0_0_0_0_0_0_0_0 = 6.09027e-08
pi2_0_0_0_0_l_0_0_0_0_0_0_0_0_0_0_0_0_0_0 = 5.85023e-08
pi2_0_0_0_0_l_0_0_0_0_0_0_0_0_0_0_0_0_0_0_0 = 5.74546e-08
pi2_0_0_0_0_l_0_0_0_0_0_0_0_0_0_0_0_0_0_0_0_0 = 5.51794e-08
pi2_0_0_0_0_l_0_0_0_0_0_0_0_0_0_0_0_0_0_0_0_0_0 = 5.44151e-08
pi2_0_0_0_0_l_0_0_0_0_0_0_0_0_0_0_0_0_0_0_0_0_0_0 = 5.21757e-08
pi2_0_0_0_0_l_0_0_0_0_0_0_0_0_0_0_0_0_0_0_0_0_0_0_0 = 5.17391e-08
pi2_0_0_0_0_l_0_0_0_0_0_0_0_0_0_0_0_0_0_0_0_0_0_0_0_0 = 4.94129e-08
