DD_0_0 = 1.75544e-08
DD_0_0_l_0 = 8.22755e-09
DD_0_0_l_0_0 = 8.58736e-09
DD_0_0_l_0_0_0 = 5.81226e-09
DD_0_0_l_0_0_0_0 = 5.84584e-09
DD_0_0_l_0_0_0_0_0 = 4.33525e-09
Dr_0_0 = 3.21239e-08
Dr_0_0_l_0 = 1.97952e-08
Dr_0_0_l_0_0 = 1.74627e-08
Dr_0_0_l_0_0_0 = 1.49814e-08
Dr_0_0_l_0_0_0_0 = 1.35133e-08
Dr_0_0_l_0_0_0_0_0 = 1.21398e-08
Dr_0_0_l_0_0_0_0_0_0 = 1.06113e-08
Hl_0_0 = 0.00022221
Hl_0_0_l_0 = 0.000176389
Hl_0_0_l_0_0 = 0.000171693
Hl_0_0_l_0_0_0 = 0.000147576
Hl_0_0_l_0_0_0_0 = 0.000145041
Hl_0_0_l_0_0_0_0_0 = 0.00012679
Hr_0_0 = 0.00101204
I = 1
pi2_0_0_0_0 = 2.22829e-07
pi2_0_0_0_0_l_0 = 1.77898e-07
pi2_0_0_0_0_l_0_0 = 1.73355e-07
pi2_0_0_0_0_l_0_0_0 = 1.49247e-07
pi2_0_0_0_0_l_0_0_0_0 = 1.46605e-07
pi2_0_0_0_0_l_0_0_0_0_0 = 1.28296e-07
