DD_0_0 = 5.79117e-07
DD_0_0_l_0 = 2.4283e-07
DD_0_0_l_0_0 = 2.79694e-07
DD_0_0_l_0_0_0 = 1.98733e-07
DD_0_0_l_0_0_0_0 = 2.0709e-07
DD_0_0_l_0_0_0_0_0 = 1.66726e-07
Dr_0_0 = 1.55975e-06
Dr_0_0_l_0 = 8.17336e-07
Dr_0_0_l_0_0 = 7.47638e-07
Dr_0_0_l_0_0_0 = 6.01071e-07
Dr_0_0_l_0_0_0_0 = 5.63628e-07
Dr_0_0_l_0_0_0_0_0 = 4.94418e-07
Dr_0_0_l_0_0_0_0_0_0 = 4.38481e-07
Hl_0_0 = 0.00114746
Hl_0_0_l_0 = 0.000942539
Hl_0_0_l_0_0 = 0.000954865
Hl_0_0_l_0_0_0 = 0.000856692
Hl_0_0_l_0_0_0_0 = 0.000858111
Hl_0_0_l_0_0_0_0_0 = 0.000785399
Hr_0_0 = 0.0101115
I = 1
pi2_0_0_0_0 = 1.1319e-05
pi2_0_0_0_0_l_0 = 9.42103e-06
pi2_0_0_0_0_l_0_0 = 9.55731e-06
pi2_0_0_0_0_l_0_0_0 = 8.60922e-06
pi2_0_0_0_0_l_0_0_0_0 = 8.62069e-06
pi2_0_0_0_0_l_0_0_0_0_0 = 7.90758e-06
