DD_0_0 = 1.11685e-07
DD_0_0_l_0 = 2.21633e-07
DD_0_0_l_0_0 = 1.87392e-07
Dr_0_0 = 9.71363e-08
Dr_0_0_l_0 = 2.0539e-07
Dr_0_0_l_0_0 = 3.03216e-07
Dr_0_0_l_0_0_0 = 3.08807e-07
Hl_0_0 = 0.000895192
Hl_0_0_l_0 = 0.000955384
Hl_0_0_l_0_0 = 0.000869678
Hr_0_0 = 0.01012
I = 1
pi2_0_0_0_0 = 9.09789e-06
pi2_0_0_0_0_l_0 = 9.72603e-06
pi2_0_0_0_0_l_0_0 = 8.8339e-06
