DD_0_0 = 1.11698e-09
DD_0_0_l_0 = 2.21658e-09
DD_0_0_l_0_0 = 1.87413e-09
Dr_0_0 = 9.71496e-10
Dr_0_0_l_0 = 2.05414e-09
Dr_0_0_l_0_0 = 3.03251e-09
Dr_0_0_l_0_0_0 = 3.08842e-09
Hl_0_0 = 8.95192e-05
Hl_0_0_l_0 = 9.55384e-05
Hl_0_0_l_0_0 = 8.69678e-05
Hr_0_0 = 0.00101212
I = 1
pi2_0_0_0_0 = 9.0989e-08
pi2_0_0_0_0_l_0 = 9.72711e-08
pi2_0_0_0_0_l_0_0 = 8.83488e-08
