DD_0_0 = 3.15124e-09
DD_0_0_l_0 = 8.3868e-09
DD_0_0_l_0_0 = 5.91706e-09
Dr_0_0 = 1.17636e-09
Dr_0_0_l_0 = 6.01154e-09
Dr_0_0_l_0_0 = 1.03479e-08
Dr_0_0_l_0_0_0 = 9.6141e-09
Hl_0_0 = 0.000170342
Hl_0_0_l_0 = 0.000183213
Hl_0_0_l_0_0 = 0.000154192
Hr_0_0 = 0.0010121
I = 1
pi2_0_0_0_0 = 1.74608e-07
pi2_0_0_0_0_l_0 = 1.88068e-07
pi2_0_0_0_0_l_0_0 = 1.57554e-07
