DD_0_0 = 1.12472e-08
DD_0_0_l_0 = 8.89307e-09
DD_0_0_l_0_0 = 7.34343e-09
DD_0_0_l_0_0_0 = 6.17706e-09
DD_0_0_l_0_0_0_0 = 5.28968e-09
DD_0_0_l_0_0_0_0_0 = 4.58438e-09
DD_0_0_l_0_0_0_0_0_0 = 4.01773e-09
DD_0_0_l_0_0_0_0_0_0_0 = 3.55186e-09
DD_0_0_l_0_0_0_0_0_0_0_0 = 3.16465e-09
DD_0_0_l_0_0_0_0_0_0_0_0_0 = 2.83883e-09
DD_0_0_l_0_0_0_0_0_0_0_0_0_0 = 2.56115e-09
DD_0_0_l_0_0_0_0_0_0_0_0_0_0_0 = 2.32375e-09
DD_0_0_l_0_0_0_0_0_0_0_0_0_0_0_0 = 2.11703e-09
DD_0_0_l_0_0_0_0_0_0_0_0_0_0_0_0_0 = 1.93877e-09
DD_0_0_l_0_0_0_0_0_0_0_0_0_0_0_0_0_0 = 1.77983e-09
DD_0_0_l_0_0_0_0_0_0_0_0_0_0_0_0_0_0_0 = 1.64344e-09
DD_0_0_l_0_0_0_0_0_0_0_0_0_0_0_0_0_0_0_0 = 1.51676e-09
DD_0_0_l_0_0_0_0_0_0_0_0_0_0_0_0_0_0_0_0_0 = 1.41305e-09
DD_0_0_l_0_0_0_0_0_0_0_0_0_0_0_0_0_0_0_0_0_0 = 1.30476e-09
DD_0_0_l_0_0_0_0_0_0_0_0_0_0_0_0_0_0_0_0_0_0_0 = 1.23517e-09
DD_0_0_l_0_0_0_0_0_0_0_0_0_0_0_0_0_0_0_0_0_0_0_0 = 1.1197e-09
Dr_0_0 = 1.77253e-08
Dr_0_0_l_0 = 1.6079e-08
Dr_0_0_l_0_0 = 1.45984e-08
Dr_0_0_l_0_0_0 = 1.33657e-08
Dr_0_0_l_0_0_0_0 = 1.2263e-08
Dr_0_0_l_0_0_0_0_0 = 1.13193e-08
Dr_0_0_l_0_0_0_0_0_0 = 1.04731e-08
Dr_0_0_l_0_0_0_0_0_0_0 = 9.73588e-09
Dr_0_0_l_0_0_0_0_0_0_0_0 = 9.07083e-09
Dr_0_0_l_0_0_0_0_0_0_0_0_0 = 8.48332e-09
Dr_0_0_l_0_0_0_0_0_0_0_0_0_0 = 7.94974e-09
Dr_0_0_l_0_0_0_0_0_0_0_0_0_0_0 = 7.47327e-09
Dr_0_0_l_0_0_0_0_0_0_0_0_0_0_0_0 = 7.03745e-09
Dr_0_0_l_0_0_0_0_0_0_0_0_0_0_0_0_0 = 6.64536e-09
Dr_0_0_l_0_0_0_0_0_0_0_0_0_0_0_0_0_0 = 6.2833e-09
Dr_0_0_l_0_0_0_0_0_0_0_0_0_0_0_0_0_0_0 = 5.95767e-09
Dr_0_0_l_0_0_0_0_0_0_0_0_0_0_0_0_0_0_0_0 = 5.65023e-09
Dr_0_0_l_0_0_0_0_0_0_0_0_0_0_0_0_0_0_0_0_0 = 5.38212e-09
Dr_0_0_l_0_0_0_0_0_0_0_0_0_0_0_0_0_0_0_0_0_0 = 5.10669e-09
Dr_0_0_l_0_0_0_0_0_0_0_0_0_0_0_0_0_0_0_0_0_0_0 = 4.90826e-09
Dr_0_0_l_0_0_0_0_0_0_0_0_0_0_0_0_0_0_0_0_0_0_0_0 = 4.60565e-09
Dr_0_0_l_0_0_0_0_0_0_0_0_0_0_0_0_0_0_0_0_0_0_0_0_0 = 4.39496e-09
Hl_0_0 = 0.000201643
Hl_0_0_l_0 = 0.000180964
Hl_0_0_l_0_0 = 0.000164743
Hl_0_0_l_0_0_0 = 0.000151365
Hl_0_0_l_0_0_0_0 = 0.000140141
Hl_0_0_l_0_0_0_0_0 = 0.00013054
Hl_0_0_l_0_0_0_0_0_0 = 0.000122223
Hl_0_0_l_0_0_0_0_0_0_0 = 0.000114943
Hl_0_0_l_0_0_0_0_0_0_0_0 = 0.0001085
Hl_0_0_l_0_0_0_0_0_0_0_0_0 = 0.000102772
Hl_0_0_l_0_0_0_0_0_0_0_0_0_0 = 9.76165e-05
Hl_0_0_l_0_0_0_0_0_0_0_0_0_0_0 = 9.29861e-05
Hl_0_0_l_0_0_0_0_0_0_0_0_0_0_0_0 = 8.87546e-05
Hl_0_0_l_0_0_0_0_0_0_0_0_0_0_0_0_0 = 8.49386e-05
Hl_0_0_l_0_0_0_0_0_0_0_0_0_0_0_0_0_0 = 8.13842e-05
Hl_0_0_l_0_0_0_0_0_0_0_0_0_0_0_0_0_0_0 = 7.82075e-05
Hl_0_0_l_0_0_0_0_0_0_0_0_0_0_0_0_0_0_0_0 = 7.5134e-05
Hl_0_0_l_0_0_0_0_0_0_0_0_0_0_0_0_0_0_0_0_0 = 7.25265e-05
Hl_0_0_l_0_0_0_0_0_0_0_0_0_0_0_0_0_0_0_0_0_0 = 6.96913e-05
Hl_0_0_l_0_0_0_0_0_0_0_0_0_0_0_0_0_0_0_0_0_0_0 = 6.78161e-05
Hl_0_0_l_0_0_0_0_0_0_0_0_0_0_0_0_0_0_0_0_0_0_0_0 = 6.45836e-05
Hr_0_0 = 0.00101206
I = 1
pi2_0_0_0_0 = 2.04882e-07
pi2_0_0_0_0_l_0 = 1.83728e-07
pi2_0_0_0_0_l_0_0 = 1.67191e-07
pi2_0_0_0_0_l_0_0_0 = 1.53557e-07
pi2_0_0_0_0_l_0_0_0_0 = 1.42132e-07
pi2_0_0_0_0_l_0_0_0_0_0 = 1.32362e-07
pi2_0_0_0_0_l_0_0_0_0_0_0 = 1.23904e-07
pi2_0_0_0_0_l_0_0_0_0_0_0_0 = 1.16503e-07
pi2_0_0_0_0_l_0_0_0_0_0_0_0_0 = 1.09956e-07
pi2_0_0_0_0_l_0_0_0_0_0_0_0_0_0 = 1.04137e-07
pi2_0_0_0_0_l_0_0_0_0_0_0_0_0_0_0 = 9.89014e-08
pi2_0_0_0_0_l_0_0_0_0_0_0_0_0_0_0_0 = 9.41999e-08
pi2_0_0_0_0_l_0_0_0_0_0_0_0_0_0_0_0_0 = 8.99052e-08
pi2_0_0_0_0_l_0_0_0_0_0_0_0_0_0_0_0_0_0 = 8.6032e-08
pi2_0_0_0_0_l_0_0_0_0_0_0_0_0_0_0_0_0_0_0 = 8.24265e-08
pi2_0_0_0_0_l_0_0_0_0_0_0_0_0_0_0_0_0_0_0_0 = 7.92026e-08
pi2_0_0_0_0_l_0_0_0_0_0_0_0_0_0_0_0_0_0_0_0_0 = 7.6087e-08
pi2_0_0_0_0_l_0_0_0_0_0_0_0_0_0_0_0_0_0_0_0_0_0 = 7.34399e-08
pi2_0_0_0_0_l_0_0_0_0_0_0_0_0_0_0_0_0_0_0_0_0_0_0 = 7.05692e-08
pi2_0_0_0_0_l_0_0_0_0_0_0_0_0_0_0_0_0_0_0_0_0_0_0_0 = 6.86617e-08
pi2_0_0_0_0_l_0_0_0_0_0_0_0_0_0_0_0_0_0_0_0_0_0_0_0_0 = 6.53889e-08
