DD_0_0 = -4.669e-08
DD_0_0_l_0 = 2.38088e-07
DD_0_0_l_0_0 = 1.50569e-07
DD_0_0_l_0_0_0 = 1.96933e-07
DD_0_0_l_0_0_0_0 = 1.51007e-07
DD_0_0_l_0_0_0_0_0 = 1.65833e-07
DD_0_0_l_0_0_0_0_0_0 = 1.361e-07
DD_0_0_l_0_0_0_0_0_0_0 = 1.41653e-07
DD_0_0_l_0_0_0_0_0_0_0_0 = 1.20525e-07
DD_0_0_l_0_0_0_0_0_0_0_0_0 = 1.22402e-07
DD_0_0_l_0_0_0_0_0_0_0_0_0_0 = 1.06717e-07
Dr_0_0 = -6.39874e-07
Dr_0_0_l_0 = 5.05492e-08
Dr_0_0_l_0_0 = 9.30181e-08
Dr_0_0_l_0_0_0 = 1.89093e-07
Dr_0_0_l_0_0_0_0 = 2.04872e-07
Dr_0_0_l_0_0_0_0_0 = 2.27943e-07
Dr_0_0_l_0_0_0_0_0_0 = 2.33711e-07
Dr_0_0_l_0_0_0_0_0_0_0 = 2.36965e-07
Dr_0_0_l_0_0_0_0_0_0_0_0 = 2.37856e-07
Dr_0_0_l_0_0_0_0_0_0_0_0_0 = 2.34542e-07
Dr_0_0_l_0_0_0_0_0_0_0_0_0_0 = 2.32586e-07
Dr_0_0_l_0_0_0_0_0_0_0_0_0_0_0 = 2.24903e-07
Hl_0_0 = 0.000884616
Hl_0_0_l_0 = 0.000955283
Hl_0_0_l_0_0 = 0.000865937
Hl_0_0_l_0_0_0 = 0.000869819
Hl_0_0_l_0_0_0_0 = 0.0008029
Hl_0_0_l_0_0_0_0_0 = 0.000799068
Hl_0_0_l_0_0_0_0_0_0 = 0.000743746
Hl_0_0_l_0_0_0_0_0_0_0 = 0.000739526
Hl_0_0_l_0_0_0_0_0_0_0_0 = 0.000691323
Hl_0_0_l_0_0_0_0_0_0_0_0_0 = 0.000688766
Hl_0_0_l_0_0_0_0_0_0_0_0_0_0 = 0.00064508
Hr_0_0 = 0.010122
I = 1
pi2_0_0_0_0 = 9.21997e-06
pi2_0_0_0_0_l_0 = 9.81221e-06
pi2_0_0_0_0_l_0_0 = 8.86601e-06
pi2_0_0_0_0_l_0_0_0 = 8.88315e-06
pi2_0_0_0_0_l_0_0_0_0 = 8.18759e-06
pi2_0_0_0_0_l_0_0_0_0_0 = 8.14051e-06
pi2_0_0_0_0_l_0_0_0_0_0_0 = 7.57005e-06
pi2_0_0_0_0_l_0_0_0_0_0_0_0 = 7.52357e-06
pi2_0_0_0_0_l_0_0_0_0_0_0_0_0 = 7.02857e-06
pi2_0_0_0_0_l_0_0_0_0_0_0_0_0_0 = 7.00103e-06
pi2_0_0_0_0_l_0_0_0_0_0_0_0_0_0_0 = 6.55334e-06
