DD_0_0 = -3.64388e-08
DD_0_0_l_0 = 2.3742e-07
DD_0_0_l_0_0 = 1.51088e-07
DD_0_0_l_0_0_0 = 1.95884e-07
DD_0_0_l_0_0_0_0 = 1.50483e-07
DD_0_0_l_0_0_0_0_0 = 1.64839e-07
DD_0_0_l_0_0_0_0_0_0 = 1.35398e-07
DD_0_0_l_0_0_0_0_0_0_0 = 1.40784e-07
DD_0_0_l_0_0_0_0_0_0_0_0 = 1.19833e-07
DD_0_0_l_0_0_0_0_0_0_0_0_0 = 1.21657e-07
DD_0_0_l_0_0_0_0_0_0_0_0_0_0 = 1.06081e-07
Dr_0_0 = -5.96902e-07
Dr_0_0_l_0 = 6.67644e-08
Dr_0_0_l_0_0 = 1.03678e-07
Dr_0_0_l_0_0_0 = 1.95539e-07
Dr_0_0_l_0_0_0_0 = 2.08969e-07
Dr_0_0_l_0_0_0_0_0 = 2.30709e-07
Dr_0_0_l_0_0_0_0_0_0 = 2.3521e-07
Dr_0_0_l_0_0_0_0_0_0_0 = 2.37988e-07
Dr_0_0_l_0_0_0_0_0_0_0_0 = 2.38092e-07
Dr_0_0_l_0_0_0_0_0_0_0_0_0 = 2.34646e-07
Dr_0_0_l_0_0_0_0_0_0_0_0_0_0 = 2.32146e-07
Dr_0_0_l_0_0_0_0_0_0_0_0_0_0_0 = 2.24245e-07
Hl_0_0 = 0.000884616
Hl_0_0_l_0 = 0.000955283
Hl_0_0_l_0_0 = 0.000865937
Hl_0_0_l_0_0_0 = 0.000869819
Hl_0_0_l_0_0_0_0 = 0.0008029
Hl_0_0_l_0_0_0_0_0 = 0.000799068
Hl_0_0_l_0_0_0_0_0_0 = 0.000743746
Hl_0_0_l_0_0_0_0_0_0_0 = 0.000739526
Hl_0_0_l_0_0_0_0_0_0_0_0 = 0.000691323
Hl_0_0_l_0_0_0_0_0_0_0_0_0 = 0.000688766
Hl_0_0_l_0_0_0_0_0_0_0_0_0_0 = 0.00064508
Hr_0_0 = 0.0101219
I = 1
pi2_0_0_0_0 = 9.21027e-06
pi2_0_0_0_0_l_0 = 9.8063e-06
pi2_0_0_0_0_l_0_0 = 8.86195e-06
pi2_0_0_0_0_l_0_0_0 = 8.87984e-06
pi2_0_0_0_0_l_0_0_0_0 = 8.1851e-06
pi2_0_0_0_0_l_0_0_0_0_0 = 8.1383e-06
pi2_0_0_0_0_l_0_0_0_0_0_0 = 7.56832e-06
pi2_0_0_0_0_l_0_0_0_0_0_0_0 = 7.52195e-06
pi2_0_0_0_0_l_0_0_0_0_0_0_0_0 = 7.02728e-06
pi2_0_0_0_0_l_0_0_0_0_0_0_0_0_0 = 6.99976e-06
pi2_0_0_0_0_l_0_0_0_0_0_0_0_0_0_0 = 6.55233e-06
