DD_0_0 = 1.09729e-08
DD_0_0_l_0 = 8.70387e-09
DD_0_0_l_0_0 = 7.19817e-09
DD_0_0_l_0_0_0 = 6.06337e-09
DD_0_0_l_0_0_0_0 = 5.19759e-09
DD_0_0_l_0_0_0_0_0 = 4.50884e-09
DD_0_0_l_0_0_0_0_0_0 = 3.95453e-09
DD_0_0_l_0_0_0_0_0_0_0 = 3.49849e-09
DD_0_0_l_0_0_0_0_0_0_0_0 = 3.11898e-09
DD_0_0_l_0_0_0_0_0_0_0_0_0 = 2.79946e-09
DD_0_0_l_0_0_0_0_0_0_0_0_0_0 = 2.52689e-09
DD_0_0_l_0_0_0_0_0_0_0_0_0_0_0 = 2.29375e-09
DD_0_0_l_0_0_0_0_0_0_0_0_0_0_0_0 = 2.09058e-09
DD_0_0_l_0_0_0_0_0_0_0_0_0_0_0_0_0 = 1.91532e-09
DD_0_0_l_0_0_0_0_0_0_0_0_0_0_0_0_0_0 = 1.75894e-09
DD_0_0_l_0_0_0_0_0_0_0_0_0_0_0_0_0_0_0 = 1.62471e-09
DD_0_0_l_0_0_0_0_0_0_0_0_0_0_0_0_0_0_0_0 = 1.49995e-09
DD_0_0_l_0_0_0_0_0_0_0_0_0_0_0_0_0_0_0_0_0 = 1.39781e-09
DD_0_0_l_0_0_0_0_0_0_0_0_0_0_0_0_0_0_0_0_0_0 = 1.29106e-09
DD_0_0_l_0_0_0_0_0_0_0_0_0_0_0_0_0_0_0_0_0_0_0 = 1.22249e-09
DD_0_0_l_0_0_0_0_0_0_0_0_0_0_0_0_0_0_0_0_0_0_0_0 = 1.1086e-09
Dr_0_0 = 1.69578e-08
Dr_0_0_l_0 = 1.54299e-08
Dr_0_0_l_0_0 = 1.40445e-08
Dr_0_0_l_0_0_0 = 1.28806e-08
Dr_0_0_l_0_0_0_0 = 1.18364e-08
Dr_0_0_l_0_0_0_0_0 = 1.09384e-08
Dr_0_0_l_0_0_0_0_0_0 = 1.01322e-08
Dr_0_0_l_0_0_0_0_0_0_0 = 9.42729e-09
Dr_0_0_l_0_0_0_0_0_0_0_0 = 8.791e-09
Dr_0_0_l_0_0_0_0_0_0_0_0_0 = 8.22741e-09
Dr_0_0_l_0_0_0_0_0_0_0_0_0_0 = 7.7154e-09
Dr_0_0_l_0_0_0_0_0_0_0_0_0_0_0 = 7.25717e-09
Dr_0_0_l_0_0_0_0_0_0_0_0_0_0_0_0 = 6.83802e-09
Dr_0_0_l_0_0_0_0_0_0_0_0_0_0_0_0_0 = 6.46019e-09
Dr_0_0_l_0_0_0_0_0_0_0_0_0_0_0_0_0_0 = 6.11136e-09
Dr_0_0_l_0_0_0_0_0_0_0_0_0_0_0_0_0_0_0 = 5.79702e-09
Dr_0_0_l_0_0_0_0_0_0_0_0_0_0_0_0_0_0_0_0 = 5.50041e-09
Dr_0_0_l_0_0_0_0_0_0_0_0_0_0_0_0_0_0_0_0_0 = 5.24117e-09
Dr_0_0_l_0_0_0_0_0_0_0_0_0_0_0_0_0_0_0_0_0_0 = 4.97518e-09
Dr_0_0_l_0_0_0_0_0_0_0_0_0_0_0_0_0_0_0_0_0_0_0 = 4.78294e-09
Dr_0_0_l_0_0_0_0_0_0_0_0_0_0_0_0_0_0_0_0_0_0_0_0 = 4.49045e-09
Dr_0_0_l_0_0_0_0_0_0_0_0_0_0_0_0_0_0_0_0_0_0_0_0_0 = 4.28615e-09
Hl_0_0 = 0.000201643
Hl_0_0_l_0 = 0.000180964
Hl_0_0_l_0_0 = 0.000164743
Hl_0_0_l_0_0_0 = 0.000151365
Hl_0_0_l_0_0_0_0 = 0.000140141
Hl_0_0_l_0_0_0_0_0 = 0.00013054
Hl_0_0_l_0_0_0_0_0_0 = 0.000122223
Hl_0_0_l_0_0_0_0_0_0_0 = 0.000114943
Hl_0_0_l_0_0_0_0_0_0_0_0 = 0.0001085
Hl_0_0_l_0_0_0_0_0_0_0_0_0 = 0.000102772
Hl_0_0_l_0_0_0_0_0_0_0_0_0_0 = 9.76165e-05
Hl_0_0_l_0_0_0_0_0_0_0_0_0_0_0 = 9.29861e-05
Hl_0_0_l_0_0_0_0_0_0_0_0_0_0_0_0 = 8.87546e-05
Hl_0_0_l_0_0_0_0_0_0_0_0_0_0_0_0_0 = 8.49386e-05
Hl_0_0_l_0_0_0_0_0_0_0_0_0_0_0_0_0_0 = 8.13842e-05
Hl_0_0_l_0_0_0_0_0_0_0_0_0_0_0_0_0_0_0 = 7.82075e-05
Hl_0_0_l_0_0_0_0_0_0_0_0_0_0_0_0_0_0_0_0 = 7.5134e-05
Hl_0_0_l_0_0_0_0_0_0_0_0_0_0_0_0_0_0_0_0_0 = 7.25265e-05
Hl_0_0_l_0_0_0_0_0_0_0_0_0_0_0_0_0_0_0_0_0_0 = 6.96913e-05
Hl_0_0_l_0_0_0_0_0_0_0_0_0_0_0_0_0_0_0_0_0_0_0 = 6.78161e-05
Hl_0_0_l_0_0_0_0_0_0_0_0_0_0_0_0_0_0_0_0_0_0_0_0 = 6.45836e-05
Hr_0_0 = 0.00101206
I = 1
pi2_0_0_0_0 = 2.0487e-07
pi2_0_0_0_0_l_0 = 1.83725e-07
pi2_0_0_0_0_l_0_0 = 1.67191e-07
pi2_0_0_0_0_l_0_0_0 = 1.53558e-07
pi2_0_0_0_0_l_0_0_0_0 = 1.42134e-07
pi2_0_0_0_0_l_0_0_0_0_0 = 1.32364e-07
pi2_0_0_0_0_l_0_0_0_0_0_0 = 1.23907e-07
pi2_0_0_0_0_l_0_0_0_0_0_0_0 = 1.16506e-07
pi2_0_0_0_0_l_0_0_0_0_0_0_0_0 = 1.09959e-07
pi2_0_0_0_0_l_0_0_0_0_0_0_0_0_0 = 1.0414e-07
pi2_0_0_0_0_l_0_0_0_0_0_0_0_0_0_0 = 9.89044e-08
pi2_0_0_0_0_l_0_0_0_0_0_0_0_0_0_0_0 = 9.42029e-08
pi2_0_0_0_0_l_0_0_0_0_0_0_0_0_0_0_0_0 = 8.99081e-08
pi2_0_0_0_0_l_0_0_0_0_0_0_0_0_0_0_0_0_0 = 8.60349e-08
pi2_0_0_0_0_l_0_0_0_0_0_0_0_0_0_0_0_0_0_0 = 8.24292e-08
pi2_0_0_0_0_l_0_0_0_0_0_0_0_0_0_0_0_0_0_0_0 = 7.92053e-08
pi2_0_0_0_0_l_0_0_0_0_0_0_0_0_0_0_0_0_0_0_0_0 = 7.60895e-08
pi2_0_0_0_0_l_0_0_0_0_0_0_0_0_0_0_0_0_0_0_0_0_0 = 7.34424e-08
pi2_0_0_0_0_l_0_0_0_0_0_0_0_0_0_0_0_0_0_0_0_0_0_0 = 7.05715e-08
pi2_0_0_0_0_l_0_0_0_0_0_0_0_0_0_0_0_0_0_0_0_0_0_0_0 = 6.86641e-08
pi2_0_0_0_0_l_0_0_0_0_0_0_0_0_0_0_0_0_0_0_0_0_0_0_0_0 = 6.53911e-08
