DD_0_0 = 9.20788e-09
DD_0_0_l_0 = 9.02848e-09
DD_0_0_l_0_0 = 6.82441e-09
DD_0_0_l_0_0_0 = 6.23513e-09
DD_0_0_l_0_0_0_0 = 5.01297e-09
DD_0_0_l_0_0_0_0_0 = 4.62986e-09
DD_0_0_l_0_0_0_0_0_0 = 3.82699e-09
DD_0_0_l_0_0_0_0_0_0_0 = 3.60145e-09
DD_0_0_l_0_0_0_0_0_0_0_0 = 3.00894e-09
DD_0_0_l_0_0_0_0_0_0_0_0_0 = 2.90283e-09
DD_0_0_l_0_0_0_0_0_0_0_0_0_0 = 2.41145e-09
Dr_0_0 = 1.31813e-08
Dr_0_0_l_0 = 1.47012e-08
Dr_0_0_l_0_0 = 1.34431e-08
Dr_0_0_l_0_0_0 = 1.25465e-08
Dr_0_0_l_0_0_0_0 = 1.16314e-08
Dr_0_0_l_0_0_0_0_0 = 1.07521e-08
Dr_0_0_l_0_0_0_0_0_0 = 1.00277e-08
Dr_0_0_l_0_0_0_0_0_0_0 = 9.33024e-09
Dr_0_0_l_0_0_0_0_0_0_0_0 = 8.69657e-09
Dr_0_0_l_0_0_0_0_0_0_0_0_0 = 8.21995e-09
Dr_0_0_l_0_0_0_0_0_0_0_0_0_0 = 7.56132e-09
Dr_0_0_l_0_0_0_0_0_0_0_0_0_0_0 = 6.99464e-09
Hl_0_0 = 0.000196435
Hl_0_0_l_0 = 0.000182724
Hl_0_0_l_0_0 = 0.000162888
Hl_0_0_l_0_0_0 = 0.000152682
Hl_0_0_l_0_0_0_0 = 0.000138773
Hl_0_0_l_0_0_0_0_0 = 0.000131773
Hl_0_0_l_0_0_0_0_0_0 = 0.000120907
Hl_0_0_l_0_0_0_0_0_0_0 = 0.000116293
Hl_0_0_l_0_0_0_0_0_0_0_0 = 0.000106984
Hl_0_0_l_0_0_0_0_0_0_0_0_0 = 0.000104486
Hl_0_0_l_0_0_0_0_0_0_0_0_0_0 = 9.55524e-05
Hr_0_0 = 0.00101207
I = 1
pi2_0_0_0_0 = 2.00294e-07
pi2_0_0_0_0_l_0 = 1.85785e-07
pi2_0_0_0_0_l_0_0 = 1.65485e-07
pi2_0_0_0_0_l_0_0_0 = 1.55001e-07
pi2_0_0_0_0_l_0_0_0_0 = 1.40835e-07
pi2_0_0_0_0_l_0_0_0_0_0 = 1.33665e-07
pi2_0_0_0_0_l_0_0_0_0_0_0 = 1.2263e-07
pi2_0_0_0_0_l_0_0_0_0_0_0_0 = 1.17898e-07
pi2_0_0_0_0_l_0_0_0_0_0_0_0_0 = 1.08467e-07
pi2_0_0_0_0_l_0_0_0_0_0_0_0_0_0 = 1.05887e-07
pi2_0_0_0_0_l_0_0_0_0_0_0_0_0_0_0 = 9.68317e-08
