DD_0_0 = 1.12763e-07
DD_0_0_l_0 = 2.20502e-07
DD_0_0_l_0_0 = 1.86131e-07
Dr_0_0 = 9.98816e-08
Dr_0_0_l_0 = 2.06054e-07
Dr_0_0_l_0_0 = 3.01278e-07
Dr_0_0_l_0_0_0 = 3.05975e-07
Hl_0_0 = 0.000895192
Hl_0_0_l_0 = 0.000955384
Hl_0_0_l_0_0 = 0.000869678
Hr_0_0 = 0.01012
I = 1
pi2_0_0_0_0 = 9.09743e-06
pi2_0_0_0_0_l_0 = 9.72481e-06
pi2_0_0_0_0_l_0_0 = 8.83328e-06
