DD_0_0 = 5.64871e-07
DD_0_0_l_0 = 2.38883e-07
DD_0_0_l_0_0 = 2.7539e-07
DD_0_0_l_0_0_0 = 1.96262e-07
DD_0_0_l_0_0_0_0 = 2.04549e-07
DD_0_0_l_0_0_0_0_0 = 1.64953e-07
Dr_0_0 = 1.50153e-06
Dr_0_0_l_0 = 7.88558e-07
Dr_0_0_l_0_0 = 7.22628e-07
Dr_0_0_l_0_0_0 = 5.82873e-07
Dr_0_0_l_0_0_0_0 = 5.46722e-07
Dr_0_0_l_0_0_0_0_0 = 4.81025e-07
Dr_0_0_l_0_0_0_0_0_0 = 4.27296e-07
Hl_0_0 = 0.00114746
Hl_0_0_l_0 = 0.000942539
Hl_0_0_l_0_0 = 0.000954865
Hl_0_0_l_0_0_0 = 0.000856692
Hl_0_0_l_0_0_0_0 = 0.000858111
Hl_0_0_l_0_0_0_0_0 = 0.000785399
Hr_0_0 = 0.0101118
I = 1
pi2_0_0_0_0 = 1.13309e-05
pi2_0_0_0_0_l_0 = 9.42608e-06
pi2_0_0_0_0_l_0_0 = 9.56206e-06
pi2_0_0_0_0_l_0_0_0 = 8.61201e-06
pi2_0_0_0_0_l_0_0_0_0 = 8.62366e-06
pi2_0_0_0_0_l_0_0_0_0_0 = 7.90956e-06
