DD_0_0 = 1.69246e-08
DD_0_0_l_0 = 8.03447e-09
DD_0_0_l_0_0 = 8.38518e-09
DD_0_0_l_0_0_0 = 5.6993e-09
DD_0_0_l_0_0_0_0 = 5.73255e-09
DD_0_0_l_0_0_0_0_0 = 4.26165e-09
Dr_0_0 = 3.04035e-08
Dr_0_0_l_0 = 1.88429e-08
Dr_0_0_l_0_0 = 1.66838e-08
Dr_0_0_l_0_0_0 = 1.43742e-08
Dr_0_0_l_0_0_0_0 = 1.29758e-08
Dr_0_0_l_0_0_0_0_0 = 1.17015e-08
Dr_0_0_l_0_0_0_0_0_0 = 1.02442e-08
Hl_0_0 = 0.00022221
Hl_0_0_l_0 = 0.000176389
Hl_0_0_l_0_0 = 0.000171693
Hl_0_0_l_0_0_0 = 0.000147576
Hl_0_0_l_0_0_0_0 = 0.000145041
Hl_0_0_l_0_0_0_0_0 = 0.00012679
Hr_0_0 = 0.00101204
I = 1
pi2_0_0_0_0 = 2.22986e-07
pi2_0_0_0_0_l_0 = 1.77964e-07
pi2_0_0_0_0_l_0_0 = 1.7341e-07
pi2_0_0_0_0_l_0_0_0 = 1.49276e-07
pi2_0_0_0_0_l_0_0_0_0 = 1.46638e-07
pi2_0_0_0_0_l_0_0_0_0_0 = 1.28315e-07
