DD_0_0 = 1.67341e-07
DD_0_0_l_0 = 2.37757e-07
DD_0_0_l_0_0 = 1.9337e-07
DD_0_0_l_0_0_0 = 1.95946e-07
DD_0_0_l_0_0_0_0 = 1.68936e-07
DD_0_0_l_0_0_0_0_0 = 1.64837e-07
DD_0_0_l_0_0_0_0_0_0 = 1.45647e-07
DD_0_0_l_0_0_0_0_0_0_0 = 1.40838e-07
DD_0_0_l_0_0_0_0_0_0_0_0 = 1.26185e-07
DD_0_0_l_0_0_0_0_0_0_0_0_0 = 1.21869e-07
DD_0_0_l_0_0_0_0_0_0_0_0_0_0 = 1.10162e-07
DD_0_0_l_0_0_0_0_0_0_0_0_0_0_0 = 1.06591e-07
DD_0_0_l_0_0_0_0_0_0_0_0_0_0_0_0 = 9.69104e-08
DD_0_0_l_0_0_0_0_0_0_0_0_0_0_0_0_0 = 9.40981e-08
DD_0_0_l_0_0_0_0_0_0_0_0_0_0_0_0_0_0 = 8.58484e-08
DD_0_0_l_0_0_0_0_0_0_0_0_0_0_0_0_0_0_0 = 8.37566e-08
DD_0_0_l_0_0_0_0_0_0_0_0_0_0_0_0_0_0_0_0 = 7.6515e-08
DD_0_0_l_0_0_0_0_0_0_0_0_0_0_0_0_0_0_0_0_0 = 7.51129e-08
DD_0_0_l_0_0_0_0_0_0_0_0_0_0_0_0_0_0_0_0_0_0 = 6.85499e-08
DD_0_0_l_0_0_0_0_0_0_0_0_0_0_0_0_0_0_0_0_0_0_0 = 6.78383e-08
DD_0_0_l_0_0_0_0_0_0_0_0_0_0_0_0_0_0_0_0_0_0_0_0 = 6.16686e-08
Dr_0_0 = 1.14222e-07
Dr_0_0_l_0 = 3.179e-07
Dr_0_0_l_0_0 = 3.13736e-07
Dr_0_0_l_0_0_0 = 3.31562e-07
Dr_0_0_l_0_0_0_0 = 3.23439e-07
Dr_0_0_l_0_0_0_0_0 = 3.19437e-07
Dr_0_0_l_0_0_0_0_0_0 = 3.10559e-07
Dr_0_0_l_0_0_0_0_0_0_0 = 3.0144e-07
Dr_0_0_l_0_0_0_0_0_0_0_0 = 2.92721e-07
Dr_0_0_l_0_0_0_0_0_0_0_0_0 = 2.82555e-07
Dr_0_0_l_0_0_0_0_0_0_0_0_0_0 = 2.74253e-07
Dr_0_0_l_0_0_0_0_0_0_0_0_0_0_0 = 2.64397e-07
Dr_0_0_l_0_0_0_0_0_0_0_0_0_0_0_0 = 2.5651e-07
Dr_0_0_l_0_0_0_0_0_0_0_0_0_0_0_0_0 = 2.47521e-07
Dr_0_0_l_0_0_0_0_0_0_0_0_0_0_0_0_0_0 = 2.39904e-07
Dr_0_0_l_0_0_0_0_0_0_0_0_0_0_0_0_0_0_0 = 2.32106e-07
Dr_0_0_l_0_0_0_0_0_0_0_0_0_0_0_0_0_0_0_0 = 2.24479e-07
Dr_0_0_l_0_0_0_0_0_0_0_0_0_0_0_0_0_0_0_0_0 = 2.18203e-07
Dr_0_0_l_0_0_0_0_0_0_0_0_0_0_0_0_0_0_0_0_0_0 = 2.10095e-07
Dr_0_0_l_0_0_0_0_0_0_0_0_0_0_0_0_0_0_0_0_0_0_0 = 2.05877e-07
Dr_0_0_l_0_0_0_0_0_0_0_0_0_0_0_0_0_0_0_0_0_0_0_0 = 1.96451e-07
Dr_0_0_l_0_0_0_0_0_0_0_0_0_0_0_0_0_0_0_0_0_0_0_0_0 = 1.89492e-07
Hl_0_0 = 0.000969625
Hl_0_0_l_0 = 0.00095167
Hl_0_0_l_0_0 = 0.000894815
Hl_0_0_l_0_0_0 = 0.000865915
Hl_0_0_l_0_0_0_0 = 0.000820851
Hl_0_0_l_0_0_0_0_0 = 0.000794907
Hl_0_0_l_0_0_0_0_0_0 = 0.000757287
Hl_0_0_l_0_0_0_0_0_0_0 = 0.000735052
Hl_0_0_l_0_0_0_0_0_0_0_0 = 0.000702689
Hl_0_0_l_0_0_0_0_0_0_0_0_0 = 0.000683875
Hl_0_0_l_0_0_0_0_0_0_0_0_0_0 = 0.000655371
Hl_0_0_l_0_0_0_0_0_0_0_0_0_0_0 = 0.000639615
Hl_0_0_l_0_0_0_0_0_0_0_0_0_0_0_0 = 0.000613949
Hl_0_0_l_0_0_0_0_0_0_0_0_0_0_0_0_0 = 0.000600986
Hl_0_0_l_0_0_0_0_0_0_0_0_0_0_0_0_0_0 = 0.000577325
Hl_0_0_l_0_0_0_0_0_0_0_0_0_0_0_0_0_0_0 = 0.000567044
Hl_0_0_l_0_0_0_0_0_0_0_0_0_0_0_0_0_0_0_0 = 0.000544603
Hl_0_0_l_0_0_0_0_0_0_0_0_0_0_0_0_0_0_0_0_0 = 0.00053711
Hl_0_0_l_0_0_0_0_0_0_0_0_0_0_0_0_0_0_0_0_0_0 = 0.000515013
Hl_0_0_l_0_0_0_0_0_0_0_0_0_0_0_0_0_0_0_0_0_0_0 = 0.000510747
Hl_0_0_l_0_0_0_0_0_0_0_0_0_0_0_0_0_0_0_0_0_0_0_0 = 0.000487803
Hr_0_0 = 0.0101183
I = 1
pi2_0_0_0_0 = 9.90293e-06
pi2_0_0_0_0_l_0 = 9.67855e-06
pi2_0_0_0_0_l_0_0 = 9.09125e-06
pi2_0_0_0_0_l_0_0_0 = 8.7902e-06
pi2_0_0_0_0_l_0_0_0_0 = 8.32912e-06
pi2_0_0_0_0_l_0_0_0_0_0 = 8.06276e-06
pi2_0_0_0_0_l_0_0_0_0_0_0 = 7.67931e-06
pi2_0_0_0_0_l_0_0_0_0_0_0_0 = 7.45209e-06
pi2_0_0_0_0_l_0_0_0_0_0_0_0_0 = 7.12289e-06
pi2_0_0_0_0_l_0_0_0_0_0_0_0_0_0 = 6.93103e-06
pi2_0_0_0_0_l_0_0_0_0_0_0_0_0_0_0 = 6.64147e-06
pi2_0_0_0_0_l_0_0_0_0_0_0_0_0_0_0_0 = 6.48095e-06
pi2_0_0_0_0_l_0_0_0_0_0_0_0_0_0_0_0_0 = 6.22047e-06
pi2_0_0_0_0_l_0_0_0_0_0_0_0_0_0_0_0_0_0 = 6.08845e-06
pi2_0_0_0_0_l_0_0_0_0_0_0_0_0_0_0_0_0_0_0 = 5.84849e-06
pi2_0_0_0_0_l_0_0_0_0_0_0_0_0_0_0_0_0_0_0_0 = 5.74378e-06
pi2_0_0_0_0_l_0_0_0_0_0_0_0_0_0_0_0_0_0_0_0_0 = 5.51633e-06
pi2_0_0_0_0_l_0_0_0_0_0_0_0_0_0_0_0_0_0_0_0_0_0 = 5.43993e-06
pi2_0_0_0_0_l_0_0_0_0_0_0_0_0_0_0_0_0_0_0_0_0_0_0 = 5.21607e-06
pi2_0_0_0_0_l_0_0_0_0_0_0_0_0_0_0_0_0_0_0_0_0_0_0_0 = 5.17243e-06
pi2_0_0_0_0_l_0_0_0_0_0_0_0_0_0_0_0_0_0_0_0_0_0_0_0_0 = 4.93989e-06
