DD_0_0 = 4.53438e-07
DD_0_0_l_0 = 2.07992e-07
DD_0_0_l_0_0 = 2.40521e-07
DD_0_0_l_0_0_0 = 1.75901e-07
DD_0_0_l_0_0_0_0 = 1.83411e-07
DD_0_0_l_0_0_0_0_0 = 1.49928e-07
Dr_0_0 = 1.06416e-06
Dr_0_0_l_0 = 5.72586e-07
Dr_0_0_l_0_0 = 5.34728e-07
Dr_0_0_l_0_0_0 = 4.44541e-07
Dr_0_0_l_0_0_0_0 = 4.18274e-07
Dr_0_0_l_0_0_0_0_0 = 3.78008e-07
Dr_0_0_l_0_0_0_0_0_0 = 3.40592e-07
Hl_0_0 = 0.00114746
Hl_0_0_l_0 = 0.000942539
Hl_0_0_l_0_0 = 0.000954865
Hl_0_0_l_0_0_0 = 0.000856692
Hl_0_0_l_0_0_0_0 = 0.000858111
Hl_0_0_l_0_0_0_0_0 = 0.000785399
Hr_0_0 = 0.0101145
I = 1
pi2_0_0_0_0 = 1.14202e-05
pi2_0_0_0_0_l_0 = 9.46397e-06
pi2_0_0_0_0_l_0_0 = 9.59732e-06
pi2_0_0_0_0_l_0_0_0 = 8.63273e-06
pi2_0_0_0_0_l_0_0_0_0 = 8.64561e-06
pi2_0_0_0_0_l_0_0_0_0_0 = 7.92422e-06
