DD_0_0 = 3.59937e-10
DD_0_0_l_0 = 2.25994e-09
DD_0_0_l_0_0 = 1.51474e-09
DD_0_0_l_0_0_0 = 1.8403e-09
DD_0_0_l_0_0_0_0 = 1.43837e-09
DD_0_0_l_0_0_0_0_0 = 1.54497e-09
DD_0_0_l_0_0_0_0_0_0 = 1.27966e-09
DD_0_0_l_0_0_0_0_0_0_0 = 1.32028e-09
DD_0_0_l_0_0_0_0_0_0_0_0 = 1.12872e-09
DD_0_0_l_0_0_0_0_0_0_0_0_0 = 1.1428e-09
DD_0_0_l_0_0_0_0_0_0_0_0_0_0 = 9.98445e-10
Dr_0_0 = -2.89793e-09
Dr_0_0_l_0 = 1.66052e-09
Dr_0_0_l_0_0 = 1.66893e-09
Dr_0_0_l_0_0_0 = 2.27318e-09
Dr_0_0_l_0_0_0_0 = 2.25815e-09
Dr_0_0_l_0_0_0_0_0 = 2.3807e-09
Dr_0_0_l_0_0_0_0_0_0 = 2.34786e-09
Dr_0_0_l_0_0_0_0_0_0_0 = 2.34376e-09
Dr_0_0_l_0_0_0_0_0_0_0_0 = 2.29865e-09
Dr_0_0_l_0_0_0_0_0_0_0_0_0 = 2.25667e-09
Dr_0_0_l_0_0_0_0_0_0_0_0_0_0 = 2.20143e-09
Dr_0_0_l_0_0_0_0_0_0_0_0_0_0_0 = 2.11305e-09
Hl_0_0 = 8.84616e-05
Hl_0_0_l_0 = 9.55283e-05
Hl_0_0_l_0_0 = 8.65937e-05
Hl_0_0_l_0_0_0 = 8.69819e-05
Hl_0_0_l_0_0_0_0 = 8.029e-05
Hl_0_0_l_0_0_0_0_0 = 7.99068e-05
Hl_0_0_l_0_0_0_0_0_0 = 7.43746e-05
Hl_0_0_l_0_0_0_0_0_0_0 = 7.39526e-05
Hl_0_0_l_0_0_0_0_0_0_0_0 = 6.91323e-05
Hl_0_0_l_0_0_0_0_0_0_0_0_0 = 6.88766e-05
Hl_0_0_l_0_0_0_0_0_0_0_0_0_0 = 6.4508e-05
Hr_0_0 = 0.00101213
I = 1
pi2_0_0_0_0 = 9.13463e-08
pi2_0_0_0_0_l_0 = 9.76187e-08
pi2_0_0_0_0_l_0_0 = 8.83138e-08
pi2_0_0_0_0_l_0_0_0 = 8.85532e-08
pi2_0_0_0_0_l_0_0_0_0 = 8.16663e-08
pi2_0_0_0_0_l_0_0_0_0_0 = 8.12206e-08
pi2_0_0_0_0_l_0_0_0_0_0_0 = 7.55561e-08
pi2_0_0_0_0_l_0_0_0_0_0_0_0 = 7.51016e-08
pi2_0_0_0_0_l_0_0_0_0_0_0_0_0 = 7.01792e-08
pi2_0_0_0_0_l_0_0_0_0_0_0_0_0_0 = 6.99068e-08
pi2_0_0_0_0_l_0_0_0_0_0_0_0_0_0_0 = 6.54508e-08
