DD_0_0 = 3.60061e-08
DD_0_0_l_0 = 2.25981e-07
DD_0_0_l_0_0 = 1.51468e-07
DD_0_0_l_0_0_0 = 1.8402e-07
DD_0_0_l_0_0_0_0 = 1.4383e-07
DD_0_0_l_0_0_0_0_0 = 1.54488e-07
DD_0_0_l_0_0_0_0_0_0 = 1.27959e-07
DD_0_0_l_0_0_0_0_0_0_0 = 1.32021e-07
DD_0_0_l_0_0_0_0_0_0_0_0 = 1.12866e-07
DD_0_0_l_0_0_0_0_0_0_0_0_0 = 1.14274e-07
DD_0_0_l_0_0_0_0_0_0_0_0_0_0 = 9.98392e-08
Dr_0_0 = -2.8972e-07
Dr_0_0_l_0 = 1.66059e-07
Dr_0_0_l_0_0 = 1.66895e-07
Dr_0_0_l_0_0_0 = 2.27311e-07
Dr_0_0_l_0_0_0_0 = 2.25805e-07
Dr_0_0_l_0_0_0_0_0 = 2.38058e-07
Dr_0_0_l_0_0_0_0_0_0 = 2.34773e-07
Dr_0_0_l_0_0_0_0_0_0_0 = 2.34363e-07
Dr_0_0_l_0_0_0_0_0_0_0_0 = 2.29852e-07
Dr_0_0_l_0_0_0_0_0_0_0_0_0 = 2.25654e-07
Dr_0_0_l_0_0_0_0_0_0_0_0_0_0 = 2.20129e-07
Dr_0_0_l_0_0_0_0_0_0_0_0_0_0_0 = 2.11292e-07
Hl_0_0 = 0.000884616
Hl_0_0_l_0 = 0.000955283
Hl_0_0_l_0_0 = 0.000865937
Hl_0_0_l_0_0_0 = 0.000869819
Hl_0_0_l_0_0_0_0 = 0.0008029
Hl_0_0_l_0_0_0_0_0 = 0.000799068
Hl_0_0_l_0_0_0_0_0_0 = 0.000743746
Hl_0_0_l_0_0_0_0_0_0_0 = 0.000739526
Hl_0_0_l_0_0_0_0_0_0_0_0 = 0.000691323
Hl_0_0_l_0_0_0_0_0_0_0_0_0 = 0.000688766
Hl_0_0_l_0_0_0_0_0_0_0_0_0_0 = 0.00064508
Hr_0_0 = 0.010121
I = 1
pi2_0_0_0_0 = 9.13425e-06
pi2_0_0_0_0_l_0 = 9.76141e-06
pi2_0_0_0_0_l_0_0 = 8.83099e-06
pi2_0_0_0_0_l_0_0_0 = 8.85492e-06
pi2_0_0_0_0_l_0_0_0_0 = 8.16627e-06
pi2_0_0_0_0_l_0_0_0_0_0 = 8.1217e-06
pi2_0_0_0_0_l_0_0_0_0_0_0 = 7.55528e-06
pi2_0_0_0_0_l_0_0_0_0_0_0_0 = 7.50983e-06
pi2_0_0_0_0_l_0_0_0_0_0_0_0_0 = 7.01761e-06
pi2_0_0_0_0_l_0_0_0_0_0_0_0_0_0 = 6.99038e-06
pi2_0_0_0_0_l_0_0_0_0_0_0_0_0_0_0 = 6.5448e-06
