DD_0_0 = 1.20621e-07
DD_0_0_l_0 = 2.08584e-07
DD_0_0_l_0_0 = 1.73993e-07
Dr_0_0 = 1.1932e-07
Dr_0_0_l_0 = 2.06384e-07
Dr_0_0_l_0_0 = 2.79621e-07
Dr_0_0_l_0_0_0 = 2.7766e-07
Hl_0_0 = 0.000895192
Hl_0_0_l_0 = 0.000955384
Hl_0_0_l_0_0 = 0.000869678
Hr_0_0 = 0.01012
I = 1
pi2_0_0_0_0 = 9.0932e-06
pi2_0_0_0_0_l_0 = 9.71431e-06
pi2_0_0_0_0_l_0_0 = 8.82783e-06
