DD_0_0 = 1.2535e-08
DD_0_0_l_0 = 6.63062e-09
DD_0_0_l_0_0 = 6.86719e-09
DD_0_0_l_0_0_0 = 4.83325e-09
DD_0_0_l_0_0_0_0 = 4.85343e-09
DD_0_0_l_0_0_0_0_0 = 3.67959e-09
Dr_0_0 = 1.90425e-08
Dr_0_0_l_0 = 1.24752e-08
Dr_0_0_l_0_0 = 1.14091e-08
Dr_0_0_l_0_0_0 = 1.01655e-08
Dr_0_0_l_0_0_0_0 = 9.24337e-09
Dr_0_0_l_0_0_0_0_0 = 8.59215e-09
Dr_0_0_l_0_0_0_0_0_0 = 7.61712e-09
Hl_0_0 = 0.00022221
Hl_0_0_l_0 = 0.000176389
Hl_0_0_l_0_0 = 0.000171693
Hl_0_0_l_0_0_0 = 0.000147576
Hl_0_0_l_0_0_0_0 = 0.000145041
Hl_0_0_l_0_0_0_0_0 = 0.00012679
Hr_0_0 = 0.00101207
I = 1
pi2_0_0_0_0 = 2.23986e-07
pi2_0_0_0_0_l_0 = 1.78375e-07
pi2_0_0_0_0_l_0_0 = 1.73735e-07
pi2_0_0_0_0_l_0_0_0 = 1.49442e-07
pi2_0_0_0_0_l_0_0_0_0 = 1.46831e-07
pi2_0_0_0_0_l_0_0_0_0_0 = 1.28423e-07
