DD_0_0 = 1.77121e-09
DD_0_0_l_0 = 2.19385e-09
DD_0_0_l_0_0 = 1.81906e-09
DD_0_0_l_0_0_0 = 1.80948e-09
DD_0_0_l_0_0_0_0 = 1.57542e-09
DD_0_0_l_0_0_0_0_0 = 1.5267e-09
DD_0_0_l_0_0_0_0_0_0 = 1.35788e-09
DD_0_0_l_0_0_0_0_0_0_0 = 1.30864e-09
DD_0_0_l_0_0_0_0_0_0_0_0 = 1.17837e-09
DD_0_0_l_0_0_0_0_0_0_0_0_0 = 1.13591e-09
DD_0_0_l_0_0_0_0_0_0_0_0_0_0 = 1.03098e-09
DD_0_0_l_0_0_0_0_0_0_0_0_0_0_0 = 9.9639e-10
DD_0_0_l_0_0_0_0_0_0_0_0_0_0_0_0 = 9.0903e-10
DD_0_0_l_0_0_0_0_0_0_0_0_0_0_0_0_0 = 8.81969e-10
DD_0_0_l_0_0_0_0_0_0_0_0_0_0_0_0_0_0 = 8.07064e-10
DD_0_0_l_0_0_0_0_0_0_0_0_0_0_0_0_0_0_0 = 7.86984e-10
DD_0_0_l_0_0_0_0_0_0_0_0_0_0_0_0_0_0_0_0 = 7.20845e-10
DD_0_0_l_0_0_0_0_0_0_0_0_0_0_0_0_0_0_0_0_0 = 7.07386e-10
DD_0_0_l_0_0_0_0_0_0_0_0_0_0_0_0_0_0_0_0_0_0 = 6.4709e-10
DD_0_0_l_0_0_0_0_0_0_0_0_0_0_0_0_0_0_0_0_0_0_0 = 6.40243e-10
DD_0_0_l_0_0_0_0_0_0_0_0_0_0_0_0_0_0_0_0_0_0_0_0 = 5.83204e-10
Dr_0_0 = 1.74164e-09
Dr_0_0_l_0 = 3.04729e-09
Dr_0_0_l_0_0 = 2.93268e-09
Dr_0_0_l_0_0_0 = 3.01907e-09
Dr_0_0_l_0_0_0_0 = 2.91995e-09
Dr_0_0_l_0_0_0_0_0 = 2.86417e-09
Dr_0_0_l_0_0_0_0_0_0 = 2.77427e-09
Dr_0_0_l_0_0_0_0_0_0_0 = 2.6868e-09
Dr_0_0_l_0_0_0_0_0_0_0_0 = 2.60487e-09
Dr_0_0_l_0_0_0_0_0_0_0_0_0 = 2.51271e-09
Dr_0_0_l_0_0_0_0_0_0_0_0_0_0 = 2.43761e-09
Dr_0_0_l_0_0_0_0_0_0_0_0_0_0_0 = 2.34977e-09
Dr_0_0_l_0_0_0_0_0_0_0_0_0_0_0_0 = 2.28003e-09
Dr_0_0_l_0_0_0_0_0_0_0_0_0_0_0_0_0 = 2.20029e-09
Dr_0_0_l_0_0_0_0_0_0_0_0_0_0_0_0_0_0 = 2.1339e-09
Dr_0_0_l_0_0_0_0_0_0_0_0_0_0_0_0_0_0_0 = 2.06465e-09
Dr_0_0_l_0_0_0_0_0_0_0_0_0_0_0_0_0_0_0_0 = 1.99877e-09
Dr_0_0_l_0_0_0_0_0_0_0_0_0_0_0_0_0_0_0_0_0 = 1.94278e-09
Dr_0_0_l_0_0_0_0_0_0_0_0_0_0_0_0_0_0_0_0_0_0 = 1.87295e-09
Dr_0_0_l_0_0_0_0_0_0_0_0_0_0_0_0_0_0_0_0_0_0_0 = 1.835e-09
Dr_0_0_l_0_0_0_0_0_0_0_0_0_0_0_0_0_0_0_0_0_0_0_0 = 1.7535e-09
Dr_0_0_l_0_0_0_0_0_0_0_0_0_0_0_0_0_0_0_0_0_0_0_0_0 = 1.69226e-09
Hl_0_0 = 9.69625e-05
Hl_0_0_l_0 = 9.5167e-05
Hl_0_0_l_0_0 = 8.94815e-05
Hl_0_0_l_0_0_0 = 8.65915e-05
Hl_0_0_l_0_0_0_0 = 8.20851e-05
Hl_0_0_l_0_0_0_0_0 = 7.94907e-05
Hl_0_0_l_0_0_0_0_0_0 = 7.57287e-05
Hl_0_0_l_0_0_0_0_0_0_0 = 7.35052e-05
Hl_0_0_l_0_0_0_0_0_0_0_0 = 7.02689e-05
Hl_0_0_l_0_0_0_0_0_0_0_0_0 = 6.83875e-05
Hl_0_0_l_0_0_0_0_0_0_0_0_0_0 = 6.55371e-05
Hl_0_0_l_0_0_0_0_0_0_0_0_0_0_0 = 6.39615e-05
Hl_0_0_l_0_0_0_0_0_0_0_0_0_0_0_0 = 6.13949e-05
Hl_0_0_l_0_0_0_0_0_0_0_0_0_0_0_0_0 = 6.00986e-05
Hl_0_0_l_0_0_0_0_0_0_0_0_0_0_0_0_0_0 = 5.77325e-05
Hl_0_0_l_0_0_0_0_0_0_0_0_0_0_0_0_0_0_0 = 5.67044e-05
Hl_0_0_l_0_0_0_0_0_0_0_0_0_0_0_0_0_0_0_0 = 5.44603e-05
Hl_0_0_l_0_0_0_0_0_0_0_0_0_0_0_0_0_0_0_0_0 = 5.3711e-05
Hl_0_0_l_0_0_0_0_0_0_0_0_0_0_0_0_0_0_0_0_0_0 = 5.15013e-05
Hl_0_0_l_0_0_0_0_0_0_0_0_0_0_0_0_0_0_0_0_0_0_0 = 5.10747e-05
Hl_0_0_l_0_0_0_0_0_0_0_0_0_0_0_0_0_0_0_0_0_0_0_0 = 4.87803e-05
Hr_0_0 = 0.0010121
I = 1
pi2_0_0_0_0 = 9.87698e-08
pi2_0_0_0_0_l_0 = 9.66564e-08
pi2_0_0_0_0_l_0_0 = 9.08243e-08
pi2_0_0_0_0_l_0_0_0 = 8.78407e-08
pi2_0_0_0_0_l_0_0_0_0 = 8.32457e-08
pi2_0_0_0_0_l_0_0_0_0_0 = 8.05937e-08
pi2_0_0_0_0_l_0_0_0_0_0_0 = 7.67671e-08
pi2_0_0_0_0_l_0_0_0_0_0_0_0 = 7.45011e-08
pi2_0_0_0_0_l_0_0_0_0_0_0_0_0 = 7.12137e-08
pi2_0_0_0_0_l_0_0_0_0_0_0_0_0_0 = 6.92989e-08
pi2_0_0_0_0_l_0_0_0_0_0_0_0_0_0_0 = 6.6406e-08
pi2_0_0_0_0_l_0_0_0_0_0_0_0_0_0_0_0 = 6.48034e-08
pi2_0_0_0_0_l_0_0_0_0_0_0_0_0_0_0_0_0 = 6.22003e-08
pi2_0_0_0_0_l_0_0_0_0_0_0_0_0_0_0_0_0_0 = 6.08819e-08
pi2_0_0_0_0_l_0_0_0_0_0_0_0_0_0_0_0_0_0_0 = 5.84835e-08
pi2_0_0_0_0_l_0_0_0_0_0_0_0_0_0_0_0_0_0_0_0 = 5.74376e-08
pi2_0_0_0_0_l_0_0_0_0_0_0_0_0_0_0_0_0_0_0_0_0 = 5.51639e-08
pi2_0_0_0_0_l_0_0_0_0_0_0_0_0_0_0_0_0_0_0_0_0_0 = 5.44009e-08
pi2_0_0_0_0_l_0_0_0_0_0_0_0_0_0_0_0_0_0_0_0_0_0_0 = 5.21628e-08
pi2_0_0_0_0_l_0_0_0_0_0_0_0_0_0_0_0_0_0_0_0_0_0_0_0 = 5.17271e-08
pi2_0_0_0_0_l_0_0_0_0_0_0_0_0_0_0_0_0_0_0_0_0_0_0_0_0 = 4.94023e-08
