DD_0_0 = 1.77081e-07
DD_0_0_l_0 = 2.19337e-07
DD_0_0_l_0_0 = 1.81865e-07
DD_0_0_l_0_0_0 = 1.80909e-07
DD_0_0_l_0_0_0_0 = 1.57507e-07
DD_0_0_l_0_0_0_0_0 = 1.52637e-07
DD_0_0_l_0_0_0_0_0_0 = 1.35758e-07
DD_0_0_l_0_0_0_0_0_0_0 = 1.30835e-07
DD_0_0_l_0_0_0_0_0_0_0_0 = 1.17811e-07
DD_0_0_l_0_0_0_0_0_0_0_0_0 = 1.13566e-07
DD_0_0_l_0_0_0_0_0_0_0_0_0_0 = 1.03075e-07
DD_0_0_l_0_0_0_0_0_0_0_0_0_0_0 = 9.96171e-08
DD_0_0_l_0_0_0_0_0_0_0_0_0_0_0_0 = 9.0883e-08
DD_0_0_l_0_0_0_0_0_0_0_0_0_0_0_0_0 = 8.81775e-08
DD_0_0_l_0_0_0_0_0_0_0_0_0_0_0_0_0_0 = 8.06886e-08
DD_0_0_l_0_0_0_0_0_0_0_0_0_0_0_0_0_0_0 = 7.8681e-08
DD_0_0_l_0_0_0_0_0_0_0_0_0_0_0_0_0_0_0_0 = 7.20686e-08
DD_0_0_l_0_0_0_0_0_0_0_0_0_0_0_0_0_0_0_0_0 = 7.0723e-08
DD_0_0_l_0_0_0_0_0_0_0_0_0_0_0_0_0_0_0_0_0_0 = 6.46947e-08
DD_0_0_l_0_0_0_0_0_0_0_0_0_0_0_0_0_0_0_0_0_0_0 = 6.40102e-08
DD_0_0_l_0_0_0_0_0_0_0_0_0_0_0_0_0_0_0_0_0_0_0_0 = 5.83075e-08
Dr_0_0 = 1.74119e-07
Dr_0_0_l_0 = 3.04658e-07
Dr_0_0_l_0_0 = 2.932e-07
Dr_0_0_l_0_0_0 = 3.01838e-07
Dr_0_0_l_0_0_0_0 = 2.91928e-07
Dr_0_0_l_0_0_0_0_0 = 2.86352e-07
Dr_0_0_l_0_0_0_0_0_0 = 2.77364e-07
Dr_0_0_l_0_0_0_0_0_0_0 = 2.68619e-07
Dr_0_0_l_0_0_0_0_0_0_0_0 = 2.60428e-07
Dr_0_0_l_0_0_0_0_0_0_0_0_0 = 2.51214e-07
Dr_0_0_l_0_0_0_0_0_0_0_0_0_0 = 2.43706e-07
Dr_0_0_l_0_0_0_0_0_0_0_0_0_0_0 = 2.34924e-07
Dr_0_0_l_0_0_0_0_0_0_0_0_0_0_0_0 = 2.27951e-07
Dr_0_0_l_0_0_0_0_0_0_0_0_0_0_0_0_0 = 2.19979e-07
Dr_0_0_l_0_0_0_0_0_0_0_0_0_0_0_0_0_0 = 2.13342e-07
Dr_0_0_l_0_0_0_0_0_0_0_0_0_0_0_0_0_0_0 = 2.06419e-07
Dr_0_0_l_0_0_0_0_0_0_0_0_0_0_0_0_0_0_0_0 = 1.99832e-07
Dr_0_0_l_0_0_0_0_0_0_0_0_0_0_0_0_0_0_0_0_0 = 1.94234e-07
Dr_0_0_l_0_0_0_0_0_0_0_0_0_0_0_0_0_0_0_0_0_0 = 1.87253e-07
Dr_0_0_l_0_0_0_0_0_0_0_0_0_0_0_0_0_0_0_0_0_0_0 = 1.83459e-07
Dr_0_0_l_0_0_0_0_0_0_0_0_0_0_0_0_0_0_0_0_0_0_0_0 = 1.7531e-07
Dr_0_0_l_0_0_0_0_0_0_0_0_0_0_0_0_0_0_0_0_0_0_0_0_0 = 1.69188e-07
Hl_0_0 = 0.000969625
Hl_0_0_l_0 = 0.00095167
Hl_0_0_l_0_0 = 0.000894815
Hl_0_0_l_0_0_0 = 0.000865915
Hl_0_0_l_0_0_0_0 = 0.000820851
Hl_0_0_l_0_0_0_0_0 = 0.000794907
Hl_0_0_l_0_0_0_0_0_0 = 0.000757287
Hl_0_0_l_0_0_0_0_0_0_0 = 0.000735052
Hl_0_0_l_0_0_0_0_0_0_0_0 = 0.000702689
Hl_0_0_l_0_0_0_0_0_0_0_0_0 = 0.000683875
Hl_0_0_l_0_0_0_0_0_0_0_0_0_0 = 0.000655371
Hl_0_0_l_0_0_0_0_0_0_0_0_0_0_0 = 0.000639615
Hl_0_0_l_0_0_0_0_0_0_0_0_0_0_0_0 = 0.000613949
Hl_0_0_l_0_0_0_0_0_0_0_0_0_0_0_0_0 = 0.000600986
Hl_0_0_l_0_0_0_0_0_0_0_0_0_0_0_0_0_0 = 0.000577325
Hl_0_0_l_0_0_0_0_0_0_0_0_0_0_0_0_0_0_0 = 0.000567044
Hl_0_0_l_0_0_0_0_0_0_0_0_0_0_0_0_0_0_0_0 = 0.000544603
Hl_0_0_l_0_0_0_0_0_0_0_0_0_0_0_0_0_0_0_0_0 = 0.00053711
Hl_0_0_l_0_0_0_0_0_0_0_0_0_0_0_0_0_0_0_0_0_0 = 0.000515013
Hl_0_0_l_0_0_0_0_0_0_0_0_0_0_0_0_0_0_0_0_0_0_0 = 0.000510747
Hl_0_0_l_0_0_0_0_0_0_0_0_0_0_0_0_0_0_0_0_0_0_0_0 = 0.000487803
Hr_0_0 = 0.0101187
I = 1
pi2_0_0_0_0 = 9.87483e-06
pi2_0_0_0_0_l_0 = 9.66356e-06
pi2_0_0_0_0_l_0_0 = 9.08046e-06
pi2_0_0_0_0_l_0_0_0 = 8.78217e-06
pi2_0_0_0_0_l_0_0_0_0 = 8.32277e-06
pi2_0_0_0_0_l_0_0_0_0_0 = 8.05762e-06
pi2_0_0_0_0_l_0_0_0_0_0_0 = 7.67504e-06
pi2_0_0_0_0_l_0_0_0_0_0_0_0 = 7.4485e-06
pi2_0_0_0_0_l_0_0_0_0_0_0_0_0 = 7.11982e-06
pi2_0_0_0_0_l_0_0_0_0_0_0_0_0_0 = 6.92839e-06
pi2_0_0_0_0_l_0_0_0_0_0_0_0_0_0_0 = 6.63915e-06
pi2_0_0_0_0_l_0_0_0_0_0_0_0_0_0_0_0 = 6.47893e-06
pi2_0_0_0_0_l_0_0_0_0_0_0_0_0_0_0_0_0 = 6.21868e-06
pi2_0_0_0_0_l_0_0_0_0_0_0_0_0_0_0_0_0_0 = 6.08687e-06
pi2_0_0_0_0_l_0_0_0_0_0_0_0_0_0_0_0_0_0_0 = 5.84707e-06
pi2_0_0_0_0_l_0_0_0_0_0_0_0_0_0_0_0_0_0_0_0 = 5.74251e-06
pi2_0_0_0_0_l_0_0_0_0_0_0_0_0_0_0_0_0_0_0_0_0 = 5.51518e-06
pi2_0_0_0_0_l_0_0_0_0_0_0_0_0_0_0_0_0_0_0_0_0_0 = 5.4389e-06
pi2_0_0_0_0_l_0_0_0_0_0_0_0_0_0_0_0_0_0_0_0_0_0_0 = 5.21513e-06
pi2_0_0_0_0_l_0_0_0_0_0_0_0_0_0_0_0_0_0_0_0_0_0_0_0 = 5.17158e-06
pi2_0_0_0_0_l_0_0_0_0_0_0_0_0_0_0_0_0_0_0_0_0_0_0_0_0 = 4.93915e-06
