DD_0_0 = 3.89586e-09
DD_0_0_l_0 = 2.76103e-09
DD_0_0_l_0_0 = 2.69922e-09
DD_0_0_l_0_0_0 = 2.14029e-09
DD_0_0_l_0_0_0_0 = 2.10764e-09
DD_0_0_l_0_0_0_0_0 = 1.71641e-09
Dr_0_0 = 2.39401e-09
Dr_0_0_l_0 = 2.00065e-09
Dr_0_0_l_0_0 = 2.02961e-09
Dr_0_0_l_0_0_0 = 1.96763e-09
Dr_0_0_l_0_0_0_0 = 1.85945e-09
Dr_0_0_l_0_0_0_0_0 = 1.90241e-09
Dr_0_0_l_0_0_0_0_0_0 = 1.76189e-09
Hl_0_0 = 0.00022221
Hl_0_0_l_0 = 0.000176389
Hl_0_0_l_0_0 = 0.000171693
Hl_0_0_l_0_0_0 = 0.000147576
Hl_0_0_l_0_0_0_0 = 0.000145041
Hl_0_0_l_0_0_0_0_0 = 0.00012679
Hr_0_0 = 0.00101212
I = 1
pi2_0_0_0_0 = 2.24971e-07
pi2_0_0_0_0_l_0 = 1.78634e-07
pi2_0_0_0_0_l_0_0 = 1.73884e-07
pi2_0_0_0_0_l_0_0_0 = 1.49457e-07
pi2_0_0_0_0_l_0_0_0_0 = 1.46892e-07
pi2_0_0_0_0_l_0_0_0_0_0 = 1.28409e-07
