DD_0_0 = 9.63125e-08
DD_0_0_l_0 = 1.21186e-07
DD_0_0_l_0_0 = 9.8512e-08
DD_0_0_l_0_0_0 = 1.02993e-07
DD_0_0_l_0_0_0_0 = 8.79387e-08
DD_0_0_l_0_0_0_0_0 = 8.92846e-08
DD_0_0_l_0_0_0_0_0_0 = 7.79265e-08
DD_0_0_l_0_0_0_0_0_0_0 = 7.83993e-08
DD_0_0_l_0_0_0_0_0_0_0_0 = 6.93204e-08
DD_0_0_l_0_0_0_0_0_0_0_0_0 = 6.95048e-08
DD_0_0_l_0_0_0_0_0_0_0_0_0_0 = 6.2053e-08
Dr_0_0 = 6.7705e-08
Dr_0_0_l_0 = 1.11155e-07
Dr_0_0_l_0_0 = 1.00437e-07
Dr_0_0_l_0_0_0 = 1.07063e-07
Dr_0_0_l_0_0_0_0 = 1.02191e-07
Dr_0_0_l_0_0_0_0_0 = 1.027e-07
Dr_0_0_l_0_0_0_0_0_0 = 9.98038e-08
Dr_0_0_l_0_0_0_0_0_0_0 = 9.82467e-08
Dr_0_0_l_0_0_0_0_0_0_0_0 = 9.62155e-08
Dr_0_0_l_0_0_0_0_0_0_0_0_0 = 9.38852e-08
Dr_0_0_l_0_0_0_0_0_0_0_0_0_0 = 9.22214e-08
Dr_0_0_l_0_0_0_0_0_0_0_0_0_0_0 = 8.88156e-08
Hl_0_0 = 0.000884616
Hl_0_0_l_0 = 0.000955283
Hl_0_0_l_0_0 = 0.000865937
Hl_0_0_l_0_0_0 = 0.000869819
Hl_0_0_l_0_0_0_0 = 0.0008029
Hl_0_0_l_0_0_0_0_0 = 0.000799068
Hl_0_0_l_0_0_0_0_0_0 = 0.000743746
Hl_0_0_l_0_0_0_0_0_0_0 = 0.000739526
Hl_0_0_l_0_0_0_0_0_0_0_0 = 0.000691323
Hl_0_0_l_0_0_0_0_0_0_0_0_0 = 0.000688766
Hl_0_0_l_0_0_0_0_0_0_0_0_0_0 = 0.00064508
Hr_0_0 = 0.0101206
I = 1
pi2_0_0_0_0 = 8.97436e-06
pi2_0_0_0_0_l_0 = 9.67839e-06
pi2_0_0_0_0_l_0_0 = 8.77237e-06
pi2_0_0_0_0_l_0_0_0 = 8.80983e-06
pi2_0_0_0_0_l_0_0_0_0 = 8.1316e-06
pi2_0_0_0_0_l_0_0_0_0_0 = 8.0921e-06
pi2_0_0_0_0_l_0_0_0_0_0_0 = 7.53158e-06
pi2_0_0_0_0_l_0_0_0_0_0_0_0 = 7.48847e-06
pi2_0_0_0_0_l_0_0_0_0_0_0_0_0 = 7.00018e-06
pi2_0_0_0_0_l_0_0_0_0_0_0_0_0_0 = 6.97405e-06
pi2_0_0_0_0_l_0_0_0_0_0_0_0_0_0_0 = 6.53155e-06
