DD_0_0 = 3.2417e-09
DD_0_0_l_0 = 2.94438e-09
DD_0_0_l_0_0 = 2.48403e-09
DD_0_0_l_0_0_0 = 2.26991e-09
DD_0_0_l_0_0_0_0 = 1.96535e-09
DD_0_0_l_0_0_0_0_0 = 1.82604e-09
DD_0_0_l_0_0_0_0_0_0 = 1.60003e-09
DD_0_0_l_0_0_0_0_0_0_0 = 1.51336e-09
DD_0_0_l_0_0_0_0_0_0_0_0 = 1.32895e-09
DD_0_0_l_0_0_0_0_0_0_0_0_0 = 1.28509e-09
DD_0_0_l_0_0_0_0_0_0_0_0_0_0 = 1.11724e-09
Dr_0_0 = 1.87922e-09
Dr_0_0_l_0 = 2.00164e-09
Dr_0_0_l_0_0 = 1.95273e-09
Dr_0_0_l_0_0_0 = 1.92637e-09
Dr_0_0_l_0_0_0_0 = 1.8771e-09
Dr_0_0_l_0_0_0_0_0 = 1.81709e-09
Dr_0_0_l_0_0_0_0_0_0 = 1.77235e-09
Dr_0_0_l_0_0_0_0_0_0_0 = 1.7015e-09
Dr_0_0_l_0_0_0_0_0_0_0_0 = 1.66277e-09
Dr_0_0_l_0_0_0_0_0_0_0_0_0 = 1.59149e-09
Dr_0_0_l_0_0_0_0_0_0_0_0_0_0 = 1.55338e-09
Dr_0_0_l_0_0_0_0_0_0_0_0_0_0_0 = 1.47242e-09
Hl_0_0 = 0.000196435
Hl_0_0_l_0 = 0.000182724
Hl_0_0_l_0_0 = 0.000162888
Hl_0_0_l_0_0_0 = 0.000152682
Hl_0_0_l_0_0_0_0 = 0.000138773
Hl_0_0_l_0_0_0_0_0 = 0.000131773
Hl_0_0_l_0_0_0_0_0_0 = 0.000120907
Hl_0_0_l_0_0_0_0_0_0_0 = 0.000116293
Hl_0_0_l_0_0_0_0_0_0_0_0 = 0.000106984
Hl_0_0_l_0_0_0_0_0_0_0_0_0 = 0.000104486
Hl_0_0_l_0_0_0_0_0_0_0_0_0_0 = 9.55524e-05
Hr_0_0 = 0.00101212
I = 1
pi2_0_0_0_0 = 1.99009e-07
pi2_0_0_0_0_l_0 = 1.85092e-07
pi2_0_0_0_0_l_0_0 = 1.64992e-07
pi2_0_0_0_0_l_0_0_0 = 1.54648e-07
pi2_0_0_0_0_l_0_0_0_0 = 1.40554e-07
pi2_0_0_0_0_l_0_0_0_0_0 = 1.3346e-07
pi2_0_0_0_0_l_0_0_0_0_0_0 = 1.22451e-07
pi2_0_0_0_0_l_0_0_0_0_0_0_0 = 1.17775e-07
pi2_0_0_0_0_l_0_0_0_0_0_0_0_0 = 1.08345e-07
pi2_0_0_0_0_l_0_0_0_0_0_0_0_0_0 = 1.05812e-07
pi2_0_0_0_0_l_0_0_0_0_0_0_0_0_0_0 = 9.67627e-08
