DD_0_0 = 1.18616e-07
DD_0_0_l_0 = 1.1795e-07
DD_0_0_l_0_0 = 1.05445e-07
DD_0_0_l_0_0_0 = 1.01017e-07
DD_0_0_l_0_0_0_0 = 9.19003e-08
DD_0_0_l_0_0_0_0_0 = 8.78218e-08
DD_0_0_l_0_0_0_0_0_0 = 8.06531e-08
DD_0_0_l_0_0_0_0_0_0_0 = 7.72282e-08
DD_0_0_l_0_0_0_0_0_0_0_0 = 7.13592e-08
DD_0_0_l_0_0_0_0_0_0_0_0_0 = 6.85566e-08
DD_0_0_l_0_0_0_0_0_0_0_0_0_0 = 6.36079e-08
DD_0_0_l_0_0_0_0_0_0_0_0_0_0_0 = 6.13525e-08
DD_0_0_l_0_0_0_0_0_0_0_0_0_0_0_0 = 5.70708e-08
DD_0_0_l_0_0_0_0_0_0_0_0_0_0_0_0_0 = 5.52969e-08
DD_0_0_l_0_0_0_0_0_0_0_0_0_0_0_0_0_0 = 5.14957e-08
DD_0_0_l_0_0_0_0_0_0_0_0_0_0_0_0_0_0_0 = 5.01596e-08
DD_0_0_l_0_0_0_0_0_0_0_0_0_0_0_0_0_0_0_0 = 4.66882e-08
DD_0_0_l_0_0_0_0_0_0_0_0_0_0_0_0_0_0_0_0_0 = 4.57727e-08
DD_0_0_l_0_0_0_0_0_0_0_0_0_0_0_0_0_0_0_0_0_0 = 4.24941e-08
DD_0_0_l_0_0_0_0_0_0_0_0_0_0_0_0_0_0_0_0_0_0_0 = 4.20134e-08
DD_0_0_l_0_0_0_0_0_0_0_0_0_0_0_0_0_0_0_0_0_0_0_0 = 3.87873e-08
Dr_0_0 = 1.03032e-07
Dr_0_0_l_0 = 1.13392e-07
Dr_0_0_l_0_0 = 1.08987e-07
Dr_0_0_l_0_0_0 = 1.09171e-07
Dr_0_0_l_0_0_0_0 = 1.06165e-07
Dr_0_0_l_0_0_0_0_0 = 1.04566e-07
Dr_0_0_l_0_0_0_0_0_0 = 1.02075e-07
Dr_0_0_l_0_0_0_0_0_0_0 = 9.98735e-08
Dr_0_0_l_0_0_0_0_0_0_0_0 = 9.76838e-08
Dr_0_0_l_0_0_0_0_0_0_0_0_0 = 9.52681e-08
Dr_0_0_l_0_0_0_0_0_0_0_0_0_0 = 9.33005e-08
Dr_0_0_l_0_0_0_0_0_0_0_0_0_0_0 = 9.08442e-08
Dr_0_0_l_0_0_0_0_0_0_0_0_0_0_0_0 = 8.90492e-08
Dr_0_0_l_0_0_0_0_0_0_0_0_0_0_0_0_0 = 8.66529e-08
Dr_0_0_l_0_0_0_0_0_0_0_0_0_0_0_0_0_0 = 8.49764e-08
Dr_0_0_l_0_0_0_0_0_0_0_0_0_0_0_0_0_0_0 = 8.27255e-08
Dr_0_0_l_0_0_0_0_0_0_0_0_0_0_0_0_0_0_0_0 = 8.10837e-08
Dr_0_0_l_0_0_0_0_0_0_0_0_0_0_0_0_0_0_0_0_0 = 7.90936e-08
Dr_0_0_l_0_0_0_0_0_0_0_0_0_0_0_0_0_0_0_0_0_0 = 7.73318e-08
Dr_0_0_l_0_0_0_0_0_0_0_0_0_0_0_0_0_0_0_0_0_0_0 = 7.58159e-08
Dr_0_0_l_0_0_0_0_0_0_0_0_0_0_0_0_0_0_0_0_0_0_0_0 = 7.36179e-08
Dr_0_0_l_0_0_0_0_0_0_0_0_0_0_0_0_0_0_0_0_0_0_0_0_0 = 7.1518e-08
Hl_0_0 = 0.000969625
Hl_0_0_l_0 = 0.00095167
Hl_0_0_l_0_0 = 0.000894815
Hl_0_0_l_0_0_0 = 0.000865915
Hl_0_0_l_0_0_0_0 = 0.000820851
Hl_0_0_l_0_0_0_0_0 = 0.000794907
Hl_0_0_l_0_0_0_0_0_0 = 0.000757287
Hl_0_0_l_0_0_0_0_0_0_0 = 0.000735052
Hl_0_0_l_0_0_0_0_0_0_0_0 = 0.000702689
Hl_0_0_l_0_0_0_0_0_0_0_0_0 = 0.000683875
Hl_0_0_l_0_0_0_0_0_0_0_0_0_0 = 0.000655371
Hl_0_0_l_0_0_0_0_0_0_0_0_0_0_0 = 0.000639615
Hl_0_0_l_0_0_0_0_0_0_0_0_0_0_0_0 = 0.000613949
Hl_0_0_l_0_0_0_0_0_0_0_0_0_0_0_0_0 = 0.000600986
Hl_0_0_l_0_0_0_0_0_0_0_0_0_0_0_0_0_0 = 0.000577325
Hl_0_0_l_0_0_0_0_0_0_0_0_0_0_0_0_0_0_0 = 0.000567044
Hl_0_0_l_0_0_0_0_0_0_0_0_0_0_0_0_0_0_0_0 = 0.000544603
Hl_0_0_l_0_0_0_0_0_0_0_0_0_0_0_0_0_0_0_0_0 = 0.00053711
Hl_0_0_l_0_0_0_0_0_0_0_0_0_0_0_0_0_0_0_0_0_0 = 0.000515013
Hl_0_0_l_0_0_0_0_0_0_0_0_0_0_0_0_0_0_0_0_0_0_0 = 0.000510747
Hl_0_0_l_0_0_0_0_0_0_0_0_0_0_0_0_0_0_0_0_0_0_0_0 = 0.000487803
Hr_0_0 = 0.0101205
I = 1
pi2_0_0_0_0 = 9.82202e-06
pi2_0_0_0_0_l_0 = 9.63701e-06
pi2_0_0_0_0_l_0_0 = 9.06094e-06
pi2_0_0_0_0_l_0_0_0 = 8.76774e-06
pi2_0_0_0_0_l_0_0_0_0 = 8.31124e-06
pi2_0_0_0_0_l_0_0_0_0_0 = 8.04831e-06
pi2_0_0_0_0_l_0_0_0_0_0_0 = 7.66726e-06
pi2_0_0_0_0_l_0_0_0_0_0_0_0 = 7.44198e-06
pi2_0_0_0_0_l_0_0_0_0_0_0_0_0 = 7.11421e-06
pi2_0_0_0_0_l_0_0_0_0_0_0_0_0_0 = 6.92362e-06
pi2_0_0_0_0_l_0_0_0_0_0_0_0_0_0_0 = 6.63496e-06
pi2_0_0_0_0_l_0_0_0_0_0_0_0_0_0_0_0 = 6.47535e-06
pi2_0_0_0_0_l_0_0_0_0_0_0_0_0_0_0_0_0 = 6.21546e-06
pi2_0_0_0_0_l_0_0_0_0_0_0_0_0_0_0_0_0_0 = 6.08413e-06
pi2_0_0_0_0_l_0_0_0_0_0_0_0_0_0_0_0_0_0_0 = 5.84456e-06
pi2_0_0_0_0_l_0_0_0_0_0_0_0_0_0_0_0_0_0_0_0 = 5.74039e-06
pi2_0_0_0_0_l_0_0_0_0_0_0_0_0_0_0_0_0_0_0_0_0 = 5.5132e-06
pi2_0_0_0_0_l_0_0_0_0_0_0_0_0_0_0_0_0_0_0_0_0_0 = 5.43725e-06
pi2_0_0_0_0_l_0_0_0_0_0_0_0_0_0_0_0_0_0_0_0_0_0_0 = 5.21357e-06
pi2_0_0_0_0_l_0_0_0_0_0_0_0_0_0_0_0_0_0_0_0_0_0_0_0 = 5.17028e-06
pi2_0_0_0_0_l_0_0_0_0_0_0_0_0_0_0_0_0_0_0_0_0_0_0_0_0 = 4.938e-06
