DD_0_0 = 9.96986e-08
DD_0_0_l_0 = 1.19653e-07
DD_0_0_l_0_0 = 1.00985e-07
Dr_0_0 = 8.25703e-08
Dr_0_0_l_0 = 1.00193e-07
Dr_0_0_l_0_0 = 1.13413e-07
Dr_0_0_l_0_0_0 = 1.07827e-07
Hl_0_0 = 0.000895192
Hl_0_0_l_0 = 0.000955384
Hl_0_0_l_0_0 = 0.000869678
Hr_0_0 = 0.0101206
I = 1
pi2_0_0_0_0 = 9.0706e-06
pi2_0_0_0_0_l_0 = 9.68014e-06
pi2_0_0_0_0_l_0_0 = 8.80887e-06
