DD_0_0 = 1.65176e-07
DD_0_0_l_0 = 1.11163e-07
DD_0_0_l_0_0 = 1.1953e-07
DD_0_0_l_0_0_0 = 9.71855e-08
DD_0_0_l_0_0_0_0 = 9.95398e-08
DD_0_0_l_0_0_0_0_0 = 8.53968e-08
Dr_0_0 = 1.74647e-07
Dr_0_0_l_0 = 1.20108e-07
Dr_0_0_l_0_0 = 1.24101e-07
Dr_0_0_l_0_0_0 = 1.16015e-07
Dr_0_0_l_0_0_0_0 = 1.11394e-07
Dr_0_0_l_0_0_0_0_0 = 1.11369e-07
Dr_0_0_l_0_0_0_0_0_0 = 1.05441e-07
Hl_0_0 = 0.00114746
Hl_0_0_l_0 = 0.000942539
Hl_0_0_l_0_0 = 0.000954865
Hl_0_0_l_0_0_0 = 0.000856692
Hl_0_0_l_0_0_0_0 = 0.000858111
Hl_0_0_l_0_0_0_0_0 = 0.000785399
Hr_0_0 = 0.0101201
I = 1
pi2_0_0_0_0 = 1.15946e-05
pi2_0_0_0_0_l_0 = 9.5351e-06
pi2_0_0_0_0_l_0_0 = 9.66073e-06
pi2_0_0_0_0_l_0_0_0 = 8.66944e-06
pi2_0_0_0_0_l_0_0_0_0 = 8.68391e-06
pi2_0_0_0_0_l_0_0_0_0_0 = 7.94912e-06
