DD_0_0 = 2.66456e-08
DD_0_0_l_0 = 2.13896e-08
DD_0_0_l_0_0 = 2.17284e-08
DD_0_0_l_0_0_0 = 1.92045e-08
DD_0_0_l_0_0_0_0 = 1.92498e-08
DD_0_0_l_0_0_0_0_0 = 1.73882e-08
Dr_0_0 = 4.80462e-09
Dr_0_0_l_0 = 4.23709e-09
Dr_0_0_l_0_0 = 4.54718e-09
Dr_0_0_l_0_0_0 = 4.45836e-09
Dr_0_0_l_0_0_0_0 = 4.54461e-09
Dr_0_0_l_0_0_0_0_0 = 4.84826e-09
Dr_0_0_l_0_0_0_0_0_0 = 4.72822e-09
Hl_0_0 = 0.00114746
Hl_0_0_l_0 = 0.000942539
Hl_0_0_l_0_0 = 0.000954865
Hl_0_0_l_0_0_0 = 0.000856692
Hl_0_0_l_0_0_0_0 = 0.000858111
Hl_0_0_l_0_0_0_0_0 = 0.000785399
Hr_0_0 = 0.0101213
I = 1
pi2_0_0_0_0 = 1.16136e-05
pi2_0_0_0_0_l_0 = 9.53976e-06
pi2_0_0_0_0_l_0_0 = 9.66452e-06
pi2_0_0_0_0_l_0_0_0 = 8.67089e-06
pi2_0_0_0_0_l_0_0_0_0 = 8.68529e-06
pi2_0_0_0_0_l_0_0_0_0_0 = 7.94933e-06
