DD_0_0 = 2.21613e-08
DD_0_0_l_0 = 2.16906e-08
DD_0_0_l_0_0 = 2.0221e-08
DD_0_0_l_0_0_0 = 1.94772e-08
DD_0_0_l_0_0_0_0 = 1.83186e-08
DD_0_0_l_0_0_0_0_0 = 1.76534e-08
DD_0_0_l_0_0_0_0_0_0 = 1.66909e-08
DD_0_0_l_0_0_0_0_0_0_0 = 1.61227e-08
DD_0_0_l_0_0_0_0_0_0_0_0 = 1.52989e-08
DD_0_0_l_0_0_0_0_0_0_0_0_0 = 1.48196e-08
DD_0_0_l_0_0_0_0_0_0_0_0_0_0 = 1.40977e-08
DD_0_0_l_0_0_0_0_0_0_0_0_0_0_0 = 1.36973e-08
DD_0_0_l_0_0_0_0_0_0_0_0_0_0_0_0 = 1.3051e-08
DD_0_0_l_0_0_0_0_0_0_0_0_0_0_0_0_0 = 1.27221e-08
DD_0_0_l_0_0_0_0_0_0_0_0_0_0_0_0_0_0 = 1.21297e-08
DD_0_0_l_0_0_0_0_0_0_0_0_0_0_0_0_0_0_0 = 1.18688e-08
DD_0_0_l_0_0_0_0_0_0_0_0_0_0_0_0_0_0_0_0 = 1.13105e-08
DD_0_0_l_0_0_0_0_0_0_0_0_0_0_0_0_0_0_0_0_0 = 1.11195e-08
DD_0_0_l_0_0_0_0_0_0_0_0_0_0_0_0_0_0_0_0_0_0 = 1.05733e-08
DD_0_0_l_0_0_0_0_0_0_0_0_0_0_0_0_0_0_0_0_0_0_0 = 1.04627e-08
DD_0_0_l_0_0_0_0_0_0_0_0_0_0_0_0_0_0_0_0_0_0_0_0 = 9.89763e-09
Dr_0_0 = 3.92933e-09
Dr_0_0_l_0 = 4.20605e-09
Dr_0_0_l_0_0 = 4.27352e-09
Dr_0_0_l_0_0_0 = 4.40555e-09
Dr_0_0_l_0_0_0_0 = 4.46088e-09
Dr_0_0_l_0_0_0_0_0 = 4.54229e-09
Dr_0_0_l_0_0_0_0_0_0 = 4.58315e-09
Dr_0_0_l_0_0_0_0_0_0_0 = 4.63341e-09
Dr_0_0_l_0_0_0_0_0_0_0_0 = 4.66253e-09
Dr_0_0_l_0_0_0_0_0_0_0_0_0 = 4.69066e-09
Dr_0_0_l_0_0_0_0_0_0_0_0_0_0 = 4.71112e-09
Dr_0_0_l_0_0_0_0_0_0_0_0_0_0_0 = 4.72227e-09
Dr_0_0_l_0_0_0_0_0_0_0_0_0_0_0_0 = 4.73694e-09
Dr_0_0_l_0_0_0_0_0_0_0_0_0_0_0_0_0 = 4.73408e-09
Dr_0_0_l_0_0_0_0_0_0_0_0_0_0_0_0_0_0 = 4.74575e-09
Dr_0_0_l_0_0_0_0_0_0_0_0_0_0_0_0_0_0_0 = 4.7302e-09
Dr_0_0_l_0_0_0_0_0_0_0_0_0_0_0_0_0_0_0_0 = 4.7422e-09
Dr_0_0_l_0_0_0_0_0_0_0_0_0_0_0_0_0_0_0_0_0 = 4.71293e-09
Dr_0_0_l_0_0_0_0_0_0_0_0_0_0_0_0_0_0_0_0_0_0 = 4.73123e-09
Dr_0_0_l_0_0_0_0_0_0_0_0_0_0_0_0_0_0_0_0_0_0_0 = 4.68105e-09
Dr_0_0_l_0_0_0_0_0_0_0_0_0_0_0_0_0_0_0_0_0_0_0_0 = 4.72292e-09
Dr_0_0_l_0_0_0_0_0_0_0_0_0_0_0_0_0_0_0_0_0_0_0_0_0 = 4.6651e-09
Hl_0_0 = 0.000969625
Hl_0_0_l_0 = 0.00095167
Hl_0_0_l_0_0 = 0.000894815
Hl_0_0_l_0_0_0 = 0.000865915
Hl_0_0_l_0_0_0_0 = 0.000820851
Hl_0_0_l_0_0_0_0_0 = 0.000794907
Hl_0_0_l_0_0_0_0_0_0 = 0.000757287
Hl_0_0_l_0_0_0_0_0_0_0 = 0.000735052
Hl_0_0_l_0_0_0_0_0_0_0_0 = 0.000702689
Hl_0_0_l_0_0_0_0_0_0_0_0_0 = 0.000683875
Hl_0_0_l_0_0_0_0_0_0_0_0_0_0 = 0.000655371
Hl_0_0_l_0_0_0_0_0_0_0_0_0_0_0 = 0.000639615
Hl_0_0_l_0_0_0_0_0_0_0_0_0_0_0_0 = 0.000613949
Hl_0_0_l_0_0_0_0_0_0_0_0_0_0_0_0_0 = 0.000600986
Hl_0_0_l_0_0_0_0_0_0_0_0_0_0_0_0_0_0 = 0.000577325
Hl_0_0_l_0_0_0_0_0_0_0_0_0_0_0_0_0_0_0 = 0.000567044
Hl_0_0_l_0_0_0_0_0_0_0_0_0_0_0_0_0_0_0_0 = 0.000544603
Hl_0_0_l_0_0_0_0_0_0_0_0_0_0_0_0_0_0_0_0_0 = 0.00053711
Hl_0_0_l_0_0_0_0_0_0_0_0_0_0_0_0_0_0_0_0_0_0 = 0.000515013
Hl_0_0_l_0_0_0_0_0_0_0_0_0_0_0_0_0_0_0_0_0_0_0 = 0.000510747
Hl_0_0_l_0_0_0_0_0_0_0_0_0_0_0_0_0_0_0_0_0_0_0_0 = 0.000487803
Hr_0_0 = 0.0101213
I = 1
pi2_0_0_0_0 = 9.81404e-06
pi2_0_0_0_0_l_0 = 9.63227e-06
pi2_0_0_0_0_l_0_0 = 9.05681e-06
pi2_0_0_0_0_l_0_0_0 = 8.7643e-06
pi2_0_0_0_0_l_0_0_0_0 = 8.30818e-06
pi2_0_0_0_0_l_0_0_0_0_0 = 8.0456e-06
pi2_0_0_0_0_l_0_0_0_0_0_0 = 7.66482e-06
pi2_0_0_0_0_l_0_0_0_0_0_0_0 = 7.43977e-06
pi2_0_0_0_0_l_0_0_0_0_0_0_0_0 = 7.1122e-06
pi2_0_0_0_0_l_0_0_0_0_0_0_0_0_0 = 6.92179e-06
pi2_0_0_0_0_l_0_0_0_0_0_0_0_0_0_0 = 6.63328e-06
pi2_0_0_0_0_l_0_0_0_0_0_0_0_0_0_0_0 = 6.4738e-06
pi2_0_0_0_0_l_0_0_0_0_0_0_0_0_0_0_0_0 = 6.21403e-06
pi2_0_0_0_0_l_0_0_0_0_0_0_0_0_0_0_0_0_0 = 6.08282e-06
pi2_0_0_0_0_l_0_0_0_0_0_0_0_0_0_0_0_0_0_0 = 5.84334e-06
pi2_0_0_0_0_l_0_0_0_0_0_0_0_0_0_0_0_0_0_0_0 = 5.73928e-06
pi2_0_0_0_0_l_0_0_0_0_0_0_0_0_0_0_0_0_0_0_0_0 = 5.51214e-06
pi2_0_0_0_0_l_0_0_0_0_0_0_0_0_0_0_0_0_0_0_0_0_0 = 5.4363e-06
pi2_0_0_0_0_l_0_0_0_0_0_0_0_0_0_0_0_0_0_0_0_0_0_0 = 5.21265e-06
pi2_0_0_0_0_l_0_0_0_0_0_0_0_0_0_0_0_0_0_0_0_0_0_0_0 = 5.16947e-06
pi2_0_0_0_0_l_0_0_0_0_0_0_0_0_0_0_0_0_0_0_0_0_0_0_0_0 = 4.93724e-06
