DD_0_0 = 4.84103e-10
DD_0_0_l_0 = 4.31222e-10
DD_0_0_l_0_0 = 3.89762e-10
DD_0_0_l_0_0_0 = 3.55601e-10
DD_0_0_l_0_0_0_0 = 3.26975e-10
DD_0_0_l_0_0_0_0_0 = 3.02516e-10
DD_0_0_l_0_0_0_0_0_0 = 2.81358e-10
DD_0_0_l_0_0_0_0_0_0_0 = 2.62865e-10
DD_0_0_l_0_0_0_0_0_0_0_0 = 2.46523e-10
DD_0_0_l_0_0_0_0_0_0_0_0_0 = 2.32016e-10
DD_0_0_l_0_0_0_0_0_0_0_0_0_0 = 2.18982e-10
DD_0_0_l_0_0_0_0_0_0_0_0_0_0_0 = 2.07294e-10
DD_0_0_l_0_0_0_0_0_0_0_0_0_0_0_0 = 1.96633e-10
DD_0_0_l_0_0_0_0_0_0_0_0_0_0_0_0_0 = 1.87034e-10
DD_0_0_l_0_0_0_0_0_0_0_0_0_0_0_0_0_0 = 1.78113e-10
DD_0_0_l_0_0_0_0_0_0_0_0_0_0_0_0_0_0_0 = 1.70148e-10
DD_0_0_l_0_0_0_0_0_0_0_0_0_0_0_0_0_0_0_0 = 1.62467e-10
DD_0_0_l_0_0_0_0_0_0_0_0_0_0_0_0_0_0_0_0_0 = 1.55947e-10
DD_0_0_l_0_0_0_0_0_0_0_0_0_0_0_0_0_0_0_0_0_0 = 1.48904e-10
DD_0_0_l_0_0_0_0_0_0_0_0_0_0_0_0_0_0_0_0_0_0_0 = 1.44206e-10
DD_0_0_l_0_0_0_0_0_0_0_0_0_0_0_0_0_0_0_0_0_0_0_0 = 1.36236e-10
Dr_0_0 = 4.505e-11
Dr_0_0_l_0 = 4.85847e-11
Dr_0_0_l_0_0 = 5.11989e-11
Dr_0_0_l_0_0_0 = 5.31589e-11
Dr_0_0_l_0_0_0_0 = 5.46382e-11
Dr_0_0_l_0_0_0_0_0 = 5.57574e-11
Dr_0_0_l_0_0_0_0_0_0 = 5.65949e-11
Dr_0_0_l_0_0_0_0_0_0_0 = 5.72128e-11
Dr_0_0_l_0_0_0_0_0_0_0_0 = 5.7654e-11
Dr_0_0_l_0_0_0_0_0_0_0_0_0 = 5.79522e-11
Dr_0_0_l_0_0_0_0_0_0_0_0_0_0 = 5.81356e-11
Dr_0_0_l_0_0_0_0_0_0_0_0_0_0_0 = 5.82203e-11
Dr_0_0_l_0_0_0_0_0_0_0_0_0_0_0_0 = 5.82308e-11
Dr_0_0_l_0_0_0_0_0_0_0_0_0_0_0_0_0 = 5.81672e-11
Dr_0_0_l_0_0_0_0_0_0_0_0_0_0_0_0_0_0 = 5.80613e-11
Dr_0_0_l_0_0_0_0_0_0_0_0_0_0_0_0_0_0_0 = 5.78887e-11
Dr_0_0_l_0_0_0_0_0_0_0_0_0_0_0_0_0_0_0_0 = 5.77111e-11
Dr_0_0_l_0_0_0_0_0_0_0_0_0_0_0_0_0_0_0_0_0 = 5.74418e-11
Dr_0_0_l_0_0_0_0_0_0_0_0_0_0_0_0_0_0_0_0_0_0 = 5.72561e-11
Dr_0_0_l_0_0_0_0_0_0_0_0_0_0_0_0_0_0_0_0_0_0_0 = 5.68152e-11
Dr_0_0_l_0_0_0_0_0_0_0_0_0_0_0_0_0_0_0_0_0_0_0_0 = 5.69079e-11
Dr_0_0_l_0_0_0_0_0_0_0_0_0_0_0_0_0_0_0_0_0_0_0_0_0 = 5.61334e-11
Hl_0_0 = 0.000201643
Hl_0_0_l_0 = 0.000180964
Hl_0_0_l_0_0 = 0.000164743
Hl_0_0_l_0_0_0 = 0.000151365
Hl_0_0_l_0_0_0_0 = 0.000140141
Hl_0_0_l_0_0_0_0_0 = 0.00013054
Hl_0_0_l_0_0_0_0_0_0 = 0.000122223
Hl_0_0_l_0_0_0_0_0_0_0 = 0.000114943
Hl_0_0_l_0_0_0_0_0_0_0_0 = 0.0001085
Hl_0_0_l_0_0_0_0_0_0_0_0_0 = 0.000102772
Hl_0_0_l_0_0_0_0_0_0_0_0_0_0 = 9.76165e-05
Hl_0_0_l_0_0_0_0_0_0_0_0_0_0_0 = 9.29861e-05
Hl_0_0_l_0_0_0_0_0_0_0_0_0_0_0_0 = 8.87546e-05
Hl_0_0_l_0_0_0_0_0_0_0_0_0_0_0_0_0 = 8.49386e-05
Hl_0_0_l_0_0_0_0_0_0_0_0_0_0_0_0_0_0 = 8.13842e-05
Hl_0_0_l_0_0_0_0_0_0_0_0_0_0_0_0_0_0_0 = 7.82075e-05
Hl_0_0_l_0_0_0_0_0_0_0_0_0_0_0_0_0_0_0_0 = 7.5134e-05
Hl_0_0_l_0_0_0_0_0_0_0_0_0_0_0_0_0_0_0_0_0 = 7.25265e-05
Hl_0_0_l_0_0_0_0_0_0_0_0_0_0_0_0_0_0_0_0_0_0 = 6.96913e-05
Hl_0_0_l_0_0_0_0_0_0_0_0_0_0_0_0_0_0_0_0_0_0_0 = 6.78161e-05
Hl_0_0_l_0_0_0_0_0_0_0_0_0_0_0_0_0_0_0_0_0_0_0_0 = 6.45836e-05
Hr_0_0 = 0.00101213
I = 1
pi2_0_0_0_0 = 2.04093e-07
pi2_0_0_0_0_l_0 = 1.83163e-07
pi2_0_0_0_0_l_0_0 = 1.66745e-07
pi2_0_0_0_0_l_0_0_0 = 1.53203e-07
pi2_0_0_0_0_l_0_0_0_0 = 1.41844e-07
pi2_0_0_0_0_l_0_0_0_0_0 = 1.32126e-07
pi2_0_0_0_0_l_0_0_0_0_0_0 = 1.23708e-07
pi2_0_0_0_0_l_0_0_0_0_0_0_0 = 1.16339e-07
pi2_0_0_0_0_l_0_0_0_0_0_0_0_0 = 1.09818e-07
pi2_0_0_0_0_l_0_0_0_0_0_0_0_0_0 = 1.0402e-07
pi2_0_0_0_0_l_0_0_0_0_0_0_0_0_0_0 = 9.88022e-08
pi2_0_0_0_0_l_0_0_0_0_0_0_0_0_0_0_0 = 9.41155e-08
pi2_0_0_0_0_l_0_0_0_0_0_0_0_0_0_0_0_0 = 8.98326e-08
pi2_0_0_0_0_l_0_0_0_0_0_0_0_0_0_0_0_0_0 = 8.59702e-08
pi2_0_0_0_0_l_0_0_0_0_0_0_0_0_0_0_0_0_0_0 = 8.23726e-08
pi2_0_0_0_0_l_0_0_0_0_0_0_0_0_0_0_0_0_0_0_0 = 7.91573e-08
pi2_0_0_0_0_l_0_0_0_0_0_0_0_0_0_0_0_0_0_0_0_0 = 7.60465e-08
pi2_0_0_0_0_l_0_0_0_0_0_0_0_0_0_0_0_0_0_0_0_0_0 = 7.34073e-08
pi2_0_0_0_0_l_0_0_0_0_0_0_0_0_0_0_0_0_0_0_0_0_0_0 = 7.05377e-08
pi2_0_0_0_0_l_0_0_0_0_0_0_0_0_0_0_0_0_0_0_0_0_0_0_0 = 6.86397e-08
pi2_0_0_0_0_l_0_0_0_0_0_0_0_0_0_0_0_0_0_0_0_0_0_0_0_0 = 6.53679e-08
