DD_0_0 = 2.02841e-08
DD_0_0_l_0 = 2.18151e-08
DD_0_0_l_0_0 = 1.95902e-08
Dr_0_0 = 3.56842e-09
Dr_0_0_l_0 = 4.13647e-09
Dr_0_0_l_0_0 = 4.54759e-09
Dr_0_0_l_0_0_0 = 4.43493e-09
Hl_0_0 = 0.000895192
Hl_0_0_l_0 = 0.000955384
Hl_0_0_l_0_0 = 0.000869678
Hr_0_0 = 0.0101213
I = 1
pi2_0_0_0_0 = 9.06076e-06
pi2_0_0_0_0_l_0 = 9.67001e-06
pi2_0_0_0_0_l_0_0 = 8.80244e-06
