DD_0_0 = 4.70908e-10
DD_0_0_l_0 = 4.35734e-10
DD_0_0_l_0_0 = 3.85066e-10
DD_0_0_l_0_0_0 = 3.58945e-10
DD_0_0_l_0_0_0_0 = 3.2353e-10
DD_0_0_l_0_0_0_0_0 = 3.05617e-10
DD_0_0_l_0_0_0_0_0_0 = 2.78067e-10
DD_0_0_l_0_0_0_0_0_0_0 = 2.66231e-10
DD_0_0_l_0_0_0_0_0_0_0_0 = 2.42758e-10
DD_0_0_l_0_0_0_0_0_0_0_0_0 = 2.36266e-10
DD_0_0_l_0_0_0_0_0_0_0_0_0_0 = 2.13858e-10
Dr_0_0 = 4.37637e-11
Dr_0_0_l_0 = 4.87623e-11
Dr_0_0_l_0_0 = 5.09253e-11
Dr_0_0_l_0_0_0 = 5.3203e-11
Dr_0_0_l_0_0_0_0 = 5.45722e-11
Dr_0_0_l_0_0_0_0_0 = 5.57154e-11
Dr_0_0_l_0_0_0_0_0_0 = 5.66476e-11
Dr_0_0_l_0_0_0_0_0_0_0 = 5.7074e-11
Dr_0_0_l_0_0_0_0_0_0_0_0 = 5.78703e-11
Dr_0_0_l_0_0_0_0_0_0_0_0_0 = 5.74493e-11
Dr_0_0_l_0_0_0_0_0_0_0_0_0_0 = 5.96709e-11
Dr_0_0_l_0_0_0_0_0_0_0_0_0_0_0 = 5.8115e-11
Hl_0_0 = 0.000196435
Hl_0_0_l_0 = 0.000182724
Hl_0_0_l_0_0 = 0.000162888
Hl_0_0_l_0_0_0 = 0.000152682
Hl_0_0_l_0_0_0_0 = 0.000138773
Hl_0_0_l_0_0_0_0_0 = 0.000131773
Hl_0_0_l_0_0_0_0_0_0 = 0.000120907
Hl_0_0_l_0_0_0_0_0_0_0 = 0.000116293
Hl_0_0_l_0_0_0_0_0_0_0_0 = 0.000106984
Hl_0_0_l_0_0_0_0_0_0_0_0_0 = 0.000104486
Hl_0_0_l_0_0_0_0_0_0_0_0_0_0 = 9.55524e-05
Hr_0_0 = 0.00101213
I = 1
pi2_0_0_0_0 = 1.98821e-07
pi2_0_0_0_0_l_0 = 1.84944e-07
pi2_0_0_0_0_l_0_0 = 1.64867e-07
pi2_0_0_0_0_l_0_0_0 = 1.54537e-07
pi2_0_0_0_0_l_0_0_0_0 = 1.40459e-07
pi2_0_0_0_0_l_0_0_0_0_0 = 1.33373e-07
pi2_0_0_0_0_l_0_0_0_0_0_0 = 1.22375e-07
pi2_0_0_0_0_l_0_0_0_0_0_0_0 = 1.17705e-07
pi2_0_0_0_0_l_0_0_0_0_0_0_0_0 = 1.08284e-07
pi2_0_0_0_0_l_0_0_0_0_0_0_0_0_0 = 1.05756e-07
pi2_0_0_0_0_l_0_0_0_0_0_0_0_0_0_0 = 9.67131e-08
