DD_0_0 = 2.00186e-08
DD_0_0_l_0 = 2.18159e-08
DD_0_0_l_0_0 = 1.94968e-08
DD_0_0_l_0_0_0 = 1.95951e-08
DD_0_0_l_0_0_0_0 = 1.78707e-08
DD_0_0_l_0_0_0_0_0 = 1.77711e-08
DD_0_0_l_0_0_0_0_0_0 = 1.63547e-08
DD_0_0_l_0_0_0_0_0_0_0 = 1.62443e-08
DD_0_0_l_0_0_0_0_0_0_0_0 = 1.50179e-08
DD_0_0_l_0_0_0_0_0_0_0_0_0 = 1.49492e-08
DD_0_0_l_0_0_0_0_0_0_0_0_0_0 = 1.38435e-08
Dr_0_0 = 3.51108e-09
Dr_0_0_l_0 = 4.18785e-09
Dr_0_0_l_0_0 = 4.13984e-09
Dr_0_0_l_0_0_0 = 4.38534e-09
Dr_0_0_l_0_0_0_0 = 4.38599e-09
Dr_0_0_l_0_0_0_0_0 = 4.52033e-09
Dr_0_0_l_0_0_0_0_0_0 = 4.53629e-09
Dr_0_0_l_0_0_0_0_0_0_0 = 4.60536e-09
Dr_0_0_l_0_0_0_0_0_0_0_0 = 4.64493e-09
Dr_0_0_l_0_0_0_0_0_0_0_0_0 = 4.62516e-09
Dr_0_0_l_0_0_0_0_0_0_0_0_0_0 = 4.79648e-09
Dr_0_0_l_0_0_0_0_0_0_0_0_0_0_0 = 4.72798e-09
Hl_0_0 = 0.000884616
Hl_0_0_l_0 = 0.000955283
Hl_0_0_l_0_0 = 0.000865937
Hl_0_0_l_0_0_0 = 0.000869819
Hl_0_0_l_0_0_0_0 = 0.0008029
Hl_0_0_l_0_0_0_0_0 = 0.000799068
Hl_0_0_l_0_0_0_0_0_0 = 0.000743746
Hl_0_0_l_0_0_0_0_0_0_0 = 0.000739526
Hl_0_0_l_0_0_0_0_0_0_0_0 = 0.000691323
Hl_0_0_l_0_0_0_0_0_0_0_0_0 = 0.000688766
Hl_0_0_l_0_0_0_0_0_0_0_0_0_0 = 0.00064508
Hr_0_0 = 0.0101213
I = 1
pi2_0_0_0_0 = 8.95378e-06
pi2_0_0_0_0_l_0 = 9.6689e-06
pi2_0_0_0_0_l_0_0 = 8.76457e-06
pi2_0_0_0_0_l_0_0_0 = 8.80384e-06
pi2_0_0_0_0_l_0_0_0_0 = 8.12652e-06
pi2_0_0_0_0_l_0_0_0_0_0 = 8.08773e-06
pi2_0_0_0_0_l_0_0_0_0_0_0 = 7.52778e-06
pi2_0_0_0_0_l_0_0_0_0_0_0_0 = 7.48506e-06
pi2_0_0_0_0_l_0_0_0_0_0_0_0_0 = 6.99717e-06
pi2_0_0_0_0_l_0_0_0_0_0_0_0_0_0 = 6.9713e-06
pi2_0_0_0_0_l_0_0_0_0_0_0_0_0_0_0 = 6.52913e-06
