DD_0_0 = 5.2941e-10
DD_0_0_l_0 = 2.41436e-09
DD_0_0_l_0_0 = 2.08878e-09
DD_0_0_l_0_0_0 = 2.41032e-09
DD_0_0_l_0_0_0_0 = 2.27073e-09
DD_0_0_l_0_0_0_0_0 = 2.3805e-09
DD_0_0_l_0_0_0_0_0_0 = 2.30053e-09
DD_0_0_l_0_0_0_0_0_0_0 = 2.34347e-09
DD_0_0_l_0_0_0_0_0_0_0_0 = 2.28971e-09
DD_0_0_l_0_0_0_0_0_0_0_0_0 = 2.30404e-09
DD_0_0_l_0_0_0_0_0_0_0_0_0_0 = 2.26402e-09
Dr_0_0 = -4.00042e-09
Dr_0_0_l_0 = 1.13938e-09
Dr_0_0_l_0_0 = 1.8703e-09
Dr_0_0_l_0_0_0 = 2.65481e-09
Dr_0_0_l_0_0_0_0 = 3.03846e-09
Dr_0_0_l_0_0_0_0_0 = 3.27553e-09
Dr_0_0_l_0_0_0_0_0_0 = 3.5211e-09
Dr_0_0_l_0_0_0_0_0_0_0 = 3.59881e-09
Dr_0_0_l_0_0_0_0_0_0_0_0 = 3.77217e-09
Dr_0_0_l_0_0_0_0_0_0_0_0_0 = 3.78737e-09
Dr_0_0_l_0_0_0_0_0_0_0_0_0_0 = 3.91709e-09
Dr_0_0_l_0_0_0_0_0_0_0_0_0_0_0 = 3.99869e-09
Hl_0_0 = 9.52868e-05
Hl_0_0_l_0 = 9.95236e-05
Hl_0_0_l_0_0 = 9.74337e-05
Hl_0_0_l_0_0_0 = 9.85385e-05
Hl_0_0_l_0_0_0_0 = 9.70865e-05
Hl_0_0_l_0_0_0_0_0 = 9.75727e-05
Hl_0_0_l_0_0_0_0_0_0 = 9.63993e-05
Hl_0_0_l_0_0_0_0_0_0_0 = 9.66258e-05
Hl_0_0_l_0_0_0_0_0_0_0_0 = 9.5611e-05
Hl_0_0_l_0_0_0_0_0_0_0_0_0 = 9.56971e-05
Hl_0_0_l_0_0_0_0_0_0_0_0_0_0 = 9.47862e-05
Hr_0_0 = 0.0101218
I = 1
pi2_0_0_0_0 = 9.66648e-07
pi2_0_0_0_0_l_0 = 1.00879e-06
pi2_0_0_0_0_l_0_0 = 9.87166e-07
pi2_0_0_0_0_l_0_0_0 = 9.98238e-07
pi2_0_0_0_0_l_0_0_0_0 = 9.83322e-07
pi2_0_0_0_0_l_0_0_0_0_0 = 9.88214e-07
pi2_0_0_0_0_l_0_0_0_0_0_0 = 9.76205e-07
pi2_0_0_0_0_l_0_0_0_0_0_0_0 = 9.78492e-07
pi2_0_0_0_0_l_0_0_0_0_0_0_0_0 = 9.68128e-07
pi2_0_0_0_0_l_0_0_0_0_0_0_0_0_0 = 9.69004e-07
pi2_0_0_0_0_l_0_0_0_0_0_0_0_0_0_0 = 9.5972e-07
