DD_0_0 = 5.80932e-09
DD_0_0_l_0 = 2.434e-09
DD_0_0_l_0_0 = 2.80324e-09
DD_0_0_l_0_0_0 = 1.99126e-09
DD_0_0_l_0_0_0_0 = 2.07495e-09
DD_0_0_l_0_0_0_0_0 = 1.67026e-09
Dr_0_0 = 1.56661e-08
Dr_0_0_l_0 = 8.20765e-09
Dr_0_0_l_0_0 = 7.50648e-09
Dr_0_0_l_0_0_0 = 6.03305e-09
Dr_0_0_l_0_0_0_0 = 5.65708e-09
Dr_0_0_l_0_0_0_0_0 = 4.96103e-09
Dr_0_0_l_0_0_0_0_0_0 = 4.39908e-09
Hl_0_0 = 0.000114746
Hl_0_0_l_0 = 9.42539e-05
Hl_0_0_l_0_0 = 9.54865e-05
Hl_0_0_l_0_0_0 = 8.56692e-05
Hl_0_0_l_0_0_0_0 = 8.58111e-05
Hl_0_0_l_0_0_0_0_0 = 7.85399e-05
Hr_0_0 = 0.00101203
I = 1
pi2_0_0_0_0 = 1.13258e-07
pi2_0_0_0_0_l_0 = 9.42758e-08
pi2_0_0_0_0_l_0_0 = 9.56394e-08
pi2_0_0_0_0_l_0_0_0 = 8.61546e-08
pi2_0_0_0_0_l_0_0_0_0 = 8.6269e-08
pi2_0_0_0_0_l_0_0_0_0_0 = 7.91341e-08
