DD_0_0 = 3.60791e-09
DD_0_0_l_0 = 2.58769e-09
DD_0_0_l_0_0 = 2.70594e-09
DD_0_0_l_0_0_0 = 2.50699e-09
DD_0_0_l_0_0_0_0 = 2.53492e-09
DD_0_0_l_0_0_0_0_0 = 2.44638e-09
Dr_0_0 = 1.04053e-08
Dr_0_0_l_0 = 7.00727e-09
Dr_0_0_l_0_0 = 6.82648e-09
Dr_0_0_l_0_0_0 = 6.13359e-09
Dr_0_0_l_0_0_0_0 = 6.04887e-09
Dr_0_0_l_0_0_0_0_0 = 5.73252e-09
Dr_0_0_l_0_0_0_0_0_0 = 5.49628e-09
Hl_0_0 = 0.000103215
Hl_0_0_l_0 = 9.94839e-05
Hl_0_0_l_0_0 = 0.000100077
Hl_0_0_l_0_0_0 = 9.84988e-05
Hl_0_0_l_0_0_0_0 = 9.86729e-05
Hl_0_0_l_0_0_0_0_0 = 9.75331e-05
Hr_0_0 = 0.0101202
I = 1
pi2_0_0_0_0 = 1.04244e-06
pi2_0_0_0_0_l_0 = 1.00596e-06
pi2_0_0_0_0_l_0_0 = 1.01197e-06
pi2_0_0_0_0_l_0_0_0 = 9.9633e-07
pi2_0_0_0_0_l_0_0_0_0 = 9.98065e-07
pi2_0_0_0_0_l_0_0_0_0_0 = 9.86687e-07
