DD_0_0 = -3.08109e-09
DD_0_0_l_0 = 2.37089e-09
DD_0_0_l_0_0 = 1.36137e-09
DD_0_0_l_0_0_0 = 2.38571e-09
DD_0_0_l_0_0_0_0 = 1.95704e-09
DD_0_0_l_0_0_0_0_0 = 2.36362e-09
DD_0_0_l_0_0_0_0_0_0 = 2.12535e-09
DD_0_0_l_0_0_0_0_0_0_0 = 2.33074e-09
DD_0_0_l_0_0_0_0_0_0_0_0 = 2.17777e-09
DD_0_0_l_0_0_0_0_0_0_0_0_0 = 2.29388e-09
DD_0_0_l_0_0_0_0_0_0_0_0_0_0 = 2.18628e-09
DD_0_0_l_0_0_0_0_0_0_0_0_0_0_0 = 2.25552e-09
DD_0_0_l_0_0_0_0_0_0_0_0_0_0_0_0 = 2.17489e-09
DD_0_0_l_0_0_0_0_0_0_0_0_0_0_0_0_0 = 2.21678e-09
DD_0_0_l_0_0_0_0_0_0_0_0_0_0_0_0_0_0 = 2.15349e-09
DD_0_0_l_0_0_0_0_0_0_0_0_0_0_0_0_0_0_0 = 2.17821e-09
DD_0_0_l_0_0_0_0_0_0_0_0_0_0_0_0_0_0_0_0 = 2.12674e-09
DD_0_0_l_0_0_0_0_0_0_0_0_0_0_0_0_0_0_0_0_0 = 2.14009e-09
DD_0_0_l_0_0_0_0_0_0_0_0_0_0_0_0_0_0_0_0_0_0 = 2.09707e-09
DD_0_0_l_0_0_0_0_0_0_0_0_0_0_0_0_0_0_0_0_0_0_0 = 2.1026e-09
DD_0_0_l_0_0_0_0_0_0_0_0_0_0_0_0_0_0_0_0_0_0_0_0 = 2.06585e-09
Dr_0_0 = -2.30918e-08
Dr_0_0_l_0 = -5.69781e-09
Dr_0_0_l_0_0 = -4.46193e-09
Dr_0_0_l_0_0_0 = -1.39682e-09
Dr_0_0_l_0_0_0_0 = -7.33355e-10
Dr_0_0_l_0_0_0_0_0 = 4.1472e-10
Dr_0_0_l_0_0_0_0_0_0 = 8.48727e-10
Dr_0_0_l_0_0_0_0_0_0_0 = 1.39807e-09
Dr_0_0_l_0_0_0_0_0_0_0_0 = 1.71128e-09
Dr_0_0_l_0_0_0_0_0_0_0_0_0 = 2.00579e-09
Dr_0_0_l_0_0_0_0_0_0_0_0_0_0 = 2.24554e-09
Dr_0_0_l_0_0_0_0_0_0_0_0_0_0_0 = 2.41174e-09
Dr_0_0_l_0_0_0_0_0_0_0_0_0_0_0_0 = 2.60263e-09
Dr_0_0_l_0_0_0_0_0_0_0_0_0_0_0_0_0 = 2.69699e-09
Dr_0_0_l_0_0_0_0_0_0_0_0_0_0_0_0_0_0 = 2.85331e-09
Dr_0_0_l_0_0_0_0_0_0_0_0_0_0_0_0_0_0_0 = 2.90443e-09
Dr_0_0_l_0_0_0_0_0_0_0_0_0_0_0_0_0_0_0_0 = 3.03518e-09
Dr_0_0_l_0_0_0_0_0_0_0_0_0_0_0_0_0_0_0_0_0 = 3.05886e-09
Dr_0_0_l_0_0_0_0_0_0_0_0_0_0_0_0_0_0_0_0_0_0 = 3.17003e-09
Dr_0_0_l_0_0_0_0_0_0_0_0_0_0_0_0_0_0_0_0_0_0_0 = 3.17562e-09
Dr_0_0_l_0_0_0_0_0_0_0_0_0_0_0_0_0_0_0_0_0_0_0_0 = 3.2714e-09
Dr_0_0_l_0_0_0_0_0_0_0_0_0_0_0_0_0_0_0_0_0_0_0_0_0 = 3.33977e-09
Hl_0_0 = 9.22363e-05
Hl_0_0_l_0 = 9.95388e-05
Hl_0_0_l_0_0 = 9.64167e-05
Hl_0_0_l_0_0_0 = 9.85537e-05
Hl_0_0_l_0_0_0_0 = 9.64761e-05
Hl_0_0_l_0_0_0_0_0 = 9.7588e-05
Hl_0_0_l_0_0_0_0_0_0 = 9.59631e-05
Hl_0_0_l_0_0_0_0_0_0_0 = 9.66411e-05
Hl_0_0_l_0_0_0_0_0_0_0_0 = 9.52714e-05
Hl_0_0_l_0_0_0_0_0_0_0_0_0 = 9.57124e-05
Hl_0_0_l_0_0_0_0_0_0_0_0_0_0 = 9.45081e-05
Hl_0_0_l_0_0_0_0_0_0_0_0_0_0_0 = 9.48015e-05
Hl_0_0_l_0_0_0_0_0_0_0_0_0_0_0_0 = 9.37141e-05
Hl_0_0_l_0_0_0_0_0_0_0_0_0_0_0_0_0 = 9.39078e-05
Hl_0_0_l_0_0_0_0_0_0_0_0_0_0_0_0_0_0 = 9.2908e-05
Hl_0_0_l_0_0_0_0_0_0_0_0_0_0_0_0_0_0_0 = 9.30309e-05
Hl_0_0_l_0_0_0_0_0_0_0_0_0_0_0_0_0_0_0_0 = 9.20997e-05
Hl_0_0_l_0_0_0_0_0_0_0_0_0_0_0_0_0_0_0_0_0 = 9.21703e-05
Hl_0_0_l_0_0_0_0_0_0_0_0_0_0_0_0_0_0_0_0_0_0 = 9.12947e-05
Hl_0_0_l_0_0_0_0_0_0_0_0_0_0_0_0_0_0_0_0_0_0_0 = 9.13255e-05
Hl_0_0_l_0_0_0_0_0_0_0_0_0_0_0_0_0_0_0_0_0_0_0_0 = 9.0496e-05
Hr_0_0 = 0.0101227
I = 1
pi2_0_0_0_0 = 9.41608e-07
pi2_0_0_0_0_l_0 = 1.0121e-06
pi2_0_0_0_0_l_0_0 = 9.7929e-07
pi2_0_0_0_0_l_0_0_0 = 1.0003e-06
pi2_0_0_0_0_l_0_0_0_0 = 9.78723e-07
pi2_0_0_0_0_l_0_0_0_0_0 = 9.89742e-07
pi2_0_0_0_0_l_0_0_0_0_0_0 = 9.72973e-07
pi2_0_0_0_0_l_0_0_0_0_0_0_0 = 9.79722e-07
pi2_0_0_0_0_l_0_0_0_0_0_0_0_0 = 9.65642e-07
pi2_0_0_0_0_l_0_0_0_0_0_0_0_0_0 = 9.70045e-07
pi2_0_0_0_0_l_0_0_0_0_0_0_0_0_0_0 = 9.57698e-07
pi2_0_0_0_0_l_0_0_0_0_0_0_0_0_0_0_0 = 9.60633e-07
pi2_0_0_0_0_l_0_0_0_0_0_0_0_0_0_0_0_0 = 9.49504e-07
pi2_0_0_0_0_l_0_0_0_0_0_0_0_0_0_0_0_0_0 = 9.51447e-07
pi2_0_0_0_0_l_0_0_0_0_0_0_0_0_0_0_0_0_0_0 = 9.41229e-07
pi2_0_0_0_0_l_0_0_0_0_0_0_0_0_0_0_0_0_0_0_0 = 9.42464e-07
pi2_0_0_0_0_l_0_0_0_0_0_0_0_0_0_0_0_0_0_0_0_0 = 9.32957e-07
pi2_0_0_0_0_l_0_0_0_0_0_0_0_0_0_0_0_0_0_0_0_0_0 = 9.33667e-07
pi2_0_0_0_0_l_0_0_0_0_0_0_0_0_0_0_0_0_0_0_0_0_0_0 = 9.24735e-07
pi2_0_0_0_0_l_0_0_0_0_0_0_0_0_0_0_0_0_0_0_0_0_0_0_0 = 9.25048e-07
pi2_0_0_0_0_l_0_0_0_0_0_0_0_0_0_0_0_0_0_0_0_0_0_0_0_0 = 9.16594e-07
