DD_0_0 = -3.07796e-11
DD_0_0_l_0 = 2.37086e-11
DD_0_0_l_0_0 = 1.36158e-11
DD_0_0_l_0_0_0 = 2.38543e-11
DD_0_0_l_0_0_0_0 = 1.95684e-11
DD_0_0_l_0_0_0_0_0 = 2.36324e-11
DD_0_0_l_0_0_0_0_0_0 = 2.12503e-11
DD_0_0_l_0_0_0_0_0_0_0 = 2.33033e-11
DD_0_0_l_0_0_0_0_0_0_0_0 = 2.17739e-11
DD_0_0_l_0_0_0_0_0_0_0_0_0 = 2.29345e-11
DD_0_0_l_0_0_0_0_0_0_0_0_0_0 = 2.18587e-11
DD_0_0_l_0_0_0_0_0_0_0_0_0_0_0 = 2.25509e-11
DD_0_0_l_0_0_0_0_0_0_0_0_0_0_0_0 = 2.17447e-11
DD_0_0_l_0_0_0_0_0_0_0_0_0_0_0_0_0 = 2.21635e-11
DD_0_0_l_0_0_0_0_0_0_0_0_0_0_0_0_0_0 = 2.15307e-11
DD_0_0_l_0_0_0_0_0_0_0_0_0_0_0_0_0_0_0 = 2.17778e-11
DD_0_0_l_0_0_0_0_0_0_0_0_0_0_0_0_0_0_0_0 = 2.12632e-11
DD_0_0_l_0_0_0_0_0_0_0_0_0_0_0_0_0_0_0_0_0 = 2.13967e-11
DD_0_0_l_0_0_0_0_0_0_0_0_0_0_0_0_0_0_0_0_0_0 = 2.09666e-11
DD_0_0_l_0_0_0_0_0_0_0_0_0_0_0_0_0_0_0_0_0_0_0 = 2.10218e-11
DD_0_0_l_0_0_0_0_0_0_0_0_0_0_0_0_0_0_0_0_0_0_0_0 = 2.06544e-11
Dr_0_0 = -2.30744e-10
Dr_0_0_l_0 = -5.68984e-11
Dr_0_0_l_0_0 = -4.45596e-11
Dr_0_0_l_0_0_0 = -1.39252e-11
Dr_0_0_l_0_0_0_0 = -7.30012e-12
Dr_0_0_l_0_0_0_0_0 = 4.17433e-12
Dr_0_0_l_0_0_0_0_0_0 = 8.50854e-12
Dr_0_0_l_0_0_0_0_0_0_0 = 1.3999e-11
Dr_0_0_l_0_0_0_0_0_0_0_0 = 1.7127e-11
Dr_0_0_l_0_0_0_0_0_0_0_0_0 = 2.00704e-11
Dr_0_0_l_0_0_0_0_0_0_0_0_0_0 = 2.24649e-11
Dr_0_0_l_0_0_0_0_0_0_0_0_0_0_0 = 2.4126e-11
Dr_0_0_l_0_0_0_0_0_0_0_0_0_0_0_0 = 2.60326e-11
Dr_0_0_l_0_0_0_0_0_0_0_0_0_0_0_0_0 = 2.69756e-11
Dr_0_0_l_0_0_0_0_0_0_0_0_0_0_0_0_0_0 = 2.8537e-11
Dr_0_0_l_0_0_0_0_0_0_0_0_0_0_0_0_0_0_0 = 2.90479e-11
Dr_0_0_l_0_0_0_0_0_0_0_0_0_0_0_0_0_0_0_0 = 3.03538e-11
Dr_0_0_l_0_0_0_0_0_0_0_0_0_0_0_0_0_0_0_0_0 = 3.05905e-11
Dr_0_0_l_0_0_0_0_0_0_0_0_0_0_0_0_0_0_0_0_0_0 = 3.17009e-11
Dr_0_0_l_0_0_0_0_0_0_0_0_0_0_0_0_0_0_0_0_0_0_0 = 3.17568e-11
Dr_0_0_l_0_0_0_0_0_0_0_0_0_0_0_0_0_0_0_0_0_0_0_0 = 3.27134e-11
Dr_0_0_l_0_0_0_0_0_0_0_0_0_0_0_0_0_0_0_0_0_0_0_0_0 = 3.33962e-11
Hl_0_0 = 9.22363e-06
Hl_0_0_l_0 = 9.95388e-06
Hl_0_0_l_0_0 = 9.64167e-06
Hl_0_0_l_0_0_0 = 9.85537e-06
Hl_0_0_l_0_0_0_0 = 9.64761e-06
Hl_0_0_l_0_0_0_0_0 = 9.7588e-06
Hl_0_0_l_0_0_0_0_0_0 = 9.59631e-06
Hl_0_0_l_0_0_0_0_0_0_0 = 9.66411e-06
Hl_0_0_l_0_0_0_0_0_0_0_0 = 9.52714e-06
Hl_0_0_l_0_0_0_0_0_0_0_0_0 = 9.57124e-06
Hl_0_0_l_0_0_0_0_0_0_0_0_0_0 = 9.45081e-06
Hl_0_0_l_0_0_0_0_0_0_0_0_0_0_0 = 9.48015e-06
Hl_0_0_l_0_0_0_0_0_0_0_0_0_0_0_0 = 9.37141e-06
Hl_0_0_l_0_0_0_0_0_0_0_0_0_0_0_0_0 = 9.39078e-06
Hl_0_0_l_0_0_0_0_0_0_0_0_0_0_0_0_0_0 = 9.2908e-06
Hl_0_0_l_0_0_0_0_0_0_0_0_0_0_0_0_0_0_0 = 9.30309e-06
Hl_0_0_l_0_0_0_0_0_0_0_0_0_0_0_0_0_0_0_0 = 9.20997e-06
Hl_0_0_l_0_0_0_0_0_0_0_0_0_0_0_0_0_0_0_0_0 = 9.21703e-06
Hl_0_0_l_0_0_0_0_0_0_0_0_0_0_0_0_0_0_0_0_0_0 = 9.12947e-06
Hl_0_0_l_0_0_0_0_0_0_0_0_0_0_0_0_0_0_0_0_0_0_0 = 9.13255e-06
Hl_0_0_l_0_0_0_0_0_0_0_0_0_0_0_0_0_0_0_0_0_0_0_0 = 9.0496e-06
Hr_0_0 = 0.00101214
I = 1
pi2_0_0_0_0 = 9.41489e-09
pi2_0_0_0_0_l_0 = 1.01197e-08
pi2_0_0_0_0_l_0_0 = 9.79168e-09
pi2_0_0_0_0_l_0_0_0 = 1.00018e-08
pi2_0_0_0_0_l_0_0_0_0 = 9.78602e-09
pi2_0_0_0_0_l_0_0_0_0_0 = 9.89619e-09
pi2_0_0_0_0_l_0_0_0_0_0_0 = 9.72853e-09
pi2_0_0_0_0_l_0_0_0_0_0_0_0 = 9.79601e-09
pi2_0_0_0_0_l_0_0_0_0_0_0_0_0 = 9.65523e-09
pi2_0_0_0_0_l_0_0_0_0_0_0_0_0_0 = 9.69925e-09
pi2_0_0_0_0_l_0_0_0_0_0_0_0_0_0_0 = 9.57579e-09
pi2_0_0_0_0_l_0_0_0_0_0_0_0_0_0_0_0 = 9.60515e-09
pi2_0_0_0_0_l_0_0_0_0_0_0_0_0_0_0_0_0 = 9.49387e-09
pi2_0_0_0_0_l_0_0_0_0_0_0_0_0_0_0_0_0_0 = 9.5133e-09
pi2_0_0_0_0_l_0_0_0_0_0_0_0_0_0_0_0_0_0_0 = 9.41113e-09
pi2_0_0_0_0_l_0_0_0_0_0_0_0_0_0_0_0_0_0_0_0 = 9.42347e-09
pi2_0_0_0_0_l_0_0_0_0_0_0_0_0_0_0_0_0_0_0_0_0 = 9.32841e-09
pi2_0_0_0_0_l_0_0_0_0_0_0_0_0_0_0_0_0_0_0_0_0_0 = 9.33552e-09
pi2_0_0_0_0_l_0_0_0_0_0_0_0_0_0_0_0_0_0_0_0_0_0_0 = 9.24621e-09
pi2_0_0_0_0_l_0_0_0_0_0_0_0_0_0_0_0_0_0_0_0_0_0_0_0 = 9.24933e-09
pi2_0_0_0_0_l_0_0_0_0_0_0_0_0_0_0_0_0_0_0_0_0_0_0_0_0 = 9.16481e-09
