DD_0_0 = 5.30007e-10
DD_0_0_l_0 = 2.4143e-09
DD_0_0_l_0_0 = 2.08872e-09
DD_0_0_l_0_0_0 = 2.41018e-09
DD_0_0_l_0_0_0_0 = 2.27059e-09
DD_0_0_l_0_0_0_0_0 = 2.38033e-09
DD_0_0_l_0_0_0_0_0_0 = 2.30036e-09
DD_0_0_l_0_0_0_0_0_0_0 = 2.3433e-09
DD_0_0_l_0_0_0_0_0_0_0_0 = 2.28953e-09
DD_0_0_l_0_0_0_0_0_0_0_0_0 = 2.30386e-09
DD_0_0_l_0_0_0_0_0_0_0_0_0_0 = 2.26383e-09
Dr_0_0 = -3.99745e-09
Dr_0_0_l_0 = 1.14087e-09
Dr_0_0_l_0_0 = 1.87113e-09
Dr_0_0_l_0_0_0 = 2.65541e-09
Dr_0_0_l_0_0_0_0 = 3.03874e-09
Dr_0_0_l_0_0_0_0_0 = 3.27574e-09
Dr_0_0_l_0_0_0_0_0_0 = 3.52112e-09
Dr_0_0_l_0_0_0_0_0_0_0 = 3.5988e-09
Dr_0_0_l_0_0_0_0_0_0_0_0 = 3.77203e-09
Dr_0_0_l_0_0_0_0_0_0_0_0_0 = 3.78723e-09
Dr_0_0_l_0_0_0_0_0_0_0_0_0_0 = 3.91685e-09
Dr_0_0_l_0_0_0_0_0_0_0_0_0_0_0 = 3.99838e-09
Hl_0_0 = 9.52868e-05
Hl_0_0_l_0 = 9.95236e-05
Hl_0_0_l_0_0 = 9.74337e-05
Hl_0_0_l_0_0_0 = 9.85385e-05
Hl_0_0_l_0_0_0_0 = 9.70865e-05
Hl_0_0_l_0_0_0_0_0 = 9.75727e-05
Hl_0_0_l_0_0_0_0_0_0 = 9.63993e-05
Hl_0_0_l_0_0_0_0_0_0_0 = 9.66258e-05
Hl_0_0_l_0_0_0_0_0_0_0_0 = 9.5611e-05
Hl_0_0_l_0_0_0_0_0_0_0_0_0 = 9.56971e-05
Hl_0_0_l_0_0_0_0_0_0_0_0_0_0 = 9.47862e-05
Hr_0_0 = 0.0101218
I = 1
pi2_0_0_0_0 = 9.66647e-07
pi2_0_0_0_0_l_0 = 1.00879e-06
pi2_0_0_0_0_l_0_0 = 9.87165e-07
pi2_0_0_0_0_l_0_0_0 = 9.98237e-07
pi2_0_0_0_0_l_0_0_0_0 = 9.83322e-07
pi2_0_0_0_0_l_0_0_0_0_0 = 9.88214e-07
pi2_0_0_0_0_l_0_0_0_0_0_0 = 9.76205e-07
pi2_0_0_0_0_l_0_0_0_0_0_0_0 = 9.78492e-07
pi2_0_0_0_0_l_0_0_0_0_0_0_0_0 = 9.68128e-07
pi2_0_0_0_0_l_0_0_0_0_0_0_0_0_0 = 9.69004e-07
pi2_0_0_0_0_l_0_0_0_0_0_0_0_0_0_0 = 9.59719e-07
