DD_0_0 = 3.60716e-09
DD_0_0_l_0 = 2.58737e-09
DD_0_0_l_0_0 = 2.7056e-09
DD_0_0_l_0_0_0 = 2.50673e-09
DD_0_0_l_0_0_0_0 = 2.53465e-09
DD_0_0_l_0_0_0_0_0 = 2.44614e-09
Dr_0_0 = 1.04011e-08
Dr_0_0_l_0 = 7.00493e-09
Dr_0_0_l_0_0 = 6.82427e-09
Dr_0_0_l_0_0_0 = 6.13181e-09
Dr_0_0_l_0_0_0_0 = 6.04713e-09
Dr_0_0_l_0_0_0_0_0 = 5.731e-09
Dr_0_0_l_0_0_0_0_0_0 = 5.4949e-09
Hl_0_0 = 0.000103215
Hl_0_0_l_0 = 9.94839e-05
Hl_0_0_l_0_0 = 0.000100077
Hl_0_0_l_0_0_0 = 9.84988e-05
Hl_0_0_l_0_0_0_0 = 9.86729e-05
Hl_0_0_l_0_0_0_0_0 = 9.75331e-05
Hr_0_0 = 0.0101202
I = 1
pi2_0_0_0_0 = 1.04244e-06
pi2_0_0_0_0_l_0 = 1.00596e-06
pi2_0_0_0_0_l_0_0 = 1.01197e-06
pi2_0_0_0_0_l_0_0_0 = 9.9633e-07
pi2_0_0_0_0_l_0_0_0_0 = 9.98065e-07
pi2_0_0_0_0_l_0_0_0_0_0 = 9.86687e-07
