DD_0_0 = -3.07831e-09
DD_0_0_l_0 = 2.37115e-09
DD_0_0_l_0_0 = 1.36175e-09
DD_0_0_l_0_0_0 = 2.38572e-09
DD_0_0_l_0_0_0_0 = 1.95708e-09
DD_0_0_l_0_0_0_0_0 = 2.36353e-09
DD_0_0_l_0_0_0_0_0_0 = 2.12529e-09
DD_0_0_l_0_0_0_0_0_0_0 = 2.33062e-09
DD_0_0_l_0_0_0_0_0_0_0_0 = 2.17766e-09
DD_0_0_l_0_0_0_0_0_0_0_0_0 = 2.29374e-09
DD_0_0_l_0_0_0_0_0_0_0_0_0_0 = 2.18614e-09
DD_0_0_l_0_0_0_0_0_0_0_0_0_0_0 = 2.25537e-09
DD_0_0_l_0_0_0_0_0_0_0_0_0_0_0_0 = 2.17474e-09
DD_0_0_l_0_0_0_0_0_0_0_0_0_0_0_0_0 = 2.21663e-09
DD_0_0_l_0_0_0_0_0_0_0_0_0_0_0_0_0_0 = 2.15333e-09
DD_0_0_l_0_0_0_0_0_0_0_0_0_0_0_0_0_0_0 = 2.17805e-09
DD_0_0_l_0_0_0_0_0_0_0_0_0_0_0_0_0_0_0_0 = 2.12658e-09
DD_0_0_l_0_0_0_0_0_0_0_0_0_0_0_0_0_0_0_0_0 = 2.13993e-09
DD_0_0_l_0_0_0_0_0_0_0_0_0_0_0_0_0_0_0_0_0_0 = 2.09691e-09
DD_0_0_l_0_0_0_0_0_0_0_0_0_0_0_0_0_0_0_0_0_0_0 = 2.10244e-09
DD_0_0_l_0_0_0_0_0_0_0_0_0_0_0_0_0_0_0_0_0_0_0_0 = 2.06569e-09
Dr_0_0 = -2.30771e-08
Dr_0_0_l_0 = -5.69048e-09
Dr_0_0_l_0_0 = -4.45646e-09
Dr_0_0_l_0_0_0 = -1.39265e-09
Dr_0_0_l_0_0_0_0 = -7.30073e-10
Dr_0_0_l_0_0_0_0_0 = 4.1751e-10
Dr_0_0_l_0_0_0_0_0_0 = 8.50979e-10
Dr_0_0_l_0_0_0_0_0_0_0 = 1.40009e-09
Dr_0_0_l_0_0_0_0_0_0_0_0 = 1.71292e-09
Dr_0_0_l_0_0_0_0_0_0_0_0_0 = 2.0073e-09
Dr_0_0_l_0_0_0_0_0_0_0_0_0_0 = 2.24678e-09
Dr_0_0_l_0_0_0_0_0_0_0_0_0_0_0 = 2.4129e-09
Dr_0_0_l_0_0_0_0_0_0_0_0_0_0_0_0 = 2.60359e-09
Dr_0_0_l_0_0_0_0_0_0_0_0_0_0_0_0_0 = 2.6979e-09
Dr_0_0_l_0_0_0_0_0_0_0_0_0_0_0_0_0_0 = 2.85406e-09
Dr_0_0_l_0_0_0_0_0_0_0_0_0_0_0_0_0_0_0 = 2.90515e-09
Dr_0_0_l_0_0_0_0_0_0_0_0_0_0_0_0_0_0_0_0 = 3.03576e-09
Dr_0_0_l_0_0_0_0_0_0_0_0_0_0_0_0_0_0_0_0_0 = 3.05943e-09
Dr_0_0_l_0_0_0_0_0_0_0_0_0_0_0_0_0_0_0_0_0_0 = 3.17048e-09
Dr_0_0_l_0_0_0_0_0_0_0_0_0_0_0_0_0_0_0_0_0_0_0 = 3.17607e-09
Dr_0_0_l_0_0_0_0_0_0_0_0_0_0_0_0_0_0_0_0_0_0_0_0 = 3.27175e-09
Dr_0_0_l_0_0_0_0_0_0_0_0_0_0_0_0_0_0_0_0_0_0_0_0_0 = 3.34004e-09
Hl_0_0 = 9.22363e-05
Hl_0_0_l_0 = 9.95388e-05
Hl_0_0_l_0_0 = 9.64167e-05
Hl_0_0_l_0_0_0 = 9.85537e-05
Hl_0_0_l_0_0_0_0 = 9.64761e-05
Hl_0_0_l_0_0_0_0_0 = 9.7588e-05
Hl_0_0_l_0_0_0_0_0_0 = 9.59631e-05
Hl_0_0_l_0_0_0_0_0_0_0 = 9.66411e-05
Hl_0_0_l_0_0_0_0_0_0_0_0 = 9.52714e-05
Hl_0_0_l_0_0_0_0_0_0_0_0_0 = 9.57124e-05
Hl_0_0_l_0_0_0_0_0_0_0_0_0_0 = 9.45081e-05
Hl_0_0_l_0_0_0_0_0_0_0_0_0_0_0 = 9.48015e-05
Hl_0_0_l_0_0_0_0_0_0_0_0_0_0_0_0 = 9.37141e-05
Hl_0_0_l_0_0_0_0_0_0_0_0_0_0_0_0_0 = 9.39078e-05
Hl_0_0_l_0_0_0_0_0_0_0_0_0_0_0_0_0_0 = 9.2908e-05
Hl_0_0_l_0_0_0_0_0_0_0_0_0_0_0_0_0_0_0 = 9.30309e-05
Hl_0_0_l_0_0_0_0_0_0_0_0_0_0_0_0_0_0_0_0 = 9.20997e-05
Hl_0_0_l_0_0_0_0_0_0_0_0_0_0_0_0_0_0_0_0_0 = 9.21703e-05
Hl_0_0_l_0_0_0_0_0_0_0_0_0_0_0_0_0_0_0_0_0_0 = 9.12947e-05
Hl_0_0_l_0_0_0_0_0_0_0_0_0_0_0_0_0_0_0_0_0_0_0 = 9.13255e-05
Hl_0_0_l_0_0_0_0_0_0_0_0_0_0_0_0_0_0_0_0_0_0_0_0 = 9.0496e-05
Hr_0_0 = 0.0101227
I = 1
pi2_0_0_0_0 = 9.41605e-07
pi2_0_0_0_0_l_0 = 1.0121e-06
pi2_0_0_0_0_l_0_0 = 9.79288e-07
pi2_0_0_0_0_l_0_0_0 = 1.0003e-06
pi2_0_0_0_0_l_0_0_0_0 = 9.78722e-07
pi2_0_0_0_0_l_0_0_0_0_0 = 9.89741e-07
pi2_0_0_0_0_l_0_0_0_0_0_0 = 9.72972e-07
pi2_0_0_0_0_l_0_0_0_0_0_0_0 = 9.79721e-07
pi2_0_0_0_0_l_0_0_0_0_0_0_0_0 = 9.65642e-07
pi2_0_0_0_0_l_0_0_0_0_0_0_0_0_0 = 9.70045e-07
pi2_0_0_0_0_l_0_0_0_0_0_0_0_0_0_0 = 9.57697e-07
pi2_0_0_0_0_l_0_0_0_0_0_0_0_0_0_0_0 = 9.60633e-07
pi2_0_0_0_0_l_0_0_0_0_0_0_0_0_0_0_0_0 = 9.49504e-07
pi2_0_0_0_0_l_0_0_0_0_0_0_0_0_0_0_0_0_0 = 9.51447e-07
pi2_0_0_0_0_l_0_0_0_0_0_0_0_0_0_0_0_0_0_0 = 9.41228e-07
pi2_0_0_0_0_l_0_0_0_0_0_0_0_0_0_0_0_0_0_0_0 = 9.42463e-07
pi2_0_0_0_0_l_0_0_0_0_0_0_0_0_0_0_0_0_0_0_0_0 = 9.32956e-07
pi2_0_0_0_0_l_0_0_0_0_0_0_0_0_0_0_0_0_0_0_0_0_0 = 9.33667e-07
pi2_0_0_0_0_l_0_0_0_0_0_0_0_0_0_0_0_0_0_0_0_0_0_0 = 9.24735e-07
pi2_0_0_0_0_l_0_0_0_0_0_0_0_0_0_0_0_0_0_0_0_0_0_0_0 = 9.25047e-07
pi2_0_0_0_0_l_0_0_0_0_0_0_0_0_0_0_0_0_0_0_0_0_0_0_0_0 = 9.16594e-07
