DD_0_0 = 5.652e-09
DD_0_0_l_0 = 2.39039e-09
DD_0_0_l_0_0 = 2.75569e-09
DD_0_0_l_0_0_0 = 1.96394e-09
DD_0_0_l_0_0_0_0 = 2.04687e-09
DD_0_0_l_0_0_0_0_0 = 1.65066e-09
Dr_0_0 = 1.50231e-08
Dr_0_0_l_0 = 7.88984e-09
Dr_0_0_l_0_0 = 7.23027e-09
Dr_0_0_l_0_0_0 = 5.83207e-09
Dr_0_0_l_0_0_0_0 = 5.47037e-09
Dr_0_0_l_0_0_0_0_0 = 4.8131e-09
Dr_0_0_l_0_0_0_0_0_0 = 4.27554e-09
Hl_0_0 = 0.000114746
Hl_0_0_l_0 = 9.42539e-05
Hl_0_0_l_0_0 = 9.54865e-05
Hl_0_0_l_0_0_0 = 8.56692e-05
Hl_0_0_l_0_0_0_0 = 8.58111e-05
Hl_0_0_l_0_0_0_0_0 = 7.85399e-05
Hr_0_0 = 0.00101204
I = 1
pi2_0_0_0_0 = 1.13387e-07
pi2_0_0_0_0_l_0 = 9.43287e-08
pi2_0_0_0_0_l_0_0 = 9.56889e-08
pi2_0_0_0_0_l_0_0_0 = 8.61828e-08
pi2_0_0_0_0_l_0_0_0_0 = 8.62992e-08
pi2_0_0_0_0_l_0_0_0_0_0 = 7.91536e-08
