DD_0_0 = 3.60009e-11
DD_0_0_l_0 = 2.58444e-11
DD_0_0_l_0_0 = 2.70255e-11
DD_0_0_l_0_0_0 = 2.50433e-11
DD_0_0_l_0_0_0_0 = 2.53223e-11
DD_0_0_l_0_0_0_0_0 = 2.44397e-11
Dr_0_0 = 1.03601e-10
Dr_0_0_l_0 = 6.9823e-11
Dr_0_0_l_0_0 = 6.80287e-11
Dr_0_0_l_0_0_0 = 6.1147e-11
Dr_0_0_l_0_0_0_0 = 6.03041e-11
Dr_0_0_l_0_0_0_0_0 = 5.71639e-11
Dr_0_0_l_0_0_0_0_0_0 = 5.48176e-11
Hl_0_0 = 1.03215e-05
Hl_0_0_l_0 = 9.94839e-06
Hl_0_0_l_0_0 = 1.00077e-05
Hl_0_0_l_0_0_0 = 9.84988e-06
Hl_0_0_l_0_0_0_0 = 9.86729e-06
Hl_0_0_l_0_0_0_0_0 = 9.75331e-06
Hr_0_0 = 0.00101212
I = 1
pi2_0_0_0_0 = 1.04255e-08
pi2_0_0_0_0_l_0 = 1.00606e-08
pi2_0_0_0_0_l_0_0 = 1.01207e-08
pi2_0_0_0_0_l_0_0_0 = 9.96432e-09
pi2_0_0_0_0_l_0_0_0_0 = 9.98167e-09
pi2_0_0_0_0_l_0_0_0_0_0 = 9.86788e-09
