DD_0_0 = 2.31782e-09
DD_0_0_l_0 = 2.47976e-09
DD_0_0_l_0_0 = 2.44595e-09
Dr_0_0 = 4.38186e-09
Dr_0_0_l_0 = 4.54383e-09
Dr_0_0_l_0_0 = 4.70405e-09
Dr_0_0_l_0_0_0 = 4.74e-09
Hl_0_0 = 9.85517e-05
Hl_0_0_l_0 = 9.95072e-05
Hl_0_0_l_0_0 = 9.85221e-05
Hr_0_0 = 0.010121
I = 1
pi2_0_0_0_0 = 9.9748e-07
pi2_0_0_0_0_l_0 = 1.00721e-06
pi2_0_0_0_0_l_0_0 = 9.97197e-07
