DD_0_0 = 1.67386e-09
DD_0_0_l_0 = 2.3782e-09
DD_0_0_l_0_0 = 1.93421e-09
DD_0_0_l_0_0_0 = 1.95998e-09
DD_0_0_l_0_0_0_0 = 1.68981e-09
DD_0_0_l_0_0_0_0_0 = 1.6488e-09
DD_0_0_l_0_0_0_0_0_0 = 1.45686e-09
DD_0_0_l_0_0_0_0_0_0_0 = 1.40875e-09
DD_0_0_l_0_0_0_0_0_0_0_0 = 1.26218e-09
DD_0_0_l_0_0_0_0_0_0_0_0_0 = 1.21901e-09
DD_0_0_l_0_0_0_0_0_0_0_0_0_0 = 1.10191e-09
DD_0_0_l_0_0_0_0_0_0_0_0_0_0_0 = 1.06619e-09
DD_0_0_l_0_0_0_0_0_0_0_0_0_0_0_0 = 9.6936e-10
DD_0_0_l_0_0_0_0_0_0_0_0_0_0_0_0_0 = 9.41229e-10
DD_0_0_l_0_0_0_0_0_0_0_0_0_0_0_0_0_0 = 8.58711e-10
DD_0_0_l_0_0_0_0_0_0_0_0_0_0_0_0_0_0_0 = 8.37787e-10
DD_0_0_l_0_0_0_0_0_0_0_0_0_0_0_0_0_0_0_0 = 7.65351e-10
DD_0_0_l_0_0_0_0_0_0_0_0_0_0_0_0_0_0_0_0_0 = 7.51327e-10
DD_0_0_l_0_0_0_0_0_0_0_0_0_0_0_0_0_0_0_0_0_0 = 6.8568e-10
DD_0_0_l_0_0_0_0_0_0_0_0_0_0_0_0_0_0_0_0_0_0_0 = 6.78562e-10
DD_0_0_l_0_0_0_0_0_0_0_0_0_0_0_0_0_0_0_0_0_0_0_0 = 6.16848e-10
Dr_0_0 = 1.14258e-09
Dr_0_0_l_0 = 3.17991e-09
Dr_0_0_l_0_0 = 3.13825e-09
Dr_0_0_l_0_0_0 = 3.31655e-09
Dr_0_0_l_0_0_0_0 = 3.2353e-09
Dr_0_0_l_0_0_0_0_0 = 3.19526e-09
Dr_0_0_l_0_0_0_0_0_0 = 3.10646e-09
Dr_0_0_l_0_0_0_0_0_0_0 = 3.01524e-09
Dr_0_0_l_0_0_0_0_0_0_0_0 = 2.92803e-09
Dr_0_0_l_0_0_0_0_0_0_0_0_0 = 2.82634e-09
Dr_0_0_l_0_0_0_0_0_0_0_0_0_0 = 2.7433e-09
Dr_0_0_l_0_0_0_0_0_0_0_0_0_0_0 = 2.6447e-09
Dr_0_0_l_0_0_0_0_0_0_0_0_0_0_0_0 = 2.56581e-09
Dr_0_0_l_0_0_0_0_0_0_0_0_0_0_0_0_0 = 2.4759e-09
Dr_0_0_l_0_0_0_0_0_0_0_0_0_0_0_0_0_0 = 2.3997e-09
Dr_0_0_l_0_0_0_0_0_0_0_0_0_0_0_0_0_0_0 = 2.3217e-09
Dr_0_0_l_0_0_0_0_0_0_0_0_0_0_0_0_0_0_0_0 = 2.24541e-09
Dr_0_0_l_0_0_0_0_0_0_0_0_0_0_0_0_0_0_0_0_0 = 2.18264e-09
Dr_0_0_l_0_0_0_0_0_0_0_0_0_0_0_0_0_0_0_0_0_0 = 2.10153e-09
Dr_0_0_l_0_0_0_0_0_0_0_0_0_0_0_0_0_0_0_0_0_0_0 = 2.05934e-09
Dr_0_0_l_0_0_0_0_0_0_0_0_0_0_0_0_0_0_0_0_0_0_0_0 = 1.96505e-09
Dr_0_0_l_0_0_0_0_0_0_0_0_0_0_0_0_0_0_0_0_0_0_0_0_0 = 1.89544e-09
Hl_0_0 = 9.69625e-05
Hl_0_0_l_0 = 9.5167e-05
Hl_0_0_l_0_0 = 8.94815e-05
Hl_0_0_l_0_0_0 = 8.65915e-05
Hl_0_0_l_0_0_0_0 = 8.20851e-05
Hl_0_0_l_0_0_0_0_0 = 7.94907e-05
Hl_0_0_l_0_0_0_0_0_0 = 7.57287e-05
Hl_0_0_l_0_0_0_0_0_0_0 = 7.35052e-05
Hl_0_0_l_0_0_0_0_0_0_0_0 = 7.02689e-05
Hl_0_0_l_0_0_0_0_0_0_0_0_0 = 6.83875e-05
Hl_0_0_l_0_0_0_0_0_0_0_0_0_0 = 6.55371e-05
Hl_0_0_l_0_0_0_0_0_0_0_0_0_0_0 = 6.39615e-05
Hl_0_0_l_0_0_0_0_0_0_0_0_0_0_0_0 = 6.13949e-05
Hl_0_0_l_0_0_0_0_0_0_0_0_0_0_0_0_0 = 6.00986e-05
Hl_0_0_l_0_0_0_0_0_0_0_0_0_0_0_0_0_0 = 5.77325e-05
Hl_0_0_l_0_0_0_0_0_0_0_0_0_0_0_0_0_0_0 = 5.67044e-05
Hl_0_0_l_0_0_0_0_0_0_0_0_0_0_0_0_0_0_0_0 = 5.44603e-05
Hl_0_0_l_0_0_0_0_0_0_0_0_0_0_0_0_0_0_0_0_0 = 5.3711e-05
Hl_0_0_l_0_0_0_0_0_0_0_0_0_0_0_0_0_0_0_0_0_0 = 5.15013e-05
Hl_0_0_l_0_0_0_0_0_0_0_0_0_0_0_0_0_0_0_0_0_0_0 = 5.10747e-05
Hl_0_0_l_0_0_0_0_0_0_0_0_0_0_0_0_0_0_0_0_0_0_0_0 = 4.87803e-05
Hr_0_0 = 0.0010121
I = 1
pi2_0_0_0_0 = 9.90548e-08
pi2_0_0_0_0_l_0 = 9.68103e-08
pi2_0_0_0_0_l_0_0 = 9.09358e-08
pi2_0_0_0_0_l_0_0_0 = 8.79245e-08
pi2_0_0_0_0_l_0_0_0_0 = 8.33125e-08
pi2_0_0_0_0_l_0_0_0_0_0 = 8.06483e-08
pi2_0_0_0_0_l_0_0_0_0_0_0 = 7.68128e-08
pi2_0_0_0_0_l_0_0_0_0_0_0_0 = 7.454e-08
pi2_0_0_0_0_l_0_0_0_0_0_0_0_0 = 7.12473e-08
pi2_0_0_0_0_l_0_0_0_0_0_0_0_0_0 = 6.93282e-08
pi2_0_0_0_0_l_0_0_0_0_0_0_0_0_0_0 = 6.64318e-08
pi2_0_0_0_0_l_0_0_0_0_0_0_0_0_0_0_0 = 6.48262e-08
pi2_0_0_0_0_l_0_0_0_0_0_0_0_0_0_0_0_0 = 6.22207e-08
pi2_0_0_0_0_l_0_0_0_0_0_0_0_0_0_0_0_0_0 = 6.09002e-08
pi2_0_0_0_0_l_0_0_0_0_0_0_0_0_0_0_0_0_0_0 = 5.85e-08
pi2_0_0_0_0_l_0_0_0_0_0_0_0_0_0_0_0_0_0_0_0 = 5.74526e-08
pi2_0_0_0_0_l_0_0_0_0_0_0_0_0_0_0_0_0_0_0_0_0 = 5.51775e-08
pi2_0_0_0_0_l_0_0_0_0_0_0_0_0_0_0_0_0_0_0_0_0_0 = 5.44134e-08
pi2_0_0_0_0_l_0_0_0_0_0_0_0_0_0_0_0_0_0_0_0_0_0_0 = 5.21741e-08
pi2_0_0_0_0_l_0_0_0_0_0_0_0_0_0_0_0_0_0_0_0_0_0_0_0 = 5.17377e-08
pi2_0_0_0_0_l_0_0_0_0_0_0_0_0_0_0_0_0_0_0_0_0_0_0_0_0 = 4.94117e-08
