DD_0_0 = -3.05066e-09
DD_0_0_l_0 = 2.37372e-09
DD_0_0_l_0_0 = 1.3656e-09
DD_0_0_l_0_0_0 = 2.38576e-09
DD_0_0_l_0_0_0_0 = 1.95754e-09
DD_0_0_l_0_0_0_0_0 = 2.36271e-09
DD_0_0_l_0_0_0_0_0_0 = 2.12464e-09
DD_0_0_l_0_0_0_0_0_0_0 = 2.32941e-09
DD_0_0_l_0_0_0_0_0_0_0_0 = 2.17654e-09
DD_0_0_l_0_0_0_0_0_0_0_0_0 = 2.29233e-09
DD_0_0_l_0_0_0_0_0_0_0_0_0_0 = 2.18478e-09
DD_0_0_l_0_0_0_0_0_0_0_0_0_0_0 = 2.25386e-09
DD_0_0_l_0_0_0_0_0_0_0_0_0_0_0_0 = 2.17326e-09
DD_0_0_l_0_0_0_0_0_0_0_0_0_0_0_0_0 = 2.21506e-09
DD_0_0_l_0_0_0_0_0_0_0_0_0_0_0_0_0_0 = 2.15179e-09
DD_0_0_l_0_0_0_0_0_0_0_0_0_0_0_0_0_0_0 = 2.17646e-09
DD_0_0_l_0_0_0_0_0_0_0_0_0_0_0_0_0_0_0_0 = 2.125e-09
DD_0_0_l_0_0_0_0_0_0_0_0_0_0_0_0_0_0_0_0_0 = 2.13833e-09
DD_0_0_l_0_0_0_0_0_0_0_0_0_0_0_0_0_0_0_0_0_0 = 2.09533e-09
DD_0_0_l_0_0_0_0_0_0_0_0_0_0_0_0_0_0_0_0_0_0_0 = 2.10084e-09
DD_0_0_l_0_0_0_0_0_0_0_0_0_0_0_0_0_0_0_0_0_0_0_0 = 2.06411e-09
Dr_0_0 = -2.29308e-08
Dr_0_0_l_0 = -5.61749e-09
Dr_0_0_l_0_0 = -4.40198e-09
Dr_0_0_l_0_0_0 = -1.35114e-09
Dr_0_0_l_0_0_0_0 = -6.97416e-10
Dr_0_0_l_0_0_0_0_0 = 4.45259e-10
Dr_0_0_l_0_0_0_0_0_0 = 8.73372e-10
Dr_0_0_l_0_0_0_0_0_0_0 = 1.4201e-09
Dr_0_0_l_0_0_0_0_0_0_0_0 = 1.72928e-09
Dr_0_0_l_0_0_0_0_0_0_0_0_0 = 2.02235e-09
Dr_0_0_l_0_0_0_0_0_0_0_0_0_0 = 2.25914e-09
Dr_0_0_l_0_0_0_0_0_0_0_0_0_0_0 = 2.42451e-09
Dr_0_0_l_0_0_0_0_0_0_0_0_0_0_0_0 = 2.61311e-09
Dr_0_0_l_0_0_0_0_0_0_0_0_0_0_0_0_0 = 2.70698e-09
Dr_0_0_l_0_0_0_0_0_0_0_0_0_0_0_0_0_0 = 2.86147e-09
Dr_0_0_l_0_0_0_0_0_0_0_0_0_0_0_0_0_0_0 = 2.9123e-09
Dr_0_0_l_0_0_0_0_0_0_0_0_0_0_0_0_0_0_0_0 = 3.04154e-09
Dr_0_0_l_0_0_0_0_0_0_0_0_0_0_0_0_0_0_0_0_0 = 3.06507e-09
Dr_0_0_l_0_0_0_0_0_0_0_0_0_0_0_0_0_0_0_0_0_0 = 3.17496e-09
Dr_0_0_l_0_0_0_0_0_0_0_0_0_0_0_0_0_0_0_0_0_0_0 = 3.1805e-09
Dr_0_0_l_0_0_0_0_0_0_0_0_0_0_0_0_0_0_0_0_0_0_0_0 = 3.27518e-09
Dr_0_0_l_0_0_0_0_0_0_0_0_0_0_0_0_0_0_0_0_0_0_0_0_0 = 3.34268e-09
Hl_0_0 = 9.22363e-05
Hl_0_0_l_0 = 9.95388e-05
Hl_0_0_l_0_0 = 9.64167e-05
Hl_0_0_l_0_0_0 = 9.85537e-05
Hl_0_0_l_0_0_0_0 = 9.64761e-05
Hl_0_0_l_0_0_0_0_0 = 9.7588e-05
Hl_0_0_l_0_0_0_0_0_0 = 9.59631e-05
Hl_0_0_l_0_0_0_0_0_0_0 = 9.66411e-05
Hl_0_0_l_0_0_0_0_0_0_0_0 = 9.52714e-05
Hl_0_0_l_0_0_0_0_0_0_0_0_0 = 9.57124e-05
Hl_0_0_l_0_0_0_0_0_0_0_0_0_0 = 9.45081e-05
Hl_0_0_l_0_0_0_0_0_0_0_0_0_0_0 = 9.48015e-05
Hl_0_0_l_0_0_0_0_0_0_0_0_0_0_0_0 = 9.37141e-05
Hl_0_0_l_0_0_0_0_0_0_0_0_0_0_0_0_0 = 9.39078e-05
Hl_0_0_l_0_0_0_0_0_0_0_0_0_0_0_0_0_0 = 9.2908e-05
Hl_0_0_l_0_0_0_0_0_0_0_0_0_0_0_0_0_0_0 = 9.30309e-05
Hl_0_0_l_0_0_0_0_0_0_0_0_0_0_0_0_0_0_0_0 = 9.20997e-05
Hl_0_0_l_0_0_0_0_0_0_0_0_0_0_0_0_0_0_0_0_0 = 9.21703e-05
Hl_0_0_l_0_0_0_0_0_0_0_0_0_0_0_0_0_0_0_0_0_0 = 9.12947e-05
Hl_0_0_l_0_0_0_0_0_0_0_0_0_0_0_0_0_0_0_0_0_0_0 = 9.13255e-05
Hl_0_0_l_0_0_0_0_0_0_0_0_0_0_0_0_0_0_0_0_0_0_0_0 = 9.0496e-05
Hr_0_0 = 0.0101227
I = 1
pi2_0_0_0_0 = 9.41572e-07
pi2_0_0_0_0_l_0 = 1.01207e-06
pi2_0_0_0_0_l_0_0 = 9.79272e-07
pi2_0_0_0_0_l_0_0_0 = 1.00028e-06
pi2_0_0_0_0_l_0_0_0_0 = 9.78711e-07
pi2_0_0_0_0_l_0_0_0_0_0 = 9.8973e-07
pi2_0_0_0_0_l_0_0_0_0_0_0 = 9.72963e-07
pi2_0_0_0_0_l_0_0_0_0_0_0_0 = 9.79713e-07
pi2_0_0_0_0_l_0_0_0_0_0_0_0_0 = 9.65634e-07
pi2_0_0_0_0_l_0_0_0_0_0_0_0_0_0 = 9.70037e-07
pi2_0_0_0_0_l_0_0_0_0_0_0_0_0_0_0 = 9.57691e-07
pi2_0_0_0_0_l_0_0_0_0_0_0_0_0_0_0_0 = 9.60627e-07
pi2_0_0_0_0_l_0_0_0_0_0_0_0_0_0_0_0_0 = 9.49498e-07
pi2_0_0_0_0_l_0_0_0_0_0_0_0_0_0_0_0_0_0 = 9.51441e-07
pi2_0_0_0_0_l_0_0_0_0_0_0_0_0_0_0_0_0_0_0 = 9.41223e-07
pi2_0_0_0_0_l_0_0_0_0_0_0_0_0_0_0_0_0_0_0_0 = 9.42458e-07
pi2_0_0_0_0_l_0_0_0_0_0_0_0_0_0_0_0_0_0_0_0_0 = 9.32952e-07
pi2_0_0_0_0_l_0_0_0_0_0_0_0_0_0_0_0_0_0_0_0_0_0 = 9.33663e-07
pi2_0_0_0_0_l_0_0_0_0_0_0_0_0_0_0_0_0_0_0_0_0_0_0 = 9.24731e-07
pi2_0_0_0_0_l_0_0_0_0_0_0_0_0_0_0_0_0_0_0_0_0_0_0_0 = 9.25043e-07
pi2_0_0_0_0_l_0_0_0_0_0_0_0_0_0_0_0_0_0_0_0_0_0_0_0_0 = 9.1659e-07
