DD_0_0 = 5.35959e-10
DD_0_0_l_0 = 2.41379e-09
DD_0_0_l_0_0 = 2.08819e-09
DD_0_0_l_0_0_0 = 2.40879e-09
DD_0_0_l_0_0_0_0 = 2.26916e-09
DD_0_0_l_0_0_0_0_0 = 2.37866e-09
DD_0_0_l_0_0_0_0_0_0 = 2.29866e-09
DD_0_0_l_0_0_0_0_0_0_0 = 2.34151e-09
DD_0_0_l_0_0_0_0_0_0_0_0 = 2.28773e-09
DD_0_0_l_0_0_0_0_0_0_0_0_0 = 2.30204e-09
DD_0_0_l_0_0_0_0_0_0_0_0_0_0 = 2.26201e-09
Dr_0_0 = -3.96784e-09
Dr_0_0_l_0 = 1.15575e-09
Dr_0_0_l_0_0 = 1.8794e-09
Dr_0_0_l_0_0_0 = 2.66135e-09
Dr_0_0_l_0_0_0_0 = 3.04155e-09
Dr_0_0_l_0_0_0_0_0 = 3.27779e-09
Dr_0_0_l_0_0_0_0_0_0 = 3.5213e-09
Dr_0_0_l_0_0_0_0_0_0_0 = 3.5987e-09
Dr_0_0_l_0_0_0_0_0_0_0_0 = 3.77066e-09
Dr_0_0_l_0_0_0_0_0_0_0_0_0 = 3.78576e-09
Dr_0_0_l_0_0_0_0_0_0_0_0_0_0 = 3.91446e-09
Dr_0_0_l_0_0_0_0_0_0_0_0_0_0_0 = 3.99531e-09
Hl_0_0 = 9.52868e-05
Hl_0_0_l_0 = 9.95236e-05
Hl_0_0_l_0_0 = 9.74337e-05
Hl_0_0_l_0_0_0 = 9.85385e-05
Hl_0_0_l_0_0_0_0 = 9.70865e-05
Hl_0_0_l_0_0_0_0_0 = 9.75727e-05
Hl_0_0_l_0_0_0_0_0_0 = 9.63993e-05
Hl_0_0_l_0_0_0_0_0_0_0 = 9.66258e-05
Hl_0_0_l_0_0_0_0_0_0_0_0 = 9.5611e-05
Hl_0_0_l_0_0_0_0_0_0_0_0_0 = 9.56971e-05
Hl_0_0_l_0_0_0_0_0_0_0_0_0_0 = 9.47862e-05
Hr_0_0 = 0.0101218
I = 1
pi2_0_0_0_0 = 9.66641e-07
pi2_0_0_0_0_l_0 = 1.00878e-06
pi2_0_0_0_0_l_0_0 = 9.87162e-07
pi2_0_0_0_0_l_0_0_0 = 9.98234e-07
pi2_0_0_0_0_l_0_0_0_0 = 9.83319e-07
pi2_0_0_0_0_l_0_0_0_0_0 = 9.88212e-07
pi2_0_0_0_0_l_0_0_0_0_0_0 = 9.76203e-07
pi2_0_0_0_0_l_0_0_0_0_0_0_0 = 9.78489e-07
pi2_0_0_0_0_l_0_0_0_0_0_0_0_0 = 9.68126e-07
pi2_0_0_0_0_l_0_0_0_0_0_0_0_0_0 = 9.69002e-07
pi2_0_0_0_0_l_0_0_0_0_0_0_0_0_0_0 = 9.59718e-07
