DD_0_0 = 3.59973e-09
DD_0_0_l_0 = 2.58418e-09
DD_0_0_l_0_0 = 2.70228e-09
DD_0_0_l_0_0_0 = 2.50409e-09
DD_0_0_l_0_0_0_0 = 2.53198e-09
DD_0_0_l_0_0_0_0_0 = 2.44373e-09
Dr_0_0 = 1.03591e-08
Dr_0_0_l_0 = 6.98161e-09
Dr_0_0_l_0_0 = 6.80219e-09
Dr_0_0_l_0_0_0 = 6.11409e-09
Dr_0_0_l_0_0_0_0 = 6.02981e-09
Dr_0_0_l_0_0_0_0_0 = 5.71582e-09
Dr_0_0_l_0_0_0_0_0_0 = 5.48122e-09
Hl_0_0 = 0.000103215
Hl_0_0_l_0 = 9.94839e-05
Hl_0_0_l_0_0 = 0.000100077
Hl_0_0_l_0_0_0 = 9.84988e-05
Hl_0_0_l_0_0_0_0 = 9.86729e-05
Hl_0_0_l_0_0_0_0_0 = 9.75331e-05
Hr_0_0 = 0.0101202
I = 1
pi2_0_0_0_0 = 1.04245e-06
pi2_0_0_0_0_l_0 = 1.00596e-06
pi2_0_0_0_0_l_0_0 = 1.01197e-06
pi2_0_0_0_0_l_0_0_0 = 9.96333e-07
pi2_0_0_0_0_l_0_0_0_0 = 9.98069e-07
pi2_0_0_0_0_l_0_0_0_0_0 = 9.8669e-07
