DD_0_0 = 3.52771e-09
DD_0_0_l_0 = 2.553e-09
DD_0_0_l_0_0 = 2.66972e-09
DD_0_0_l_0_0_0 = 2.47811e-09
DD_0_0_l_0_0_0_0 = 2.5057e-09
DD_0_0_l_0_0_0_0_0 = 2.41996e-09
Dr_0_0 = 9.95513e-09
Dr_0_0_l_0 = 6.7565e-09
Dr_0_0_l_0_0 = 6.58915e-09
Dr_0_0_l_0_0_0 = 5.94261e-09
Dr_0_0_l_0_0_0_0 = 5.86221e-09
Dr_0_0_l_0_0_0_0_0 = 5.56866e-09
Dr_0_0_l_0_0_0_0_0_0 = 5.34827e-09
Hl_0_0 = 0.000103215
Hl_0_0_l_0 = 9.94839e-05
Hl_0_0_l_0_0 = 0.000100077
Hl_0_0_l_0_0_0 = 9.84988e-05
Hl_0_0_l_0_0_0_0 = 9.86729e-05
Hl_0_0_l_0_0_0_0_0 = 9.75331e-05
Hr_0_0 = 0.0101202
I = 1
pi2_0_0_0_0 = 1.04257e-06
pi2_0_0_0_0_l_0 = 1.00601e-06
pi2_0_0_0_0_l_0_0 = 1.01202e-06
pi2_0_0_0_0_l_0_0_0 = 9.96365e-07
pi2_0_0_0_0_l_0_0_0_0 = 9.98102e-07
pi2_0_0_0_0_l_0_0_0_0_0 = 9.86715e-07
