DD_0_0 = 3.52805e-11
DD_0_0_l_0 = 2.55325e-11
DD_0_0_l_0_0 = 2.66998e-11
DD_0_0_l_0_0_0 = 2.47834e-11
DD_0_0_l_0_0_0_0 = 2.50593e-11
DD_0_0_l_0_0_0_0_0 = 2.42019e-11
Dr_0_0 = 9.95607e-11
Dr_0_0_l_0 = 6.75714e-11
Dr_0_0_l_0_0 = 6.58978e-11
Dr_0_0_l_0_0_0 = 5.94318e-11
Dr_0_0_l_0_0_0_0 = 5.86277e-11
Dr_0_0_l_0_0_0_0_0 = 5.56919e-11
Dr_0_0_l_0_0_0_0_0_0 = 5.34877e-11
Hl_0_0 = 1.03215e-05
Hl_0_0_l_0 = 9.94839e-06
Hl_0_0_l_0_0 = 1.00077e-05
Hl_0_0_l_0_0_0 = 9.84988e-06
Hl_0_0_l_0_0_0_0 = 9.86729e-06
Hl_0_0_l_0_0_0_0_0 = 9.75331e-06
Hr_0_0 = 0.00101212
I = 1
pi2_0_0_0_0 = 1.04267e-08
pi2_0_0_0_0_l_0 = 1.00611e-08
pi2_0_0_0_0_l_0_0 = 1.01212e-08
pi2_0_0_0_0_l_0_0_0 = 9.9646e-09
pi2_0_0_0_0_l_0_0_0_0 = 9.98197e-09
pi2_0_0_0_0_l_0_0_0_0_0 = 9.86809e-09
