DD_0_0 = 5.93779e-12
DD_0_0_l_0 = 2.40796e-11
DD_0_0_l_0_0 = 2.08252e-11
DD_0_0_l_0_0_0 = 2.39457e-11
DD_0_0_l_0_0_0_0 = 2.25474e-11
DD_0_0_l_0_0_0_0_0 = 2.3618e-11
DD_0_0_l_0_0_0_0_0_0 = 2.28163e-11
DD_0_0_l_0_0_0_0_0_0_0 = 2.32366e-11
DD_0_0_l_0_0_0_0_0_0_0_0 = 2.26978e-11
DD_0_0_l_0_0_0_0_0_0_0_0_0 = 2.28385e-11
DD_0_0_l_0_0_0_0_0_0_0_0_0_0 = 2.24378e-11
Dr_0_0 = -3.67833e-11
Dr_0_0_l_0 = 1.29841e-11
Dr_0_0_l_0_0 = 1.95816e-11
Dr_0_0_l_0_0_0 = 2.71698e-11
Dr_0_0_l_0_0_0_0 = 3.06689e-11
Dr_0_0_l_0_0_0_0_0 = 3.2957e-11
Dr_0_0_l_0_0_0_0_0_0 = 3.52105e-11
Dr_0_0_l_0_0_0_0_0_0_0 = 3.59567e-11
Dr_0_0_l_0_0_0_0_0_0_0_0 = 3.75536e-11
Dr_0_0_l_0_0_0_0_0_0_0_0_0 = 3.76955e-11
Dr_0_0_l_0_0_0_0_0_0_0_0_0_0 = 3.88932e-11
Dr_0_0_l_0_0_0_0_0_0_0_0_0_0_0 = 3.96362e-11
Hl_0_0 = 9.52868e-06
Hl_0_0_l_0 = 9.95236e-06
Hl_0_0_l_0_0 = 9.74337e-06
Hl_0_0_l_0_0_0 = 9.85385e-06
Hl_0_0_l_0_0_0_0 = 9.70865e-06
Hl_0_0_l_0_0_0_0_0 = 9.75727e-06
Hl_0_0_l_0_0_0_0_0_0 = 9.63993e-06
Hl_0_0_l_0_0_0_0_0_0_0 = 9.66258e-06
Hl_0_0_l_0_0_0_0_0_0_0_0 = 9.5611e-06
Hl_0_0_l_0_0_0_0_0_0_0_0_0 = 9.56971e-06
Hl_0_0_l_0_0_0_0_0_0_0_0_0_0 = 9.47862e-06
Hr_0_0 = 0.00101213
I = 1
pi2_0_0_0_0 = 9.66544e-09
pi2_0_0_0_0_l_0 = 1.00869e-08
pi2_0_0_0_0_l_0_0 = 9.87087e-09
pi2_0_0_0_0_l_0_0_0 = 9.9816e-09
pi2_0_0_0_0_l_0_0_0_0 = 9.83255e-09
pi2_0_0_0_0_l_0_0_0_0_0 = 9.88147e-09
pi2_0_0_0_0_l_0_0_0_0_0_0 = 9.76143e-09
pi2_0_0_0_0_l_0_0_0_0_0_0_0 = 9.7843e-09
pi2_0_0_0_0_l_0_0_0_0_0_0_0_0 = 9.68071e-09
pi2_0_0_0_0_l_0_0_0_0_0_0_0_0_0 = 9.68946e-09
pi2_0_0_0_0_l_0_0_0_0_0_0_0_0_0_0 = 9.59665e-09
