DD_0_0 = 2.29976e-09
DD_0_0_l_0 = 2.45912e-09
DD_0_0_l_0_0 = 2.42486e-09
Dr_0_0 = 4.31012e-09
Dr_0_0_l_0 = 4.47044e-09
Dr_0_0_l_0_0 = 4.62707e-09
Dr_0_0_l_0_0_0 = 4.66129e-09
Hl_0_0 = 9.85517e-05
Hl_0_0_l_0 = 9.95072e-05
Hl_0_0_l_0_0 = 9.85221e-05
Hr_0_0 = 0.010121
I = 1
pi2_0_0_0_0 = 9.9748e-07
pi2_0_0_0_0_l_0 = 1.00721e-06
pi2_0_0_0_0_l_0_0 = 9.97197e-07
