DD_0_0 = -2.78333e-09
DD_0_0_l_0 = 2.39679e-09
DD_0_0_l_0_0 = 1.40205e-09
DD_0_0_l_0_0_0 = 2.38509e-09
DD_0_0_l_0_0_0_0 = 1.96128e-09
DD_0_0_l_0_0_0_0_0 = 2.35391e-09
DD_0_0_l_0_0_0_0_0_0 = 2.11777e-09
DD_0_0_l_0_0_0_0_0_0_0 = 2.31697e-09
DD_0_0_l_0_0_0_0_0_0_0_0 = 2.16509e-09
DD_0_0_l_0_0_0_0_0_0_0_0_0 = 2.27807e-09
DD_0_0_l_0_0_0_0_0_0_0_0_0_0 = 2.1711e-09
DD_0_0_l_0_0_0_0_0_0_0_0_0_0_0 = 2.23864e-09
DD_0_0_l_0_0_0_0_0_0_0_0_0_0_0_0 = 2.15841e-09
DD_0_0_l_0_0_0_0_0_0_0_0_0_0_0_0_0 = 2.19935e-09
DD_0_0_l_0_0_0_0_0_0_0_0_0_0_0_0_0_0 = 2.13633e-09
DD_0_0_l_0_0_0_0_0_0_0_0_0_0_0_0_0_0_0 = 2.16054e-09
DD_0_0_l_0_0_0_0_0_0_0_0_0_0_0_0_0_0_0_0 = 2.10927e-09
DD_0_0_l_0_0_0_0_0_0_0_0_0_0_0_0_0_0_0_0_0 = 2.12237e-09
DD_0_0_l_0_0_0_0_0_0_0_0_0_0_0_0_0_0_0_0_0_0 = 2.07951e-09
DD_0_0_l_0_0_0_0_0_0_0_0_0_0_0_0_0_0_0_0_0_0_0 = 2.08494e-09
DD_0_0_l_0_0_0_0_0_0_0_0_0_0_0_0_0_0_0_0_0_0_0_0 = 2.04834e-09
Dr_0_0 = -2.15128e-08
Dr_0_0_l_0 = -4.91909e-09
Dr_0_0_l_0_0 = -3.87998e-09
Dr_0_0_l_0_0_0 = -9.56075e-10
Dr_0_0_l_0_0_0_0 = -3.86711e-10
Dr_0_0_l_0_0_0_0_0 = 7.08045e-10
Dr_0_0_l_0_0_0_0_0_0 = 1.0851e-09
Dr_0_0_l_0_0_0_0_0_0_0 = 1.6086e-09
Dr_0_0_l_0_0_0_0_0_0_0_0 = 1.8829e-09
Dr_0_0_l_0_0_0_0_0_0_0_0_0 = 2.16331e-09
Dr_0_0_l_0_0_0_0_0_0_0_0_0_0 = 2.37444e-09
Dr_0_0_l_0_0_0_0_0_0_0_0_0_0_0 = 2.53248e-09
Dr_0_0_l_0_0_0_0_0_0_0_0_0_0_0_0 = 2.70123e-09
Dr_0_0_l_0_0_0_0_0_0_0_0_0_0_0_0_0 = 2.79079e-09
Dr_0_0_l_0_0_0_0_0_0_0_0_0_0_0_0_0_0 = 2.92936e-09
Dr_0_0_l_0_0_0_0_0_0_0_0_0_0_0_0_0_0_0 = 2.9777e-09
Dr_0_0_l_0_0_0_0_0_0_0_0_0_0_0_0_0_0_0_0 = 3.09381e-09
Dr_0_0_l_0_0_0_0_0_0_0_0_0_0_0_0_0_0_0_0_0 = 3.11603e-09
Dr_0_0_l_0_0_0_0_0_0_0_0_0_0_0_0_0_0_0_0_0_0 = 3.21486e-09
Dr_0_0_l_0_0_0_0_0_0_0_0_0_0_0_0_0_0_0_0_0_0_0 = 3.21987e-09
Dr_0_0_l_0_0_0_0_0_0_0_0_0_0_0_0_0_0_0_0_0_0_0_0 = 3.30506e-09
Dr_0_0_l_0_0_0_0_0_0_0_0_0_0_0_0_0_0_0_0_0_0_0_0_0 = 3.36511e-09
Hl_0_0 = 9.22363e-05
Hl_0_0_l_0 = 9.95388e-05
Hl_0_0_l_0_0 = 9.64167e-05
Hl_0_0_l_0_0_0 = 9.85537e-05
Hl_0_0_l_0_0_0_0 = 9.64761e-05
Hl_0_0_l_0_0_0_0_0 = 9.7588e-05
Hl_0_0_l_0_0_0_0_0_0 = 9.59631e-05
Hl_0_0_l_0_0_0_0_0_0_0 = 9.66411e-05
Hl_0_0_l_0_0_0_0_0_0_0_0 = 9.52714e-05
Hl_0_0_l_0_0_0_0_0_0_0_0_0 = 9.57124e-05
Hl_0_0_l_0_0_0_0_0_0_0_0_0_0 = 9.45081e-05
Hl_0_0_l_0_0_0_0_0_0_0_0_0_0_0 = 9.48015e-05
Hl_0_0_l_0_0_0_0_0_0_0_0_0_0_0_0 = 9.37141e-05
Hl_0_0_l_0_0_0_0_0_0_0_0_0_0_0_0_0 = 9.39078e-05
Hl_0_0_l_0_0_0_0_0_0_0_0_0_0_0_0_0_0 = 9.2908e-05
Hl_0_0_l_0_0_0_0_0_0_0_0_0_0_0_0_0_0_0 = 9.30309e-05
Hl_0_0_l_0_0_0_0_0_0_0_0_0_0_0_0_0_0_0_0 = 9.20997e-05
Hl_0_0_l_0_0_0_0_0_0_0_0_0_0_0_0_0_0_0_0_0 = 9.21703e-05
Hl_0_0_l_0_0_0_0_0_0_0_0_0_0_0_0_0_0_0_0_0_0 = 9.12947e-05
Hl_0_0_l_0_0_0_0_0_0_0_0_0_0_0_0_0_0_0_0_0_0_0 = 9.13255e-05
Hl_0_0_l_0_0_0_0_0_0_0_0_0_0_0_0_0_0_0_0_0_0_0_0 = 9.0496e-05
Hr_0_0 = 0.0101226
I = 1
pi2_0_0_0_0 = 9.41244e-07
pi2_0_0_0_0_l_0 = 1.01185e-06
pi2_0_0_0_0_l_0_0 = 9.7911e-07
pi2_0_0_0_0_l_0_0_0 = 1.00014e-06
pi2_0_0_0_0_l_0_0_0_0 = 9.78599e-07
pi2_0_0_0_0_l_0_0_0_0_0 = 9.89627e-07
pi2_0_0_0_0_l_0_0_0_0_0_0 = 9.72877e-07
pi2_0_0_0_0_l_0_0_0_0_0_0_0 = 9.7963e-07
pi2_0_0_0_0_l_0_0_0_0_0_0_0_0 = 9.65563e-07
pi2_0_0_0_0_l_0_0_0_0_0_0_0_0_0 = 9.69969e-07
pi2_0_0_0_0_l_0_0_0_0_0_0_0_0_0_0 = 9.57631e-07
pi2_0_0_0_0_l_0_0_0_0_0_0_0_0_0_0_0 = 9.60567e-07
pi2_0_0_0_0_l_0_0_0_0_0_0_0_0_0_0_0_0 = 9.49446e-07
pi2_0_0_0_0_l_0_0_0_0_0_0_0_0_0_0_0_0_0 = 9.51389e-07
pi2_0_0_0_0_l_0_0_0_0_0_0_0_0_0_0_0_0_0_0 = 9.41177e-07
pi2_0_0_0_0_l_0_0_0_0_0_0_0_0_0_0_0_0_0_0_0 = 9.42412e-07
pi2_0_0_0_0_l_0_0_0_0_0_0_0_0_0_0_0_0_0_0_0_0 = 9.32909e-07
pi2_0_0_0_0_l_0_0_0_0_0_0_0_0_0_0_0_0_0_0_0_0_0 = 9.3362e-07
pi2_0_0_0_0_l_0_0_0_0_0_0_0_0_0_0_0_0_0_0_0_0_0_0 = 9.24692e-07
pi2_0_0_0_0_l_0_0_0_0_0_0_0_0_0_0_0_0_0_0_0_0_0_0_0 = 9.25004e-07
pi2_0_0_0_0_l_0_0_0_0_0_0_0_0_0_0_0_0_0_0_0_0_0_0_0_0 = 9.16554e-07
