DD_0_0 = 5.93803e-10
DD_0_0_l_0 = 2.40806e-09
DD_0_0_l_0_0 = 2.0826e-09
DD_0_0_l_0_0_0 = 2.39466e-09
DD_0_0_l_0_0_0_0 = 2.25483e-09
DD_0_0_l_0_0_0_0_0 = 2.36189e-09
DD_0_0_l_0_0_0_0_0_0 = 2.28172e-09
DD_0_0_l_0_0_0_0_0_0_0 = 2.32375e-09
DD_0_0_l_0_0_0_0_0_0_0_0 = 2.26987e-09
DD_0_0_l_0_0_0_0_0_0_0_0_0 = 2.28394e-09
DD_0_0_l_0_0_0_0_0_0_0_0_0_0 = 2.24387e-09
Dr_0_0 = -3.67848e-09
Dr_0_0_l_0 = 1.29847e-09
Dr_0_0_l_0_0 = 1.95823e-09
Dr_0_0_l_0_0_0 = 2.71709e-09
Dr_0_0_l_0_0_0_0 = 3.06701e-09
Dr_0_0_l_0_0_0_0_0 = 3.29583e-09
Dr_0_0_l_0_0_0_0_0_0 = 3.52119e-09
Dr_0_0_l_0_0_0_0_0_0_0 = 3.59581e-09
Dr_0_0_l_0_0_0_0_0_0_0_0 = 3.7555e-09
Dr_0_0_l_0_0_0_0_0_0_0_0_0 = 3.7697e-09
Dr_0_0_l_0_0_0_0_0_0_0_0_0_0 = 3.88948e-09
Dr_0_0_l_0_0_0_0_0_0_0_0_0_0_0 = 3.96378e-09
Hl_0_0 = 9.52868e-05
Hl_0_0_l_0 = 9.95236e-05
Hl_0_0_l_0_0 = 9.74337e-05
Hl_0_0_l_0_0_0 = 9.85385e-05
Hl_0_0_l_0_0_0_0 = 9.70865e-05
Hl_0_0_l_0_0_0_0_0 = 9.75727e-05
Hl_0_0_l_0_0_0_0_0_0 = 9.63993e-05
Hl_0_0_l_0_0_0_0_0_0_0 = 9.66258e-05
Hl_0_0_l_0_0_0_0_0_0_0_0 = 9.5611e-05
Hl_0_0_l_0_0_0_0_0_0_0_0_0 = 9.56971e-05
Hl_0_0_l_0_0_0_0_0_0_0_0_0_0 = 9.47862e-05
Hr_0_0 = 0.0101217
I = 1
pi2_0_0_0_0 = 9.66582e-07
pi2_0_0_0_0_l_0 = 1.00873e-06
pi2_0_0_0_0_l_0_0 = 9.87126e-07
pi2_0_0_0_0_l_0_0_0 = 9.98199e-07
pi2_0_0_0_0_l_0_0_0_0 = 9.83293e-07
pi2_0_0_0_0_l_0_0_0_0_0 = 9.88185e-07
pi2_0_0_0_0_l_0_0_0_0_0_0 = 9.76182e-07
pi2_0_0_0_0_l_0_0_0_0_0_0_0 = 9.78468e-07
pi2_0_0_0_0_l_0_0_0_0_0_0_0_0 = 9.68109e-07
pi2_0_0_0_0_l_0_0_0_0_0_0_0_0_0 = 9.68984e-07
pi2_0_0_0_0_l_0_0_0_0_0_0_0_0_0_0 = 9.59702e-07
