DD_0_0 = -8.65823e-10
DD_0_0_l_0 = 2.44142e-09
DD_0_0_l_0_0 = 1.61239e-09
DD_0_0_l_0_0_0 = 2.30267e-09
DD_0_0_l_0_0_0_0 = 1.9373e-09
DD_0_0_l_0_0_0_0_0 = 2.22902e-09
DD_0_0_l_0_0_0_0_0_0 = 2.02028e-09
DD_0_0_l_0_0_0_0_0_0_0 = 2.17405e-09
DD_0_0_l_0_0_0_0_0_0_0_0 = 2.03723e-09
DD_0_0_l_0_0_0_0_0_0_0_0_0 = 2.12691e-09
DD_0_0_l_0_0_0_0_0_0_0_0_0_0 = 2.02915e-09
DD_0_0_l_0_0_0_0_0_0_0_0_0_0_0 = 2.08394e-09
DD_0_0_l_0_0_0_0_0_0_0_0_0_0_0_0 = 2.00983e-09
DD_0_0_l_0_0_0_0_0_0_0_0_0_0_0_0_0 = 2.04363e-09
DD_0_0_l_0_0_0_0_0_0_0_0_0_0_0_0_0_0 = 1.98497e-09
DD_0_0_l_0_0_0_0_0_0_0_0_0_0_0_0_0_0_0 = 2.00524e-09
DD_0_0_l_0_0_0_0_0_0_0_0_0_0_0_0_0_0_0_0 = 1.95728e-09
DD_0_0_l_0_0_0_0_0_0_0_0_0_0_0_0_0_0_0_0_0 = 1.96838e-09
DD_0_0_l_0_0_0_0_0_0_0_0_0_0_0_0_0_0_0_0_0_0 = 1.92815e-09
DD_0_0_l_0_0_0_0_0_0_0_0_0_0_0_0_0_0_0_0_0_0_0 = 1.93281e-09
DD_0_0_l_0_0_0_0_0_0_0_0_0_0_0_0_0_0_0_0_0_0_0_0 = 1.89839e-09
Dr_0_0 = -1.11784e-08
Dr_0_0_l_0 = -3.88847e-10
Dr_0_0_l_0_0 = -4.48168e-10
Dr_0_0_l_0_0_0 = 1.47161e-09
Dr_0_0_l_0_0_0_0 = 1.51263e-09
Dr_0_0_l_0_0_0_0_0 = 2.23379e-09
Dr_0_0_l_0_0_0_0_0_0 = 2.29016e-09
Dr_0_0_l_0_0_0_0_0_0_0 = 2.63469e-09
Dr_0_0_l_0_0_0_0_0_0_0_0 = 2.68969e-09
Dr_0_0_l_0_0_0_0_0_0_0_0_0 = 2.87338e-09
Dr_0_0_l_0_0_0_0_0_0_0_0_0_0 = 2.92316e-09
Dr_0_0_l_0_0_0_0_0_0_0_0_0_0_0 = 3.02574e-09
Dr_0_0_l_0_0_0_0_0_0_0_0_0_0_0_0 = 3.06973e-09
Dr_0_0_l_0_0_0_0_0_0_0_0_0_0_0_0_0 = 3.12692e-09
Dr_0_0_l_0_0_0_0_0_0_0_0_0_0_0_0_0_0 = 3.16548e-09
Dr_0_0_l_0_0_0_0_0_0_0_0_0_0_0_0_0_0_0 = 3.1954e-09
Dr_0_0_l_0_0_0_0_0_0_0_0_0_0_0_0_0_0_0_0 = 3.22911e-09
Dr_0_0_l_0_0_0_0_0_0_0_0_0_0_0_0_0_0_0_0_0 = 3.24178e-09
Dr_0_0_l_0_0_0_0_0_0_0_0_0_0_0_0_0_0_0_0_0_0 = 3.27126e-09
Dr_0_0_l_0_0_0_0_0_0_0_0_0_0_0_0_0_0_0_0_0_0_0 = 3.27262e-09
Dr_0_0_l_0_0_0_0_0_0_0_0_0_0_0_0_0_0_0_0_0_0_0_0 = 3.2984e-09
Dr_0_0_l_0_0_0_0_0_0_0_0_0_0_0_0_0_0_0_0_0_0_0_0_0 = 3.31228e-09
Hl_0_0 = 9.22363e-05
Hl_0_0_l_0 = 9.95388e-05
Hl_0_0_l_0_0 = 9.64167e-05
Hl_0_0_l_0_0_0 = 9.85537e-05
Hl_0_0_l_0_0_0_0 = 9.64761e-05
Hl_0_0_l_0_0_0_0_0 = 9.7588e-05
Hl_0_0_l_0_0_0_0_0_0 = 9.59631e-05
Hl_0_0_l_0_0_0_0_0_0_0 = 9.66411e-05
Hl_0_0_l_0_0_0_0_0_0_0_0 = 9.52714e-05
Hl_0_0_l_0_0_0_0_0_0_0_0_0 = 9.57124e-05
Hl_0_0_l_0_0_0_0_0_0_0_0_0_0 = 9.45081e-05
Hl_0_0_l_0_0_0_0_0_0_0_0_0_0_0 = 9.48015e-05
Hl_0_0_l_0_0_0_0_0_0_0_0_0_0_0_0 = 9.37141e-05
Hl_0_0_l_0_0_0_0_0_0_0_0_0_0_0_0_0 = 9.39078e-05
Hl_0_0_l_0_0_0_0_0_0_0_0_0_0_0_0_0_0 = 9.2908e-05
Hl_0_0_l_0_0_0_0_0_0_0_0_0_0_0_0_0_0_0 = 9.30309e-05
Hl_0_0_l_0_0_0_0_0_0_0_0_0_0_0_0_0_0_0_0 = 9.20997e-05
Hl_0_0_l_0_0_0_0_0_0_0_0_0_0_0_0_0_0_0_0_0 = 9.21703e-05
Hl_0_0_l_0_0_0_0_0_0_0_0_0_0_0_0_0_0_0_0_0_0 = 9.12947e-05
Hl_0_0_l_0_0_0_0_0_0_0_0_0_0_0_0_0_0_0_0_0_0_0 = 9.13255e-05
Hl_0_0_l_0_0_0_0_0_0_0_0_0_0_0_0_0_0_0_0_0_0_0_0 = 9.0496e-05
Hr_0_0 = 0.010122
I = 1
pi2_0_0_0_0 = 9.38584e-07
pi2_0_0_0_0_l_0 = 1.01012e-06
pi2_0_0_0_0_l_0_0 = 9.77858e-07
pi2_0_0_0_0_l_0_0_0 = 9.99075e-07
pi2_0_0_0_0_l_0_0_0_0 = 9.77746e-07
pi2_0_0_0_0_l_0_0_0_0_0 = 9.88845e-07
pi2_0_0_0_0_l_0_0_0_0_0_0 = 9.72223e-07
pi2_0_0_0_0_l_0_0_0_0_0_0_0 = 9.79011e-07
pi2_0_0_0_0_l_0_0_0_0_0_0_0_0 = 9.6503e-07
pi2_0_0_0_0_l_0_0_0_0_0_0_0_0_0 = 9.69454e-07
pi2_0_0_0_0_l_0_0_0_0_0_0_0_0_0_0 = 9.57178e-07
pi2_0_0_0_0_l_0_0_0_0_0_0_0_0_0_0_0 = 9.60125e-07
pi2_0_0_0_0_l_0_0_0_0_0_0_0_0_0_0_0_0 = 9.49052e-07
pi2_0_0_0_0_l_0_0_0_0_0_0_0_0_0_0_0_0_0 = 9.51e-07
pi2_0_0_0_0_l_0_0_0_0_0_0_0_0_0_0_0_0_0_0 = 9.40827e-07
pi2_0_0_0_0_l_0_0_0_0_0_0_0_0_0_0_0_0_0_0_0 = 9.42064e-07
pi2_0_0_0_0_l_0_0_0_0_0_0_0_0_0_0_0_0_0_0_0_0 = 9.32594e-07
pi2_0_0_0_0_l_0_0_0_0_0_0_0_0_0_0_0_0_0_0_0_0_0 = 9.33305e-07
pi2_0_0_0_0_l_0_0_0_0_0_0_0_0_0_0_0_0_0_0_0_0_0_0 = 9.24405e-07
pi2_0_0_0_0_l_0_0_0_0_0_0_0_0_0_0_0_0_0_0_0_0_0_0_0 = 9.24716e-07
pi2_0_0_0_0_l_0_0_0_0_0_0_0_0_0_0_0_0_0_0_0_0_0_0_0_0 = 9.16289e-07
