DD_0_0 = 1.02186e-09
DD_0_0_l_0 = 2.30884e-09
DD_0_0_l_0_0 = 2.00469e-09
DD_0_0_l_0_0_0 = 2.24442e-09
DD_0_0_l_0_0_0_0 = 2.11039e-09
DD_0_0_l_0_0_0_0_0 = 2.19653e-09
DD_0_0_l_0_0_0_0_0_0 = 2.1187e-09
DD_0_0_l_0_0_0_0_0_0_0 = 2.15356e-09
DD_0_0_l_0_0_0_0_0_0_0_0 = 2.10105e-09
DD_0_0_l_0_0_0_0_0_0_0_0_0 = 2.11299e-09
DD_0_0_l_0_0_0_0_0_0_0_0_0_0 = 2.07404e-09
Dr_0_0 = -1.42681e-09
Dr_0_0_l_0 = 2.21535e-09
Dr_0_0_l_0_0 = 2.42469e-09
Dr_0_0_l_0_0_0 = 2.97925e-09
Dr_0_0_l_0_0_0_0 = 3.11513e-09
Dr_0_0_l_0_0_0_0_0 = 3.27986e-09
Dr_0_0_l_0_0_0_0_0_0 = 3.3769e-09
Dr_0_0_l_0_0_0_0_0_0_0 = 3.4282e-09
Dr_0_0_l_0_0_0_0_0_0_0_0 = 3.50124e-09
Dr_0_0_l_0_0_0_0_0_0_0_0_0 = 3.50827e-09
Dr_0_0_l_0_0_0_0_0_0_0_0_0_0 = 3.5651e-09
Dr_0_0_l_0_0_0_0_0_0_0_0_0_0_0 = 3.59406e-09
Hl_0_0 = 9.52868e-05
Hl_0_0_l_0 = 9.95236e-05
Hl_0_0_l_0_0 = 9.74337e-05
Hl_0_0_l_0_0_0 = 9.85385e-05
Hl_0_0_l_0_0_0_0 = 9.70865e-05
Hl_0_0_l_0_0_0_0_0 = 9.75727e-05
Hl_0_0_l_0_0_0_0_0_0 = 9.63993e-05
Hl_0_0_l_0_0_0_0_0_0_0 = 9.66258e-05
Hl_0_0_l_0_0_0_0_0_0_0_0 = 9.5611e-05
Hl_0_0_l_0_0_0_0_0_0_0_0_0 = 9.56971e-05
Hl_0_0_l_0_0_0_0_0_0_0_0_0_0 = 9.47862e-05
Hr_0_0 = 0.0101215
I = 1
pi2_0_0_0_0 = 9.66026e-07
pi2_0_0_0_0_l_0 = 1.00827e-06
pi2_0_0_0_0_l_0_0 = 9.86822e-07
pi2_0_0_0_0_l_0_0_0 = 9.97909e-07
pi2_0_0_0_0_l_0_0_0_0 = 9.83076e-07
pi2_0_0_0_0_l_0_0_0_0_0 = 9.8797e-07
pi2_0_0_0_0_l_0_0_0_0_0_0 = 9.76011e-07
pi2_0_0_0_0_l_0_0_0_0_0_0_0 = 9.78295e-07
pi2_0_0_0_0_l_0_0_0_0_0_0_0_0 = 9.67967e-07
pi2_0_0_0_0_l_0_0_0_0_0_0_0_0_0 = 9.68839e-07
pi2_0_0_0_0_l_0_0_0_0_0_0_0_0_0_0 = 9.59578e-07
