DD_0_0 = -8.65781e-12
DD_0_0_l_0 = 2.44129e-11
DD_0_0_l_0_0 = 1.6123e-11
DD_0_0_l_0_0_0 = 2.30254e-11
DD_0_0_l_0_0_0_0 = 1.93719e-11
DD_0_0_l_0_0_0_0_0 = 2.2289e-11
DD_0_0_l_0_0_0_0_0_0 = 2.02016e-11
DD_0_0_l_0_0_0_0_0_0_0 = 2.17393e-11
DD_0_0_l_0_0_0_0_0_0_0_0 = 2.03711e-11
DD_0_0_l_0_0_0_0_0_0_0_0_0 = 2.12679e-11
DD_0_0_l_0_0_0_0_0_0_0_0_0_0 = 2.02904e-11
DD_0_0_l_0_0_0_0_0_0_0_0_0_0_0 = 2.08382e-11
DD_0_0_l_0_0_0_0_0_0_0_0_0_0_0_0 = 2.00972e-11
DD_0_0_l_0_0_0_0_0_0_0_0_0_0_0_0_0 = 2.04351e-11
DD_0_0_l_0_0_0_0_0_0_0_0_0_0_0_0_0_0 = 1.98486e-11
DD_0_0_l_0_0_0_0_0_0_0_0_0_0_0_0_0_0_0 = 2.00513e-11
DD_0_0_l_0_0_0_0_0_0_0_0_0_0_0_0_0_0_0_0 = 1.95717e-11
DD_0_0_l_0_0_0_0_0_0_0_0_0_0_0_0_0_0_0_0_0 = 1.96827e-11
DD_0_0_l_0_0_0_0_0_0_0_0_0_0_0_0_0_0_0_0_0_0 = 1.92804e-11
DD_0_0_l_0_0_0_0_0_0_0_0_0_0_0_0_0_0_0_0_0_0_0 = 1.9327e-11
DD_0_0_l_0_0_0_0_0_0_0_0_0_0_0_0_0_0_0_0_0_0_0_0 = 1.89828e-11
Dr_0_0 = -1.11778e-10
Dr_0_0_l_0 = -3.8884e-12
Dr_0_0_l_0_0 = -4.48154e-12
Dr_0_0_l_0_0_0 = 1.47152e-11
Dr_0_0_l_0_0_0_0 = 1.51253e-11
Dr_0_0_l_0_0_0_0_0 = 2.23366e-11
Dr_0_0_l_0_0_0_0_0_0 = 2.29002e-11
Dr_0_0_l_0_0_0_0_0_0_0 = 2.63454e-11
Dr_0_0_l_0_0_0_0_0_0_0_0 = 2.68954e-11
Dr_0_0_l_0_0_0_0_0_0_0_0_0 = 2.87321e-11
Dr_0_0_l_0_0_0_0_0_0_0_0_0_0 = 2.92299e-11
Dr_0_0_l_0_0_0_0_0_0_0_0_0_0_0 = 3.02557e-11
Dr_0_0_l_0_0_0_0_0_0_0_0_0_0_0_0 = 3.06956e-11
Dr_0_0_l_0_0_0_0_0_0_0_0_0_0_0_0_0 = 3.12674e-11
Dr_0_0_l_0_0_0_0_0_0_0_0_0_0_0_0_0_0 = 3.1653e-11
Dr_0_0_l_0_0_0_0_0_0_0_0_0_0_0_0_0_0_0 = 3.19521e-11
Dr_0_0_l_0_0_0_0_0_0_0_0_0_0_0_0_0_0_0_0 = 3.22893e-11
Dr_0_0_l_0_0_0_0_0_0_0_0_0_0_0_0_0_0_0_0_0 = 3.2416e-11
Dr_0_0_l_0_0_0_0_0_0_0_0_0_0_0_0_0_0_0_0_0_0 = 3.27108e-11
Dr_0_0_l_0_0_0_0_0_0_0_0_0_0_0_0_0_0_0_0_0_0_0 = 3.27244e-11
Dr_0_0_l_0_0_0_0_0_0_0_0_0_0_0_0_0_0_0_0_0_0_0_0 = 3.29822e-11
Dr_0_0_l_0_0_0_0_0_0_0_0_0_0_0_0_0_0_0_0_0_0_0_0_0 = 3.3121e-11
Hl_0_0 = 9.22363e-06
Hl_0_0_l_0 = 9.95388e-06
Hl_0_0_l_0_0 = 9.64167e-06
Hl_0_0_l_0_0_0 = 9.85537e-06
Hl_0_0_l_0_0_0_0 = 9.64761e-06
Hl_0_0_l_0_0_0_0_0 = 9.7588e-06
Hl_0_0_l_0_0_0_0_0_0 = 9.59631e-06
Hl_0_0_l_0_0_0_0_0_0_0 = 9.66411e-06
Hl_0_0_l_0_0_0_0_0_0_0_0 = 9.52714e-06
Hl_0_0_l_0_0_0_0_0_0_0_0_0 = 9.57124e-06
Hl_0_0_l_0_0_0_0_0_0_0_0_0_0 = 9.45081e-06
Hl_0_0_l_0_0_0_0_0_0_0_0_0_0_0 = 9.48015e-06
Hl_0_0_l_0_0_0_0_0_0_0_0_0_0_0_0 = 9.37141e-06
Hl_0_0_l_0_0_0_0_0_0_0_0_0_0_0_0_0 = 9.39078e-06
Hl_0_0_l_0_0_0_0_0_0_0_0_0_0_0_0_0_0 = 9.2908e-06
Hl_0_0_l_0_0_0_0_0_0_0_0_0_0_0_0_0_0_0 = 9.30309e-06
Hl_0_0_l_0_0_0_0_0_0_0_0_0_0_0_0_0_0_0_0 = 9.20997e-06
Hl_0_0_l_0_0_0_0_0_0_0_0_0_0_0_0_0_0_0_0_0 = 9.21703e-06
Hl_0_0_l_0_0_0_0_0_0_0_0_0_0_0_0_0_0_0_0_0_0 = 9.12947e-06
Hl_0_0_l_0_0_0_0_0_0_0_0_0_0_0_0_0_0_0_0_0_0_0 = 9.13255e-06
Hl_0_0_l_0_0_0_0_0_0_0_0_0_0_0_0_0_0_0_0_0_0_0_0 = 9.0496e-06
Hr_0_0 = 0.00101214
I = 1
pi2_0_0_0_0 = 9.38531e-09
pi2_0_0_0_0_l_0 = 1.01006e-08
pi2_0_0_0_0_l_0_0 = 9.77803e-09
pi2_0_0_0_0_l_0_0_0 = 9.99018e-09
pi2_0_0_0_0_l_0_0_0_0 = 9.77691e-09
pi2_0_0_0_0_l_0_0_0_0_0 = 9.88789e-09
pi2_0_0_0_0_l_0_0_0_0_0_0 = 9.72168e-09
pi2_0_0_0_0_l_0_0_0_0_0_0_0 = 9.78956e-09
pi2_0_0_0_0_l_0_0_0_0_0_0_0_0 = 9.64976e-09
pi2_0_0_0_0_l_0_0_0_0_0_0_0_0_0 = 9.69399e-09
pi2_0_0_0_0_l_0_0_0_0_0_0_0_0_0_0 = 9.57124e-09
pi2_0_0_0_0_l_0_0_0_0_0_0_0_0_0_0_0 = 9.60071e-09
pi2_0_0_0_0_l_0_0_0_0_0_0_0_0_0_0_0_0 = 9.48998e-09
pi2_0_0_0_0_l_0_0_0_0_0_0_0_0_0_0_0_0_0 = 9.50946e-09
pi2_0_0_0_0_l_0_0_0_0_0_0_0_0_0_0_0_0_0_0 = 9.40774e-09
pi2_0_0_0_0_l_0_0_0_0_0_0_0_0_0_0_0_0_0_0_0 = 9.42011e-09
pi2_0_0_0_0_l_0_0_0_0_0_0_0_0_0_0_0_0_0_0_0_0 = 9.32542e-09
pi2_0_0_0_0_l_0_0_0_0_0_0_0_0_0_0_0_0_0_0_0_0_0 = 9.33252e-09
pi2_0_0_0_0_l_0_0_0_0_0_0_0_0_0_0_0_0_0_0_0_0_0_0 = 9.24353e-09
pi2_0_0_0_0_l_0_0_0_0_0_0_0_0_0_0_0_0_0_0_0_0_0_0_0 = 9.24663e-09
pi2_0_0_0_0_l_0_0_0_0_0_0_0_0_0_0_0_0_0_0_0_0_0_0_0_0 = 9.16237e-09
