DD_0_0 = 1.6519e-09
DD_0_0_l_0 = 1.11174e-09
DD_0_0_l_0_0 = 1.1954e-09
DD_0_0_l_0_0_0 = 9.71945e-10
DD_0_0_l_0_0_0_0 = 9.9549e-10
DD_0_0_l_0_0_0_0_0 = 8.54047e-10
Dr_0_0 = 1.74661e-09
Dr_0_0_l_0 = 1.20118e-09
Dr_0_0_l_0_0 = 1.24112e-09
Dr_0_0_l_0_0_0 = 1.16026e-09
Dr_0_0_l_0_0_0_0 = 1.11404e-09
Dr_0_0_l_0_0_0_0_0 = 1.11379e-09
Dr_0_0_l_0_0_0_0_0_0 = 1.0545e-09
Hl_0_0 = 0.000114746
Hl_0_0_l_0 = 9.42539e-05
Hl_0_0_l_0_0 = 9.54865e-05
Hl_0_0_l_0_0_0 = 8.56692e-05
Hl_0_0_l_0_0_0_0 = 8.58111e-05
Hl_0_0_l_0_0_0_0_0 = 7.85399e-05
Hr_0_0 = 0.00101212
I = 1
pi2_0_0_0_0 = 1.15956e-07
pi2_0_0_0_0_l_0 = 9.53599e-08
pi2_0_0_0_0_l_0_0 = 9.66162e-08
pi2_0_0_0_0_l_0_0_0 = 8.67026e-08
pi2_0_0_0_0_l_0_0_0_0 = 8.68473e-08
pi2_0_0_0_0_l_0_0_0_0_0 = 7.94987e-08
