DD_0_0 = 2.13439e-09
DD_0_0_l_0 = 2.26913e-09
DD_0_0_l_0_0 = 2.2319e-09
Dr_0_0 = 3.6849e-09
Dr_0_0_l_0 = 3.82675e-09
Dr_0_0_l_0_0 = 3.95067e-09
Dr_0_0_l_0_0_0 = 3.97036e-09
Hl_0_0 = 9.85517e-05
Hl_0_0_l_0 = 9.95072e-05
Hl_0_0_l_0_0 = 9.85221e-05
Hr_0_0 = 0.0101211
I = 1
pi2_0_0_0_0 = 9.97484e-07
pi2_0_0_0_0_l_0 = 1.00719e-06
pi2_0_0_0_0_l_0_0 = 9.9719e-07
