DD_0_0 = 2.97418e-09
DD_0_0_l_0 = 2.29467e-09
DD_0_0_l_0_0 = 2.39785e-09
DD_0_0_l_0_0_0 = 2.25358e-09
DD_0_0_l_0_0_0_0 = 2.27827e-09
DD_0_0_l_0_0_0_0_0 = 2.21073e-09
Dr_0_0 = 7.07885e-09
Dr_0_0_l_0 = 5.09886e-09
Dr_0_0_l_0_0 = 5.0169e-09
Dr_0_0_l_0_0_0 = 4.64708e-09
Dr_0_0_l_0_0_0_0 = 4.59436e-09
Dr_0_0_l_0_0_0_0_0 = 4.43609e-09
Dr_0_0_l_0_0_0_0_0_0 = 4.31003e-09
Hl_0_0 = 0.000103215
Hl_0_0_l_0 = 9.94839e-05
Hl_0_0_l_0_0 = 0.000100077
Hl_0_0_l_0_0_0 = 9.84988e-05
Hl_0_0_l_0_0_0_0 = 9.86729e-05
Hl_0_0_l_0_0_0_0_0 = 9.75331e-05
Hr_0_0 = 0.0101206
I = 1
pi2_0_0_0_0 = 1.04337e-06
pi2_0_0_0_0_l_0 = 1.00635e-06
pi2_0_0_0_0_l_0_0 = 1.01237e-06
pi2_0_0_0_0_l_0_0_0 = 9.96582e-07
pi2_0_0_0_0_l_0_0_0_0 = 9.98332e-07
pi2_0_0_0_0_l_0_0_0_0_0 = 9.86886e-07
