DD_0_0 = 1.18624e-09
DD_0_0_l_0 = 1.17958e-09
DD_0_0_l_0_0 = 1.05452e-09
DD_0_0_l_0_0_0 = 1.01024e-09
DD_0_0_l_0_0_0_0 = 9.19065e-10
DD_0_0_l_0_0_0_0_0 = 8.78278e-10
DD_0_0_l_0_0_0_0_0_0 = 8.06587e-10
DD_0_0_l_0_0_0_0_0_0_0 = 7.72335e-10
DD_0_0_l_0_0_0_0_0_0_0_0 = 7.13641e-10
DD_0_0_l_0_0_0_0_0_0_0_0_0 = 6.85613e-10
DD_0_0_l_0_0_0_0_0_0_0_0_0_0 = 6.36123e-10
DD_0_0_l_0_0_0_0_0_0_0_0_0_0_0 = 6.13567e-10
DD_0_0_l_0_0_0_0_0_0_0_0_0_0_0_0 = 5.70747e-10
DD_0_0_l_0_0_0_0_0_0_0_0_0_0_0_0_0 = 5.53007e-10
DD_0_0_l_0_0_0_0_0_0_0_0_0_0_0_0_0_0 = 5.14993e-10
DD_0_0_l_0_0_0_0_0_0_0_0_0_0_0_0_0_0_0 = 5.01631e-10
DD_0_0_l_0_0_0_0_0_0_0_0_0_0_0_0_0_0_0_0 = 4.66914e-10
DD_0_0_l_0_0_0_0_0_0_0_0_0_0_0_0_0_0_0_0_0 = 4.57758e-10
DD_0_0_l_0_0_0_0_0_0_0_0_0_0_0_0_0_0_0_0_0_0 = 4.2497e-10
DD_0_0_l_0_0_0_0_0_0_0_0_0_0_0_0_0_0_0_0_0_0_0 = 4.20163e-10
DD_0_0_l_0_0_0_0_0_0_0_0_0_0_0_0_0_0_0_0_0_0_0_0 = 3.879e-10
Dr_0_0 = 1.03039e-09
Dr_0_0_l_0 = 1.134e-09
Dr_0_0_l_0_0 = 1.08994e-09
Dr_0_0_l_0_0_0 = 1.09178e-09
Dr_0_0_l_0_0_0_0 = 1.06172e-09
Dr_0_0_l_0_0_0_0_0 = 1.04573e-09
Dr_0_0_l_0_0_0_0_0_0 = 1.02082e-09
Dr_0_0_l_0_0_0_0_0_0_0 = 9.98803e-10
Dr_0_0_l_0_0_0_0_0_0_0_0 = 9.76904e-10
Dr_0_0_l_0_0_0_0_0_0_0_0_0 = 9.52745e-10
Dr_0_0_l_0_0_0_0_0_0_0_0_0_0 = 9.33068e-10
Dr_0_0_l_0_0_0_0_0_0_0_0_0_0_0 = 9.08504e-10
Dr_0_0_l_0_0_0_0_0_0_0_0_0_0_0_0 = 8.90552e-10
Dr_0_0_l_0_0_0_0_0_0_0_0_0_0_0_0_0 = 8.66588e-10
Dr_0_0_l_0_0_0_0_0_0_0_0_0_0_0_0_0_0 = 8.49822e-10
Dr_0_0_l_0_0_0_0_0_0_0_0_0_0_0_0_0_0_0 = 8.27311e-10
Dr_0_0_l_0_0_0_0_0_0_0_0_0_0_0_0_0_0_0_0 = 8.10892e-10
Dr_0_0_l_0_0_0_0_0_0_0_0_0_0_0_0_0_0_0_0_0 = 7.9099e-10
Dr_0_0_l_0_0_0_0_0_0_0_0_0_0_0_0_0_0_0_0_0_0 = 7.73371e-10
Dr_0_0_l_0_0_0_0_0_0_0_0_0_0_0_0_0_0_0_0_0_0_0 = 7.5821e-10
Dr_0_0_l_0_0_0_0_0_0_0_0_0_0_0_0_0_0_0_0_0_0_0_0 = 7.36229e-10
Dr_0_0_l_0_0_0_0_0_0_0_0_0_0_0_0_0_0_0_0_0_0_0_0_0 = 7.15229e-10
Hl_0_0 = 9.69625e-05
Hl_0_0_l_0 = 9.5167e-05
Hl_0_0_l_0_0 = 8.94815e-05
Hl_0_0_l_0_0_0 = 8.65915e-05
Hl_0_0_l_0_0_0_0 = 8.20851e-05
Hl_0_0_l_0_0_0_0_0 = 7.94907e-05
Hl_0_0_l_0_0_0_0_0_0 = 7.57287e-05
Hl_0_0_l_0_0_0_0_0_0_0 = 7.35052e-05
Hl_0_0_l_0_0_0_0_0_0_0_0 = 7.02689e-05
Hl_0_0_l_0_0_0_0_0_0_0_0_0 = 6.83875e-05
Hl_0_0_l_0_0_0_0_0_0_0_0_0_0 = 6.55371e-05
Hl_0_0_l_0_0_0_0_0_0_0_0_0_0_0 = 6.39615e-05
Hl_0_0_l_0_0_0_0_0_0_0_0_0_0_0_0 = 6.13949e-05
Hl_0_0_l_0_0_0_0_0_0_0_0_0_0_0_0_0 = 6.00986e-05
Hl_0_0_l_0_0_0_0_0_0_0_0_0_0_0_0_0_0 = 5.77325e-05
Hl_0_0_l_0_0_0_0_0_0_0_0_0_0_0_0_0_0_0 = 5.67044e-05
Hl_0_0_l_0_0_0_0_0_0_0_0_0_0_0_0_0_0_0_0 = 5.44603e-05
Hl_0_0_l_0_0_0_0_0_0_0_0_0_0_0_0_0_0_0_0_0 = 5.3711e-05
Hl_0_0_l_0_0_0_0_0_0_0_0_0_0_0_0_0_0_0_0_0_0 = 5.15013e-05
Hl_0_0_l_0_0_0_0_0_0_0_0_0_0_0_0_0_0_0_0_0_0_0 = 5.10747e-05
Hl_0_0_l_0_0_0_0_0_0_0_0_0_0_0_0_0_0_0_0_0_0_0_0 = 4.87803e-05
Hr_0_0 = 0.00101212
I = 1
pi2_0_0_0_0 = 9.82269e-08
pi2_0_0_0_0_l_0 = 9.63767e-08
pi2_0_0_0_0_l_0_0 = 9.06156e-08
pi2_0_0_0_0_l_0_0_0 = 8.76834e-08
pi2_0_0_0_0_l_0_0_0_0 = 8.31181e-08
pi2_0_0_0_0_l_0_0_0_0_0 = 8.04886e-08
pi2_0_0_0_0_l_0_0_0_0_0_0 = 7.66779e-08
pi2_0_0_0_0_l_0_0_0_0_0_0_0 = 7.44249e-08
pi2_0_0_0_0_l_0_0_0_0_0_0_0_0 = 7.11471e-08
pi2_0_0_0_0_l_0_0_0_0_0_0_0_0_0 = 6.9241e-08
pi2_0_0_0_0_l_0_0_0_0_0_0_0_0_0_0 = 6.63542e-08
pi2_0_0_0_0_l_0_0_0_0_0_0_0_0_0_0_0 = 6.4758e-08
pi2_0_0_0_0_l_0_0_0_0_0_0_0_0_0_0_0_0 = 6.21589e-08
pi2_0_0_0_0_l_0_0_0_0_0_0_0_0_0_0_0_0_0 = 6.08455e-08
pi2_0_0_0_0_l_0_0_0_0_0_0_0_0_0_0_0_0_0_0 = 5.84497e-08
pi2_0_0_0_0_l_0_0_0_0_0_0_0_0_0_0_0_0_0_0_0 = 5.74079e-08
pi2_0_0_0_0_l_0_0_0_0_0_0_0_0_0_0_0_0_0_0_0_0 = 5.51359e-08
pi2_0_0_0_0_l_0_0_0_0_0_0_0_0_0_0_0_0_0_0_0_0_0 = 5.43763e-08
pi2_0_0_0_0_l_0_0_0_0_0_0_0_0_0_0_0_0_0_0_0_0_0_0 = 5.21393e-08
pi2_0_0_0_0_l_0_0_0_0_0_0_0_0_0_0_0_0_0_0_0_0_0_0_0 = 5.17064e-08
pi2_0_0_0_0_l_0_0_0_0_0_0_0_0_0_0_0_0_0_0_0_0_0_0_0_0 = 4.93835e-08
