DD_0_0 = 2.97437e-11
DD_0_0_l_0 = 2.29482e-11
DD_0_0_l_0_0 = 2.39801e-11
DD_0_0_l_0_0_0 = 2.25373e-11
DD_0_0_l_0_0_0_0 = 2.27842e-11
DD_0_0_l_0_0_0_0_0 = 2.21087e-11
Dr_0_0 = 7.07931e-11
Dr_0_0_l_0 = 5.09919e-11
Dr_0_0_l_0_0 = 5.01723e-11
Dr_0_0_l_0_0_0 = 4.64738e-11
Dr_0_0_l_0_0_0_0 = 4.59466e-11
Dr_0_0_l_0_0_0_0_0 = 4.43638e-11
Dr_0_0_l_0_0_0_0_0_0 = 4.31031e-11
Hl_0_0 = 1.03215e-05
Hl_0_0_l_0 = 9.94839e-06
Hl_0_0_l_0_0 = 1.00077e-05
Hl_0_0_l_0_0_0 = 9.84988e-06
Hl_0_0_l_0_0_0_0 = 9.86729e-06
Hl_0_0_l_0_0_0_0_0 = 9.75331e-06
Hr_0_0 = 0.00101212
I = 1
pi2_0_0_0_0 = 1.04344e-08
pi2_0_0_0_0_l_0 = 1.00642e-08
pi2_0_0_0_0_l_0_0 = 1.01243e-08
pi2_0_0_0_0_l_0_0_0 = 9.96647e-09
pi2_0_0_0_0_l_0_0_0_0 = 9.98397e-09
pi2_0_0_0_0_l_0_0_0_0_0 = 9.8695e-09
