DD_0_0 = 1.92088e-05
DD_0_0_l_0 = 6.82483e-06
DD_0_0_l_0_0 = 5.06567e-06
DD_0_0_l_0_0_0 = 3.04756e-06
DD_0_0_l_0_0_0_0 = 2.45338e-06
DD_0_0_l_0_0_0_0_0 = 1.72995e-06
DD_0_0_l_0_0_0_0_0_0 = 1.45841e-06
DD_0_0_l_0_0_0_0_0_0_0 = 1.11434e-06
DD_0_0_l_0_0_0_0_0_0_0_0 = 9.67934e-07
DD_0_0_l_0_0_0_0_0_0_0_0_0 = 7.76956e-07
DD_0_0_l_0_0_0_0_0_0_0_0_0_0 = 6.89187e-07
Dr_0_0 = -7.20387e-16
Dr_0_0_l_0 = 9.14985e-06
Dr_0_0_l_0_0 = 4.99509e-06
Dr_0_0_l_0_0_0 = 5.91487e-06
Dr_0_0_l_0_0_0_0 = 4.00121e-06
Dr_0_0_l_0_0_0_0_0 = 4.21595e-06
Dr_0_0_l_0_0_0_0_0_0 = 3.12324e-06
Dr_0_0_l_0_0_0_0_0_0_0 = 3.19375e-06
Dr_0_0_l_0_0_0_0_0_0_0_0 = 2.49259e-06
Dr_0_0_l_0_0_0_0_0_0_0_0_0 = 2.52256e-06
Dr_0_0_l_0_0_0_0_0_0_0_0_0_0 = 2.03766e-06
Dr_0_0_l_0_0_0_0_0_0_0_0_0_0_0 = 2.05414e-06
Hl_0_0 = 0.0101213
Hl_0_0_l_0 = 0.00567479
Hl_0_0_l_0_0 = 0.00462527
Hl_0_0_l_0_0_0 = 0.0035723
Hl_0_0_l_0_0_0_0 = 0.00310939
Hl_0_0_l_0_0_0_0_0 = 0.00261859
Hl_0_0_l_0_0_0_0_0_0 = 0.00235676
Hl_0_0_l_0_0_0_0_0_0_0 = 0.00206998
Hl_0_0_l_0_0_0_0_0_0_0_0 = 0.00190131
Hl_0_0_l_0_0_0_0_0_0_0_0_0 = 0.00171255
Hl_0_0_l_0_0_0_0_0_0_0_0_0_0 = 0.00159474
Hr_0_0 = 0.0101213
I = 1
pi2_0_0_0_0 = 0.000104286
pi2_0_0_0_0_l_0 = 5.83776e-05
pi2_0_0_0_0_l_0_0 = 4.72931e-05
pi2_0_0_0_0_l_0_0_0 = 3.65261e-05
pi2_0_0_0_0_l_0_0_0_0 = 3.16757e-05
pi2_0_0_0_0_l_0_0_0_0_0 = 2.6688e-05
pi2_0_0_0_0_l_0_0_0_0_0_0 = 2.39576e-05
pi2_0_0_0_0_l_0_0_0_0_0_0_0 = 2.10553e-05
pi2_0_0_0_0_l_0_0_0_0_0_0_0_0 = 1.93019e-05
pi2_0_0_0_0_l_0_0_0_0_0_0_0_0_0 = 1.73972e-05
pi2_0_0_0_0_l_0_0_0_0_0_0_0_0_0_0 = 1.61751e-05
