DD_0_0 = 1.92088e-07
DD_0_0_l_0 = 6.82483e-08
DD_0_0_l_0_0 = 5.06567e-08
Dr_0_0 = 4.56736e-18
Dr_0_0_l_0 = 9.14985e-08
Dr_0_0_l_0_0 = 4.99509e-08
Dr_0_0_l_0_0_0 = 5.91487e-08
Hl_0_0 = 0.00101213
Hl_0_0_l_0 = 0.000567479
Hl_0_0_l_0_0 = 0.000462527
Hr_0_0 = 0.00101213
I = 1
pi2_0_0_0_0 = 1.04286e-06
pi2_0_0_0_0_l_0 = 5.83776e-07
pi2_0_0_0_0_l_0_0 = 4.72931e-07
