DD_0_0 = 1.92088e-05
DD_0_0_l_0 = 6.82483e-06
DD_0_0_l_0_0 = 5.06567e-06
Dr_0_0 = -6.48786e-18
Dr_0_0_l_0 = 9.14985e-06
Dr_0_0_l_0_0 = 4.99509e-06
Dr_0_0_l_0_0_0 = 5.91487e-06
Hl_0_0 = 0.0101213
Hl_0_0_l_0 = 0.00567479
Hl_0_0_l_0_0 = 0.00462527
Hr_0_0 = 0.0101213
I = 1
pi2_0_0_0_0 = 0.000104286
pi2_0_0_0_0_l_0 = 5.83776e-05
pi2_0_0_0_0_l_0_0 = 4.72931e-05
