DD_0_0 = 1.92088e-07
DD_0_0_l_0 = 6.82483e-08
DD_0_0_l_0_0 = 5.06567e-08
DD_0_0_l_0_0_0 = 3.04756e-08
DD_0_0_l_0_0_0_0 = 2.45338e-08
DD_0_0_l_0_0_0_0_0 = 1.72995e-08
DD_0_0_l_0_0_0_0_0_0 = 1.45841e-08
DD_0_0_l_0_0_0_0_0_0_0 = 1.11434e-08
DD_0_0_l_0_0_0_0_0_0_0_0 = 9.67934e-09
DD_0_0_l_0_0_0_0_0_0_0_0_0 = 7.76956e-09
DD_0_0_l_0_0_0_0_0_0_0_0_0_0 = 6.89187e-09
DD_0_0_l_0_0_0_0_0_0_0_0_0_0_0 = 5.72119e-09
DD_0_0_l_0_0_0_0_0_0_0_0_0_0_0_0 = 5.15449e-09
DD_0_0_l_0_0_0_0_0_0_0_0_0_0_0_0_0 = 4.38503e-09
DD_0_0_l_0_0_0_0_0_0_0_0_0_0_0_0_0_0 = 3.9984e-09
DD_0_0_l_0_0_0_0_0_0_0_0_0_0_0_0_0_0_0 = 3.4657e-09
DD_0_0_l_0_0_0_0_0_0_0_0_0_0_0_0_0_0_0_0 = 3.19044e-09
DD_0_0_l_0_0_0_0_0_0_0_0_0_0_0_0_0_0_0_0_0 = 2.80649e-09
DD_0_0_l_0_0_0_0_0_0_0_0_0_0_0_0_0_0_0_0_0_0 = 2.60375e-09
DD_0_0_l_0_0_0_0_0_0_0_0_0_0_0_0_0_0_0_0_0_0_0 = 2.31796e-09
DD_0_0_l_0_0_0_0_0_0_0_0_0_0_0_0_0_0_0_0_0_0_0_0 = 2.16443e-09
Dr_0_0 = -2.3241e-17
Dr_0_0_l_0 = 9.14985e-08
Dr_0_0_l_0_0 = 4.99509e-08
Dr_0_0_l_0_0_0 = 5.91487e-08
Dr_0_0_l_0_0_0_0 = 4.00121e-08
Dr_0_0_l_0_0_0_0_0 = 4.21595e-08
Dr_0_0_l_0_0_0_0_0_0 = 3.12324e-08
Dr_0_0_l_0_0_0_0_0_0_0 = 3.19375e-08
Dr_0_0_l_0_0_0_0_0_0_0_0 = 2.49259e-08
Dr_0_0_l_0_0_0_0_0_0_0_0_0 = 2.52256e-08
Dr_0_0_l_0_0_0_0_0_0_0_0_0_0 = 2.03766e-08
Dr_0_0_l_0_0_0_0_0_0_0_0_0_0_0 = 2.05414e-08
Dr_0_0_l_0_0_0_0_0_0_0_0_0_0_0_0 = 1.70066e-08
Dr_0_0_l_0_0_0_0_0_0_0_0_0_0_0_0_0 = 1.71215e-08
Dr_0_0_l_0_0_0_0_0_0_0_0_0_0_0_0_0_0 = 1.44416e-08
Dr_0_0_l_0_0_0_0_0_0_0_0_0_0_0_0_0_0_0 = 1.45363e-08
Dr_0_0_l_0_0_0_0_0_0_0_0_0_0_0_0_0_0_0_0 = 1.24417e-08
Dr_0_0_l_0_0_0_0_0_0_0_0_0_0_0_0_0_0_0_0_0 = 1.25273e-08
Dr_0_0_l_0_0_0_0_0_0_0_0_0_0_0_0_0_0_0_0_0_0 = 1.08497e-08
Dr_0_0_l_0_0_0_0_0_0_0_0_0_0_0_0_0_0_0_0_0_0_0 = 1.09303e-08
Dr_0_0_l_0_0_0_0_0_0_0_0_0_0_0_0_0_0_0_0_0_0_0_0 = 9.55968e-09
Dr_0_0_l_0_0_0_0_0_0_0_0_0_0_0_0_0_0_0_0_0_0_0_0_0 = 9.63687e-09
Hl_0_0 = 0.00101213
Hl_0_0_l_0 = 0.000567479
Hl_0_0_l_0_0 = 0.000462527
Hl_0_0_l_0_0_0 = 0.00035723
Hl_0_0_l_0_0_0_0 = 0.000310939
Hl_0_0_l_0_0_0_0_0 = 0.000261859
Hl_0_0_l_0_0_0_0_0_0 = 0.000235676
Hl_0_0_l_0_0_0_0_0_0_0 = 0.000206998
Hl_0_0_l_0_0_0_0_0_0_0_0 = 0.000190131
Hl_0_0_l_0_0_0_0_0_0_0_0_0 = 0.000171255
Hl_0_0_l_0_0_0_0_0_0_0_0_0_0 = 0.000159474
Hl_0_0_l_0_0_0_0_0_0_0_0_0_0_0 = 0.000146086
Hl_0_0_l_0_0_0_0_0_0_0_0_0_0_0_0 = 0.000137387
Hl_0_0_l_0_0_0_0_0_0_0_0_0_0_0_0_0 = 0.00012739
Hl_0_0_l_0_0_0_0_0_0_0_0_0_0_0_0_0_0 = 0.000120703
Hl_0_0_l_0_0_0_0_0_0_0_0_0_0_0_0_0_0_0 = 0.000112948
Hl_0_0_l_0_0_0_0_0_0_0_0_0_0_0_0_0_0_0_0 = 0.000107646
Hl_0_0_l_0_0_0_0_0_0_0_0_0_0_0_0_0_0_0_0_0 = 0.000101455
Hl_0_0_l_0_0_0_0_0_0_0_0_0_0_0_0_0_0_0_0_0_0 = 9.71473e-05
Hl_0_0_l_0_0_0_0_0_0_0_0_0_0_0_0_0_0_0_0_0_0_0 = 9.20881e-05
Hl_0_0_l_0_0_0_0_0_0_0_0_0_0_0_0_0_0_0_0_0_0_0_0 = 8.85194e-05
Hr_0_0 = 0.00101213
I = 1
pi2_0_0_0_0 = 1.04286e-06
pi2_0_0_0_0_l_0 = 5.83776e-07
pi2_0_0_0_0_l_0_0 = 4.72931e-07
pi2_0_0_0_0_l_0_0_0 = 3.65261e-07
pi2_0_0_0_0_l_0_0_0_0 = 3.16757e-07
pi2_0_0_0_0_l_0_0_0_0_0 = 2.6688e-07
pi2_0_0_0_0_l_0_0_0_0_0_0 = 2.39576e-07
pi2_0_0_0_0_l_0_0_0_0_0_0_0 = 2.10553e-07
pi2_0_0_0_0_l_0_0_0_0_0_0_0_0 = 1.93019e-07
pi2_0_0_0_0_l_0_0_0_0_0_0_0_0_0 = 1.73972e-07
pi2_0_0_0_0_l_0_0_0_0_0_0_0_0_0_0 = 1.61751e-07
pi2_0_0_0_0_l_0_0_0_0_0_0_0_0_0_0_0 = 1.48271e-07
pi2_0_0_0_0_l_0_0_0_0_0_0_0_0_0_0_0_0 = 1.39262e-07
pi2_0_0_0_0_l_0_0_0_0_0_0_0_0_0_0_0_0_0 = 1.29212e-07
pi2_0_0_0_0_l_0_0_0_0_0_0_0_0_0_0_0_0_0_0 = 1.22294e-07
pi2_0_0_0_0_l_0_0_0_0_0_0_0_0_0_0_0_0_0_0_0 = 1.14509e-07
pi2_0_0_0_0_l_0_0_0_0_0_0_0_0_0_0_0_0_0_0_0_0 = 1.09029e-07
pi2_0_0_0_0_l_0_0_0_0_0_0_0_0_0_0_0_0_0_0_0_0_0 = 1.02819e-07
pi2_0_0_0_0_l_0_0_0_0_0_0_0_0_0_0_0_0_0_0_0_0_0_0 = 9.83699e-08
pi2_0_0_0_0_l_0_0_0_0_0_0_0_0_0_0_0_0_0_0_0_0_0_0_0 = 9.32997e-08
pi2_0_0_0_0_l_0_0_0_0_0_0_0_0_0_0_0_0_0_0_0_0_0_0_0_0 = 8.96157e-08
