DD_0_0 = 1.92088e-07
DD_0_0_l_0 = 6.82483e-08
DD_0_0_l_0_0 = 5.06567e-08
DD_0_0_l_0_0_0 = 3.04756e-08
DD_0_0_l_0_0_0_0 = 2.45338e-08
DD_0_0_l_0_0_0_0_0 = 1.72995e-08
Dr_0_0 = -8.88172e-18
Dr_0_0_l_0 = 9.14985e-08
Dr_0_0_l_0_0 = 4.99509e-08
Dr_0_0_l_0_0_0 = 5.91487e-08
Dr_0_0_l_0_0_0_0 = 4.00121e-08
Dr_0_0_l_0_0_0_0_0 = 4.21595e-08
Dr_0_0_l_0_0_0_0_0_0 = 3.12324e-08
Hl_0_0 = 0.00101213
Hl_0_0_l_0 = 0.000567479
Hl_0_0_l_0_0 = 0.000462527
Hl_0_0_l_0_0_0 = 0.00035723
Hl_0_0_l_0_0_0_0 = 0.000310939
Hl_0_0_l_0_0_0_0_0 = 0.000261859
Hr_0_0 = 0.00101213
I = 1
pi2_0_0_0_0 = 1.04286e-06
pi2_0_0_0_0_l_0 = 5.83776e-07
pi2_0_0_0_0_l_0_0 = 4.72931e-07
pi2_0_0_0_0_l_0_0_0 = 3.65261e-07
pi2_0_0_0_0_l_0_0_0_0 = 3.16757e-07
pi2_0_0_0_0_l_0_0_0_0_0 = 2.6688e-07
