DD_0_0 = 1.35833e-11
DD_0_0_l_0 = 1.2453e-11
DD_0_0_l_0_0 = 1.27398e-11
DD_0_0_l_0_0_0 = 1.23249e-11
DD_0_0_l_0_0_0_0 = 1.24115e-11
DD_0_0_l_0_0_0_0_0 = 1.21622e-11
Dr_0_0 = 1.42351e-11
Dr_0_0_l_0 = 1.26334e-11
Dr_0_0_l_0_0 = 1.28468e-11
Dr_0_0_l_0_0_0 = 1.26218e-11
Dr_0_0_l_0_0_0_0 = 1.25669e-11
Dr_0_0_l_0_0_0_0_0 = 1.2575e-11
Dr_0_0_l_0_0_0_0_0_0 = 1.24994e-11
Hl_0_0 = 1.03215e-05
Hl_0_0_l_0 = 9.94839e-06
Hl_0_0_l_0_0 = 1.00077e-05
Hl_0_0_l_0_0_0 = 9.84988e-06
Hl_0_0_l_0_0_0_0 = 9.86729e-06
Hl_0_0_l_0_0_0_0_0 = 9.75331e-06
Hr_0_0 = 0.00101213
I = 1
pi2_0_0_0_0 = 1.04457e-08
pi2_0_0_0_0_l_0 = 1.00687e-08
pi2_0_0_0_0_l_0_0 = 1.01287e-08
pi2_0_0_0_0_l_0_0_0 = 9.96912e-09
pi2_0_0_0_0_l_0_0_0_0 = 9.98674e-09
pi2_0_0_0_0_l_0_0_0_0_0 = 9.87143e-09
