DD_0_0 = 2.21613e-10
DD_0_0_l_0 = 2.16906e-10
DD_0_0_l_0_0 = 2.02211e-10
DD_0_0_l_0_0_0 = 1.94773e-10
DD_0_0_l_0_0_0_0 = 1.83186e-10
DD_0_0_l_0_0_0_0_0 = 1.76535e-10
DD_0_0_l_0_0_0_0_0_0 = 1.6691e-10
DD_0_0_l_0_0_0_0_0_0_0 = 1.61228e-10
DD_0_0_l_0_0_0_0_0_0_0_0 = 1.52989e-10
DD_0_0_l_0_0_0_0_0_0_0_0_0 = 1.48196e-10
DD_0_0_l_0_0_0_0_0_0_0_0_0_0 = 1.40978e-10
DD_0_0_l_0_0_0_0_0_0_0_0_0_0_0 = 1.36974e-10
DD_0_0_l_0_0_0_0_0_0_0_0_0_0_0_0 = 1.3051e-10
DD_0_0_l_0_0_0_0_0_0_0_0_0_0_0_0_0 = 1.27221e-10
DD_0_0_l_0_0_0_0_0_0_0_0_0_0_0_0_0_0 = 1.21297e-10
DD_0_0_l_0_0_0_0_0_0_0_0_0_0_0_0_0_0_0 = 1.18689e-10
DD_0_0_l_0_0_0_0_0_0_0_0_0_0_0_0_0_0_0_0 = 1.13106e-10
DD_0_0_l_0_0_0_0_0_0_0_0_0_0_0_0_0_0_0_0_0 = 1.11196e-10
DD_0_0_l_0_0_0_0_0_0_0_0_0_0_0_0_0_0_0_0_0_0 = 1.05734e-10
DD_0_0_l_0_0_0_0_0_0_0_0_0_0_0_0_0_0_0_0_0_0_0 = 1.04627e-10
DD_0_0_l_0_0_0_0_0_0_0_0_0_0_0_0_0_0_0_0_0_0_0_0 = 9.89766e-11
Dr_0_0 = 3.92934e-11
Dr_0_0_l_0 = 4.20606e-11
Dr_0_0_l_0_0 = 4.27353e-11
Dr_0_0_l_0_0_0 = 4.40556e-11
Dr_0_0_l_0_0_0_0 = 4.46089e-11
Dr_0_0_l_0_0_0_0_0 = 4.5423e-11
Dr_0_0_l_0_0_0_0_0_0 = 4.58316e-11
Dr_0_0_l_0_0_0_0_0_0_0 = 4.63342e-11
Dr_0_0_l_0_0_0_0_0_0_0_0 = 4.66254e-11
Dr_0_0_l_0_0_0_0_0_0_0_0_0 = 4.69067e-11
Dr_0_0_l_0_0_0_0_0_0_0_0_0_0 = 4.71113e-11
Dr_0_0_l_0_0_0_0_0_0_0_0_0_0_0 = 4.72228e-11
Dr_0_0_l_0_0_0_0_0_0_0_0_0_0_0_0 = 4.73695e-11
Dr_0_0_l_0_0_0_0_0_0_0_0_0_0_0_0_0 = 4.7341e-11
Dr_0_0_l_0_0_0_0_0_0_0_0_0_0_0_0_0_0 = 4.74577e-11
Dr_0_0_l_0_0_0_0_0_0_0_0_0_0_0_0_0_0_0 = 4.73021e-11
Dr_0_0_l_0_0_0_0_0_0_0_0_0_0_0_0_0_0_0_0 = 4.74221e-11
Dr_0_0_l_0_0_0_0_0_0_0_0_0_0_0_0_0_0_0_0_0 = 4.71294e-11
Dr_0_0_l_0_0_0_0_0_0_0_0_0_0_0_0_0_0_0_0_0_0 = 4.73124e-11
Dr_0_0_l_0_0_0_0_0_0_0_0_0_0_0_0_0_0_0_0_0_0_0 = 4.68107e-11
Dr_0_0_l_0_0_0_0_0_0_0_0_0_0_0_0_0_0_0_0_0_0_0_0 = 4.72293e-11
Dr_0_0_l_0_0_0_0_0_0_0_0_0_0_0_0_0_0_0_0_0_0_0_0_0 = 4.66511e-11
Hl_0_0 = 9.69625e-05
Hl_0_0_l_0 = 9.5167e-05
Hl_0_0_l_0_0 = 8.94815e-05
Hl_0_0_l_0_0_0 = 8.65915e-05
Hl_0_0_l_0_0_0_0 = 8.20851e-05
Hl_0_0_l_0_0_0_0_0 = 7.94907e-05
Hl_0_0_l_0_0_0_0_0_0 = 7.57287e-05
Hl_0_0_l_0_0_0_0_0_0_0 = 7.35052e-05
Hl_0_0_l_0_0_0_0_0_0_0_0 = 7.02689e-05
Hl_0_0_l_0_0_0_0_0_0_0_0_0 = 6.83875e-05
Hl_0_0_l_0_0_0_0_0_0_0_0_0_0 = 6.55371e-05
Hl_0_0_l_0_0_0_0_0_0_0_0_0_0_0 = 6.39615e-05
Hl_0_0_l_0_0_0_0_0_0_0_0_0_0_0_0 = 6.13949e-05
Hl_0_0_l_0_0_0_0_0_0_0_0_0_0_0_0_0 = 6.00986e-05
Hl_0_0_l_0_0_0_0_0_0_0_0_0_0_0_0_0_0 = 5.77325e-05
Hl_0_0_l_0_0_0_0_0_0_0_0_0_0_0_0_0_0_0 = 5.67044e-05
Hl_0_0_l_0_0_0_0_0_0_0_0_0_0_0_0_0_0_0_0 = 5.44603e-05
Hl_0_0_l_0_0_0_0_0_0_0_0_0_0_0_0_0_0_0_0_0 = 5.3711e-05
Hl_0_0_l_0_0_0_0_0_0_0_0_0_0_0_0_0_0_0_0_0_0 = 5.15013e-05
Hl_0_0_l_0_0_0_0_0_0_0_0_0_0_0_0_0_0_0_0_0_0_0 = 5.10747e-05
Hl_0_0_l_0_0_0_0_0_0_0_0_0_0_0_0_0_0_0_0_0_0_0_0 = 4.87803e-05
Hr_0_0 = 0.00101213
I = 1
pi2_0_0_0_0 = 9.81407e-08
pi2_0_0_0_0_l_0 = 9.6323e-08
pi2_0_0_0_0_l_0_0 = 9.05684e-08
pi2_0_0_0_0_l_0_0_0 = 8.76432e-08
pi2_0_0_0_0_l_0_0_0_0 = 8.3082e-08
pi2_0_0_0_0_l_0_0_0_0_0 = 8.04562e-08
pi2_0_0_0_0_l_0_0_0_0_0_0 = 7.66484e-08
pi2_0_0_0_0_l_0_0_0_0_0_0_0 = 7.43979e-08
pi2_0_0_0_0_l_0_0_0_0_0_0_0_0 = 7.11222e-08
pi2_0_0_0_0_l_0_0_0_0_0_0_0_0_0 = 6.9218e-08
pi2_0_0_0_0_l_0_0_0_0_0_0_0_0_0_0 = 6.63329e-08
pi2_0_0_0_0_l_0_0_0_0_0_0_0_0_0_0_0 = 6.47382e-08
pi2_0_0_0_0_l_0_0_0_0_0_0_0_0_0_0_0_0 = 6.21405e-08
pi2_0_0_0_0_l_0_0_0_0_0_0_0_0_0_0_0_0_0 = 6.08284e-08
pi2_0_0_0_0_l_0_0_0_0_0_0_0_0_0_0_0_0_0_0 = 5.84335e-08
pi2_0_0_0_0_l_0_0_0_0_0_0_0_0_0_0_0_0_0_0_0 = 5.73929e-08
pi2_0_0_0_0_l_0_0_0_0_0_0_0_0_0_0_0_0_0_0_0_0 = 5.51216e-08
pi2_0_0_0_0_l_0_0_0_0_0_0_0_0_0_0_0_0_0_0_0_0_0 = 5.43632e-08
pi2_0_0_0_0_l_0_0_0_0_0_0_0_0_0_0_0_0_0_0_0_0_0_0 = 5.21266e-08
pi2_0_0_0_0_l_0_0_0_0_0_0_0_0_0_0_0_0_0_0_0_0_0_0_0 = 5.16948e-08
pi2_0_0_0_0_l_0_0_0_0_0_0_0_0_0_0_0_0_0_0_0_0_0_0_0_0 = 4.93725e-08
