DD_0_0 = 1.35831e-09
DD_0_0_l_0 = 1.24529e-09
DD_0_0_l_0_0 = 1.27397e-09
DD_0_0_l_0_0_0 = 1.23248e-09
DD_0_0_l_0_0_0_0 = 1.24113e-09
DD_0_0_l_0_0_0_0_0 = 1.21621e-09
Dr_0_0 = 1.42349e-09
Dr_0_0_l_0 = 1.26332e-09
Dr_0_0_l_0_0 = 1.28466e-09
Dr_0_0_l_0_0_0 = 1.26217e-09
Dr_0_0_l_0_0_0_0 = 1.25667e-09
Dr_0_0_l_0_0_0_0_0 = 1.25748e-09
Dr_0_0_l_0_0_0_0_0_0 = 1.24993e-09
Hl_0_0 = 0.000103215
Hl_0_0_l_0 = 9.94839e-05
Hl_0_0_l_0_0 = 0.000100077
Hl_0_0_l_0_0_0 = 9.84988e-05
Hl_0_0_l_0_0_0_0 = 9.86729e-05
Hl_0_0_l_0_0_0_0_0 = 9.75331e-05
Hr_0_0 = 0.0101212
I = 1
pi2_0_0_0_0 = 1.04455e-06
pi2_0_0_0_0_l_0 = 1.00686e-06
pi2_0_0_0_0_l_0_0 = 1.01286e-06
pi2_0_0_0_0_l_0_0_0 = 9.96901e-07
pi2_0_0_0_0_l_0_0_0_0 = 9.98663e-07
pi2_0_0_0_0_l_0_0_0_0_0 = 9.87132e-07
