DD_0_0 = 1.22751e-09
DD_0_0_l_0 = 1.25963e-09
DD_0_0_l_0_0 = 1.23658e-09
Dr_0_0 = 1.19912e-09
Dr_0_0_l_0 = 1.23078e-09
Dr_0_0_l_0_0 = 1.24962e-09
Dr_0_0_l_0_0_0 = 1.24511e-09
Hl_0_0 = 9.85517e-05
Hl_0_0_l_0 = 9.95072e-05
Hl_0_0_l_0_0 = 9.85221e-05
Hr_0_0 = 0.0101212
I = 1
pi2_0_0_0_0 = 9.9747e-07
pi2_0_0_0_0_l_0 = 1.00714e-06
pi2_0_0_0_0_l_0_0 = 9.97166e-07
