DD_0_0 = 1.03652e-09
DD_0_0_l_0 = 1.29349e-09
DD_0_0_l_0_0 = 1.17122e-09
DD_0_0_l_0_0_0 = 1.25718e-09
DD_0_0_l_0_0_0_0 = 1.18327e-09
DD_0_0_l_0_0_0_0_0 = 1.23088e-09
DD_0_0_l_0_0_0_0_0_0 = 1.17787e-09
DD_0_0_l_0_0_0_0_0_0_0 = 1.20817e-09
DD_0_0_l_0_0_0_0_0_0_0_0 = 1.16689e-09
DD_0_0_l_0_0_0_0_0_0_0_0_0 = 1.18732e-09
DD_0_0_l_0_0_0_0_0_0_0_0_0_0 = 1.1536e-09
DD_0_0_l_0_0_0_0_0_0_0_0_0_0_0 = 1.16765e-09
DD_0_0_l_0_0_0_0_0_0_0_0_0_0_0_0 = 1.13926e-09
DD_0_0_l_0_0_0_0_0_0_0_0_0_0_0_0_0 = 1.14885e-09
DD_0_0_l_0_0_0_0_0_0_0_0_0_0_0_0_0_0 = 1.12445e-09
DD_0_0_l_0_0_0_0_0_0_0_0_0_0_0_0_0_0_0 = 1.13073e-09
DD_0_0_l_0_0_0_0_0_0_0_0_0_0_0_0_0_0_0_0 = 1.10948e-09
DD_0_0_l_0_0_0_0_0_0_0_0_0_0_0_0_0_0_0_0_0 = 1.1132e-09
DD_0_0_l_0_0_0_0_0_0_0_0_0_0_0_0_0_0_0_0_0_0 = 1.0945e-09
DD_0_0_l_0_0_0_0_0_0_0_0_0_0_0_0_0_0_0_0_0_0_0 = 1.09618e-09
DD_0_0_l_0_0_0_0_0_0_0_0_0_0_0_0_0_0_0_0_0_0_0_0 = 1.07963e-09
Dr_0_0 = 7.74843e-10
Dr_0_0_l_0 = 1.28199e-09
Dr_0_0_l_0_0 = 1.11559e-09
Dr_0_0_l_0_0_0 = 1.25652e-09
Dr_0_0_l_0_0_0_0 = 1.17505e-09
Dr_0_0_l_0_0_0_0_0 = 1.24379e-09
Dr_0_0_l_0_0_0_0_0_0 = 1.19597e-09
Dr_0_0_l_0_0_0_0_0_0_0 = 1.23499e-09
Dr_0_0_l_0_0_0_0_0_0_0_0 = 1.20449e-09
Dr_0_0_l_0_0_0_0_0_0_0_0_0 = 1.22783e-09
Dr_0_0_l_0_0_0_0_0_0_0_0_0_0 = 1.20753e-09
Dr_0_0_l_0_0_0_0_0_0_0_0_0_0_0 = 1.22146e-09
Dr_0_0_l_0_0_0_0_0_0_0_0_0_0_0_0 = 1.20769e-09
Dr_0_0_l_0_0_0_0_0_0_0_0_0_0_0_0_0 = 1.21552e-09
Dr_0_0_l_0_0_0_0_0_0_0_0_0_0_0_0_0_0 = 1.20616e-09
Dr_0_0_l_0_0_0_0_0_0_0_0_0_0_0_0_0_0_0 = 1.20982e-09
Dr_0_0_l_0_0_0_0_0_0_0_0_0_0_0_0_0_0_0_0 = 1.20356e-09
Dr_0_0_l_0_0_0_0_0_0_0_0_0_0_0_0_0_0_0_0_0 = 1.20427e-09
Dr_0_0_l_0_0_0_0_0_0_0_0_0_0_0_0_0_0_0_0_0_0 = 1.20023e-09
Dr_0_0_l_0_0_0_0_0_0_0_0_0_0_0_0_0_0_0_0_0_0_0 = 1.1988e-09
Dr_0_0_l_0_0_0_0_0_0_0_0_0_0_0_0_0_0_0_0_0_0_0_0 = 1.19639e-09
Dr_0_0_l_0_0_0_0_0_0_0_0_0_0_0_0_0_0_0_0_0_0_0_0_0 = 1.19238e-09
Hl_0_0 = 9.22363e-05
Hl_0_0_l_0 = 9.95388e-05
Hl_0_0_l_0_0 = 9.64167e-05
Hl_0_0_l_0_0_0 = 9.85537e-05
Hl_0_0_l_0_0_0_0 = 9.64761e-05
Hl_0_0_l_0_0_0_0_0 = 9.7588e-05
Hl_0_0_l_0_0_0_0_0_0 = 9.59631e-05
Hl_0_0_l_0_0_0_0_0_0_0 = 9.66411e-05
Hl_0_0_l_0_0_0_0_0_0_0_0 = 9.52714e-05
Hl_0_0_l_0_0_0_0_0_0_0_0_0 = 9.57124e-05
Hl_0_0_l_0_0_0_0_0_0_0_0_0_0 = 9.45081e-05
Hl_0_0_l_0_0_0_0_0_0_0_0_0_0_0 = 9.48015e-05
Hl_0_0_l_0_0_0_0_0_0_0_0_0_0_0_0 = 9.37141e-05
Hl_0_0_l_0_0_0_0_0_0_0_0_0_0_0_0_0 = 9.39078e-05
Hl_0_0_l_0_0_0_0_0_0_0_0_0_0_0_0_0_0 = 9.2908e-05
Hl_0_0_l_0_0_0_0_0_0_0_0_0_0_0_0_0_0_0 = 9.30309e-05
Hl_0_0_l_0_0_0_0_0_0_0_0_0_0_0_0_0_0_0_0 = 9.20997e-05
Hl_0_0_l_0_0_0_0_0_0_0_0_0_0_0_0_0_0_0_0_0 = 9.21703e-05
Hl_0_0_l_0_0_0_0_0_0_0_0_0_0_0_0_0_0_0_0_0_0 = 9.12947e-05
Hl_0_0_l_0_0_0_0_0_0_0_0_0_0_0_0_0_0_0_0_0_0_0 = 9.13255e-05
Hl_0_0_l_0_0_0_0_0_0_0_0_0_0_0_0_0_0_0_0_0_0_0_0 = 9.0496e-05
Hr_0_0 = 0.0101212
I = 1
pi2_0_0_0_0 = 9.33782e-07
pi2_0_0_0_0_l_0 = 1.00753e-06
pi2_0_0_0_0_l_0_0 = 9.75927e-07
pi2_0_0_0_0_l_0_0_0 = 9.97529e-07
pi2_0_0_0_0_l_0_0_0_0 = 9.76497e-07
pi2_0_0_0_0_l_0_0_0_0_0 = 9.8774e-07
pi2_0_0_0_0_l_0_0_0_0_0_0 = 9.71291e-07
pi2_0_0_0_0_l_0_0_0_0_0_0_0 = 9.78148e-07
pi2_0_0_0_0_l_0_0_0_0_0_0_0_0 = 9.64283e-07
pi2_0_0_0_0_l_0_0_0_0_0_0_0_0_0 = 9.68744e-07
pi2_0_0_0_0_l_0_0_0_0_0_0_0_0_0_0 = 9.56553e-07
pi2_0_0_0_0_l_0_0_0_0_0_0_0_0_0_0_0 = 9.59521e-07
pi2_0_0_0_0_l_0_0_0_0_0_0_0_0_0_0_0_0 = 9.48513e-07
pi2_0_0_0_0_l_0_0_0_0_0_0_0_0_0_0_0_0_0 = 9.50473e-07
pi2_0_0_0_0_l_0_0_0_0_0_0_0_0_0_0_0_0_0_0 = 9.40352e-07
pi2_0_0_0_0_l_0_0_0_0_0_0_0_0_0_0_0_0_0_0_0 = 9.41596e-07
pi2_0_0_0_0_l_0_0_0_0_0_0_0_0_0_0_0_0_0_0_0_0 = 9.3217e-07
pi2_0_0_0_0_l_0_0_0_0_0_0_0_0_0_0_0_0_0_0_0_0_0 = 9.32883e-07
pi2_0_0_0_0_l_0_0_0_0_0_0_0_0_0_0_0_0_0_0_0_0_0_0 = 9.2402e-07
pi2_0_0_0_0_l_0_0_0_0_0_0_0_0_0_0_0_0_0_0_0_0_0_0_0 = 9.24332e-07
pi2_0_0_0_0_l_0_0_0_0_0_0_0_0_0_0_0_0_0_0_0_0_0_0_0_0 = 9.15936e-07
