DD_0_0 = 1.12893e-09
DD_0_0_l_0 = 1.27697e-09
DD_0_0_l_0_0 = 1.20296e-09
DD_0_0_l_0_0_0 = 1.24704e-09
DD_0_0_l_0_0_0_0 = 1.20269e-09
DD_0_0_l_0_0_0_0_0 = 1.22338e-09
DD_0_0_l_0_0_0_0_0_0 = 1.192e-09
DD_0_0_l_0_0_0_0_0_0_0 = 1.20209e-09
DD_0_0_l_0_0_0_0_0_0_0_0 = 1.17811e-09
DD_0_0_l_0_0_0_0_0_0_0_0_0 = 1.1821e-09
DD_0_0_l_0_0_0_0_0_0_0_0_0_0 = 1.163e-09
Dr_0_0 = 9.80209e-10
Dr_0_0_l_0 = 1.25714e-09
Dr_0_0_l_0_0 = 1.18033e-09
Dr_0_0_l_0_0_0 = 1.24216e-09
Dr_0_0_l_0_0_0_0 = 1.21252e-09
Dr_0_0_l_0_0_0_0_0 = 1.23392e-09
Dr_0_0_l_0_0_0_0_0_0 = 1.22196e-09
Dr_0_0_l_0_0_0_0_0_0_0 = 1.22762e-09
Dr_0_0_l_0_0_0_0_0_0_0_0 = 1.22417e-09
Dr_0_0_l_0_0_0_0_0_0_0_0_0 = 1.22207e-09
Dr_0_0_l_0_0_0_0_0_0_0_0_0_0 = 1.22321e-09
Dr_0_0_l_0_0_0_0_0_0_0_0_0_0_0 = 1.21994e-09
Hl_0_0 = 9.52868e-05
Hl_0_0_l_0 = 9.95236e-05
Hl_0_0_l_0_0 = 9.74337e-05
Hl_0_0_l_0_0_0 = 9.85385e-05
Hl_0_0_l_0_0_0_0 = 9.70865e-05
Hl_0_0_l_0_0_0_0_0 = 9.75727e-05
Hl_0_0_l_0_0_0_0_0_0 = 9.63993e-05
Hl_0_0_l_0_0_0_0_0_0_0 = 9.66258e-05
Hl_0_0_l_0_0_0_0_0_0_0_0 = 9.5611e-05
Hl_0_0_l_0_0_0_0_0_0_0_0_0 = 9.56971e-05
Hl_0_0_l_0_0_0_0_0_0_0_0_0_0 = 9.47862e-05
Hr_0_0 = 0.0101212
I = 1
pi2_0_0_0_0 = 9.64543e-07
pi2_0_0_0_0_l_0 = 1.00735e-06
pi2_0_0_0_0_l_0_0 = 9.86184e-07
pi2_0_0_0_0_l_0_0_0 = 9.97354e-07
pi2_0_0_0_0_l_0_0_0_0 = 9.82654e-07
pi2_0_0_0_0_l_0_0_0_0_0 = 9.87571e-07
pi2_0_0_0_0_l_0_0_0_0_0_0 = 9.75692e-07
pi2_0_0_0_0_l_0_0_0_0_0_0_0 = 9.77982e-07
pi2_0_0_0_0_l_0_0_0_0_0_0_0_0 = 9.67709e-07
pi2_0_0_0_0_l_0_0_0_0_0_0_0_0_0 = 9.6858e-07
pi2_0_0_0_0_l_0_0_0_0_0_0_0_0_0_0 = 9.59359e-07
