DD_0_0 = 2.00186e-10
DD_0_0_l_0 = 2.18159e-10
DD_0_0_l_0_0 = 1.94968e-10
DD_0_0_l_0_0_0 = 1.95951e-10
DD_0_0_l_0_0_0_0 = 1.78707e-10
DD_0_0_l_0_0_0_0_0 = 1.77712e-10
DD_0_0_l_0_0_0_0_0_0 = 1.63548e-10
DD_0_0_l_0_0_0_0_0_0_0 = 1.62444e-10
DD_0_0_l_0_0_0_0_0_0_0_0 = 1.50179e-10
DD_0_0_l_0_0_0_0_0_0_0_0_0 = 1.49493e-10
DD_0_0_l_0_0_0_0_0_0_0_0_0_0 = 1.38435e-10
Dr_0_0 = 3.51109e-11
Dr_0_0_l_0 = 4.18786e-11
Dr_0_0_l_0_0 = 4.13985e-11
Dr_0_0_l_0_0_0 = 4.38535e-11
Dr_0_0_l_0_0_0_0 = 4.386e-11
Dr_0_0_l_0_0_0_0_0 = 4.52034e-11
Dr_0_0_l_0_0_0_0_0_0 = 4.5363e-11
Dr_0_0_l_0_0_0_0_0_0_0 = 4.60537e-11
Dr_0_0_l_0_0_0_0_0_0_0_0 = 4.64494e-11
Dr_0_0_l_0_0_0_0_0_0_0_0_0 = 4.62517e-11
Dr_0_0_l_0_0_0_0_0_0_0_0_0_0 = 4.79649e-11
Dr_0_0_l_0_0_0_0_0_0_0_0_0_0_0 = 4.72799e-11
Hl_0_0 = 8.84616e-05
Hl_0_0_l_0 = 9.55283e-05
Hl_0_0_l_0_0 = 8.65937e-05
Hl_0_0_l_0_0_0 = 8.69819e-05
Hl_0_0_l_0_0_0_0 = 8.029e-05
Hl_0_0_l_0_0_0_0_0 = 7.99068e-05
Hl_0_0_l_0_0_0_0_0_0 = 7.43746e-05
Hl_0_0_l_0_0_0_0_0_0_0 = 7.39526e-05
Hl_0_0_l_0_0_0_0_0_0_0_0 = 6.91323e-05
Hl_0_0_l_0_0_0_0_0_0_0_0_0 = 6.88766e-05
Hl_0_0_l_0_0_0_0_0_0_0_0_0_0 = 6.4508e-05
Hr_0_0 = 0.00101213
I = 1
pi2_0_0_0_0 = 8.95381e-08
pi2_0_0_0_0_l_0 = 9.66892e-08
pi2_0_0_0_0_l_0_0 = 8.76459e-08
pi2_0_0_0_0_l_0_0_0 = 8.80386e-08
pi2_0_0_0_0_l_0_0_0_0 = 8.12654e-08
pi2_0_0_0_0_l_0_0_0_0_0 = 8.08775e-08
pi2_0_0_0_0_l_0_0_0_0_0_0 = 7.5278e-08
pi2_0_0_0_0_l_0_0_0_0_0_0_0 = 7.48508e-08
pi2_0_0_0_0_l_0_0_0_0_0_0_0_0 = 6.99719e-08
pi2_0_0_0_0_l_0_0_0_0_0_0_0_0_0 = 6.97132e-08
pi2_0_0_0_0_l_0_0_0_0_0_0_0_0_0_0 = 6.52915e-08
