DD_0_0 = -7.63676e-10
DD_0_0_l_0 = 6.11551e-10
DD_0_0_l_0_0 = 2.94163e-10
DD_0_0_l_0_0_0 = 5.55808e-10
DD_0_0_l_0_0_0_0 = 4.03948e-10
DD_0_0_l_0_0_0_0_0 = 5.07079e-10
DD_0_0_l_0_0_0_0_0_0 = 4.13084e-10
DD_0_0_l_0_0_0_0_0_0_0 = 4.64405e-10
DD_0_0_l_0_0_0_0_0_0_0_0 = 3.98323e-10
DD_0_0_l_0_0_0_0_0_0_0_0_0 = 4.26875e-10
DD_0_0_l_0_0_0_0_0_0_0_0_0_0 = 3.76877e-10
DD_0_0_l_0_0_0_0_0_0_0_0_0_0_0 = 3.93706e-10
DD_0_0_l_0_0_0_0_0_0_0_0_0_0_0_0 = 3.54096e-10
DD_0_0_l_0_0_0_0_0_0_0_0_0_0_0_0_0 = 3.64247e-10
DD_0_0_l_0_0_0_0_0_0_0_0_0_0_0_0_0_0 = 3.31904e-10
DD_0_0_l_0_0_0_0_0_0_0_0_0_0_0_0_0_0_0 = 3.37953e-10
DD_0_0_l_0_0_0_0_0_0_0_0_0_0_0_0_0_0_0_0 = 3.11016e-10
DD_0_0_l_0_0_0_0_0_0_0_0_0_0_0_0_0_0_0_0_0 = 3.14373e-10
DD_0_0_l_0_0_0_0_0_0_0_0_0_0_0_0_0_0_0_0_0_0 = 2.91665e-10
DD_0_0_l_0_0_0_0_0_0_0_0_0_0_0_0_0_0_0_0_0_0_0 = 2.93126e-10
DD_0_0_l_0_0_0_0_0_0_0_0_0_0_0_0_0_0_0_0_0_0_0_0 = 2.7388e-10
Dr_0_0 = -5.05715e-09
Dr_0_0_l_0 = -9.86845e-10
Dr_0_0_l_0_0 = -8.11572e-10
Dr_0_0_l_0_0_0 = -1.0373e-10
Dr_0_0_l_0_0_0_0 = -1.94743e-11
Dr_0_0_l_0_0_0_0_0 = 2.39029e-10
Dr_0_0_l_0_0_0_0_0_0 = 2.8686e-10
Dr_0_0_l_0_0_0_0_0_0_0 = 4.05684e-10
Dr_0_0_l_0_0_0_0_0_0_0_0 = 4.34682e-10
Dr_0_0_l_0_0_0_0_0_0_0_0_0 = 4.94706e-10
Dr_0_0_l_0_0_0_0_0_0_0_0_0_0 = 5.12571e-10
Dr_0_0_l_0_0_0_0_0_0_0_0_0_0_0 = 5.43587e-10
Dr_0_0_l_0_0_0_0_0_0_0_0_0_0_0_0 = 5.54286e-10
Dr_0_0_l_0_0_0_0_0_0_0_0_0_0_0_0_0 = 5.69605e-10
Dr_0_0_l_0_0_0_0_0_0_0_0_0_0_0_0_0_0 = 5.75399e-10
Dr_0_0_l_0_0_0_0_0_0_0_0_0_0_0_0_0_0_0 = 5.81762e-10
Dr_0_0_l_0_0_0_0_0_0_0_0_0_0_0_0_0_0_0_0 = 5.84024e-10
Dr_0_0_l_0_0_0_0_0_0_0_0_0_0_0_0_0_0_0_0_0 = 5.85163e-10
Dr_0_0_l_0_0_0_0_0_0_0_0_0_0_0_0_0_0_0_0_0_0 = 5.84766e-10
Dr_0_0_l_0_0_0_0_0_0_0_0_0_0_0_0_0_0_0_0_0_0_0 = 5.82893e-10
Dr_0_0_l_0_0_0_0_0_0_0_0_0_0_0_0_0_0_0_0_0_0_0_0 = 5.80399e-10
Dr_0_0_l_0_0_0_0_0_0_0_0_0_0_0_0_0_0_0_0_0_0_0_0_0 = 5.74182e-10
Hl_0_0 = 4.43433e-05
Hl_0_0_l_0 = 4.88915e-05
Hl_0_0_l_0_0 = 4.56698e-05
Hl_0_0_l_0_0_0 = 4.65747e-05
Hl_0_0_l_0_0_0_0 = 4.4211e-05
Hl_0_0_l_0_0_0_0_0 = 4.44734e-05
Hl_0_0_l_0_0_0_0_0_0 = 4.25205e-05
Hl_0_0_l_0_0_0_0_0_0_0 = 4.25585e-05
Hl_0_0_l_0_0_0_0_0_0_0_0 = 4.08592e-05
Hl_0_0_l_0_0_0_0_0_0_0_0_0 = 4.0806e-05
Hl_0_0_l_0_0_0_0_0_0_0_0_0_0 = 3.92834e-05
Hl_0_0_l_0_0_0_0_0_0_0_0_0_0_0 = 3.9196e-05
Hl_0_0_l_0_0_0_0_0_0_0_0_0_0_0_0 = 3.78048e-05
Hl_0_0_l_0_0_0_0_0_0_0_0_0_0_0_0_0 = 3.77121e-05
Hl_0_0_l_0_0_0_0_0_0_0_0_0_0_0_0_0_0 = 3.64221e-05
Hl_0_0_l_0_0_0_0_0_0_0_0_0_0_0_0_0_0_0 = 3.634e-05
Hl_0_0_l_0_0_0_0_0_0_0_0_0_0_0_0_0_0_0_0 = 3.51293e-05
Hl_0_0_l_0_0_0_0_0_0_0_0_0_0_0_0_0_0_0_0_0 = 3.50679e-05
Hl_0_0_l_0_0_0_0_0_0_0_0_0_0_0_0_0_0_0_0_0_0 = 3.39193e-05
Hl_0_0_l_0_0_0_0_0_0_0_0_0_0_0_0_0_0_0_0_0_0_0 = 3.38858e-05
Hl_0_0_l_0_0_0_0_0_0_0_0_0_0_0_0_0_0_0_0_0_0_0_0 = 3.27849e-05
Hr_0_0 = 0.00101217
I = 1
pi2_0_0_0_0 = 4.66147e-08
pi2_0_0_0_0_l_0 = 5.03827e-08
pi2_0_0_0_0_l_0_0 = 4.68923e-08
pi2_0_0_0_0_l_0_0_0 = 4.76506e-08
pi2_0_0_0_0_l_0_0_0_0 = 4.5159e-08
pi2_0_0_0_0_l_0_0_0_0_0 = 4.53612e-08
pi2_0_0_0_0_l_0_0_0_0_0_0 = 4.33286e-08
pi2_0_0_0_0_l_0_0_0_0_0_0_0 = 4.33344e-08
pi2_0_0_0_0_l_0_0_0_0_0_0_0_0 = 4.1578e-08
pi2_0_0_0_0_l_0_0_0_0_0_0_0_0_0 = 4.15052e-08
pi2_0_0_0_0_l_0_0_0_0_0_0_0_0_0_0 = 3.99382e-08
pi2_0_0_0_0_l_0_0_0_0_0_0_0_0_0_0_0 = 3.98381e-08
pi2_0_0_0_0_l_0_0_0_0_0_0_0_0_0_0_0_0 = 3.84102e-08
pi2_0_0_0_0_l_0_0_0_0_0_0_0_0_0_0_0_0_0 = 3.83089e-08
pi2_0_0_0_0_l_0_0_0_0_0_0_0_0_0_0_0_0_0_0 = 3.69875e-08
pi2_0_0_0_0_l_0_0_0_0_0_0_0_0_0_0_0_0_0_0_0 = 3.68998e-08
pi2_0_0_0_0_l_0_0_0_0_0_0_0_0_0_0_0_0_0_0_0_0 = 3.56613e-08
pi2_0_0_0_0_l_0_0_0_0_0_0_0_0_0_0_0_0_0_0_0_0_0 = 3.55965e-08
pi2_0_0_0_0_l_0_0_0_0_0_0_0_0_0_0_0_0_0_0_0_0_0_0 = 3.44227e-08
pi2_0_0_0_0_l_0_0_0_0_0_0_0_0_0_0_0_0_0_0_0_0_0_0_0 = 3.43874e-08
pi2_0_0_0_0_l_0_0_0_0_0_0_0_0_0_0_0_0_0_0_0_0_0_0_0_0 = 3.32632e-08
