DD_0_0 = -4.79283e-10
DD_0_0_l_0 = 5.84625e-10
DD_0_0_l_0_0 = 3.55938e-10
DD_0_0_l_0_0_0 = 5.40424e-10
DD_0_0_l_0_0_0_0 = 4.3308e-10
DD_0_0_l_0_0_0_0_0 = 4.96139e-10
DD_0_0_l_0_0_0_0_0_0 = 4.31116e-10
DD_0_0_l_0_0_0_0_0_0_0 = 4.55694e-10
DD_0_0_l_0_0_0_0_0_0_0_0 = 4.11262e-10
DD_0_0_l_0_0_0_0_0_0_0_0_0 = 4.19425e-10
DD_0_0_l_0_0_0_0_0_0_0_0_0_0 = 3.87096e-10
Dr_0_0 = -3.39921e-09
Dr_0_0_l_0 = -5.99639e-10
Dr_0_0_l_0_0 = -3.18649e-10
Dr_0_0_l_0_0_0 = 1.11434e-10
Dr_0_0_l_0_0_0_0 = 2.53597e-10
Dr_0_0_l_0_0_0_0_0 = 3.82403e-10
Dr_0_0_l_0_0_0_0_0_0 = 4.69901e-10
Dr_0_0_l_0_0_0_0_0_0_0 = 5.10129e-10
Dr_0_0_l_0_0_0_0_0_0_0_0 = 5.69662e-10
Dr_0_0_l_0_0_0_0_0_0_0_0_0 = 5.7491e-10
Dr_0_0_l_0_0_0_0_0_0_0_0_0_0 = 6.18094e-10
Dr_0_0_l_0_0_0_0_0_0_0_0_0_0_0 = 6.3235e-10
Hl_0_0 = 4.36403e-05
Hl_0_0_l_0 = 4.8909e-05
Hl_0_0_l_0_0 = 4.54346e-05
Hl_0_0_l_0_0_0 = 4.65923e-05
Hl_0_0_l_0_0_0_0 = 4.40687e-05
Hl_0_0_l_0_0_0_0_0 = 4.44912e-05
Hl_0_0_l_0_0_0_0_0_0 = 4.24174e-05
Hl_0_0_l_0_0_0_0_0_0_0 = 4.25765e-05
Hl_0_0_l_0_0_0_0_0_0_0_0 = 4.07775e-05
Hl_0_0_l_0_0_0_0_0_0_0_0_0 = 4.08243e-05
Hl_0_0_l_0_0_0_0_0_0_0_0_0_0 = 3.92149e-05
Hr_0_0 = 0.00101216
I = 1
pi2_0_0_0_0 = 4.53068e-08
pi2_0_0_0_0_l_0 = 5.0169e-08
pi2_0_0_0_0_l_0_0 = 4.64462e-08
pi2_0_0_0_0_l_0_0_0 = 4.75401e-08
pi2_0_0_0_0_l_0_0_0_0 = 4.48912e-08
pi2_0_0_0_0_l_0_0_0_0_0 = 4.52936e-08
pi2_0_0_0_0_l_0_0_0_0_0_0 = 4.31379e-08
pi2_0_0_0_0_l_0_0_0_0_0_0_0 = 4.32901e-08
pi2_0_0_0_0_l_0_0_0_0_0_0_0_0 = 4.14299e-08
pi2_0_0_0_0_l_0_0_0_0_0_0_0_0_0 = 4.14755e-08
pi2_0_0_0_0_l_0_0_0_0_0_0_0_0_0_0 = 3.98179e-08
