DD_0_0 = -7.28883e-10
DD_0_0_l_0 = 6.13394e-10
DD_0_0_l_0_0 = 2.99077e-10
DD_0_0_l_0_0_0 = 5.5545e-10
DD_0_0_l_0_0_0_0 = 4.04835e-10
DD_0_0_l_0_0_0_0_0 = 5.06109e-10
DD_0_0_l_0_0_0_0_0_0 = 4.12786e-10
DD_0_0_l_0_0_0_0_0_0_0 = 4.63254e-10
DD_0_0_l_0_0_0_0_0_0_0_0 = 3.9759e-10
DD_0_0_l_0_0_0_0_0_0_0_0_0 = 4.25696e-10
DD_0_0_l_0_0_0_0_0_0_0_0_0_0 = 3.75981e-10
DD_0_0_l_0_0_0_0_0_0_0_0_0_0_0 = 3.92562e-10
DD_0_0_l_0_0_0_0_0_0_0_0_0_0_0_0 = 3.53154e-10
DD_0_0_l_0_0_0_0_0_0_0_0_0_0_0_0_0 = 3.63162e-10
DD_0_0_l_0_0_0_0_0_0_0_0_0_0_0_0_0_0 = 3.30969e-10
DD_0_0_l_0_0_0_0_0_0_0_0_0_0_0_0_0_0_0 = 3.36937e-10
DD_0_0_l_0_0_0_0_0_0_0_0_0_0_0_0_0_0_0_0 = 3.10113e-10
DD_0_0_l_0_0_0_0_0_0_0_0_0_0_0_0_0_0_0_0_0 = 3.13428e-10
DD_0_0_l_0_0_0_0_0_0_0_0_0_0_0_0_0_0_0_0_0_0 = 2.90804e-10
DD_0_0_l_0_0_0_0_0_0_0_0_0_0_0_0_0_0_0_0_0_0_0 = 2.92249e-10
DD_0_0_l_0_0_0_0_0_0_0_0_0_0_0_0_0_0_0_0_0_0_0_0 = 2.73067e-10
Dr_0_0 = -4.88672e-09
Dr_0_0_l_0 = -9.13549e-10
Dr_0_0_l_0_0 = -7.55067e-10
Dr_0_0_l_0_0_0 = -6.47903e-11
Dr_0_0_l_0_0_0_0 = 1.1802e-11
Dr_0_0_l_0_0_0_0_0 = 2.63525e-10
Dr_0_0_l_0_0_0_0_0_0 = 3.06923e-10
Dr_0_0_l_0_0_0_0_0_0_0 = 4.22392e-10
Dr_0_0_l_0_0_0_0_0_0_0_0 = 4.48489e-10
Dr_0_0_l_0_0_0_0_0_0_0_0_0 = 5.06644e-10
Dr_0_0_l_0_0_0_0_0_0_0_0_0_0 = 5.22455e-10
Dr_0_0_l_0_0_0_0_0_0_0_0_0_0_0 = 5.52367e-10
Dr_0_0_l_0_0_0_0_0_0_0_0_0_0_0_0 = 5.61528e-10
Dr_0_0_l_0_0_0_0_0_0_0_0_0_0_0_0_0 = 5.76182e-10
Dr_0_0_l_0_0_0_0_0_0_0_0_0_0_0_0_0_0 = 5.80773e-10
Dr_0_0_l_0_0_0_0_0_0_0_0_0_0_0_0_0_0_0 = 5.86745e-10
Dr_0_0_l_0_0_0_0_0_0_0_0_0_0_0_0_0_0_0_0 = 5.88032e-10
Dr_0_0_l_0_0_0_0_0_0_0_0_0_0_0_0_0_0_0_0_0 = 5.8896e-10
Dr_0_0_l_0_0_0_0_0_0_0_0_0_0_0_0_0_0_0_0_0_0 = 5.87745e-10
Dr_0_0_l_0_0_0_0_0_0_0_0_0_0_0_0_0_0_0_0_0_0_0 = 5.85789e-10
Dr_0_0_l_0_0_0_0_0_0_0_0_0_0_0_0_0_0_0_0_0_0_0_0 = 5.82589e-10
Dr_0_0_l_0_0_0_0_0_0_0_0_0_0_0_0_0_0_0_0_0_0_0_0_0 = 5.75981e-10
Hl_0_0 = 4.43433e-05
Hl_0_0_l_0 = 4.88915e-05
Hl_0_0_l_0_0 = 4.56698e-05
Hl_0_0_l_0_0_0 = 4.65747e-05
Hl_0_0_l_0_0_0_0 = 4.4211e-05
Hl_0_0_l_0_0_0_0_0 = 4.44734e-05
Hl_0_0_l_0_0_0_0_0_0 = 4.25205e-05
Hl_0_0_l_0_0_0_0_0_0_0 = 4.25585e-05
Hl_0_0_l_0_0_0_0_0_0_0_0 = 4.08592e-05
Hl_0_0_l_0_0_0_0_0_0_0_0_0 = 4.0806e-05
Hl_0_0_l_0_0_0_0_0_0_0_0_0_0 = 3.92834e-05
Hl_0_0_l_0_0_0_0_0_0_0_0_0_0_0 = 3.9196e-05
Hl_0_0_l_0_0_0_0_0_0_0_0_0_0_0_0 = 3.78048e-05
Hl_0_0_l_0_0_0_0_0_0_0_0_0_0_0_0_0 = 3.77121e-05
Hl_0_0_l_0_0_0_0_0_0_0_0_0_0_0_0_0_0 = 3.64221e-05
Hl_0_0_l_0_0_0_0_0_0_0_0_0_0_0_0_0_0_0 = 3.634e-05
Hl_0_0_l_0_0_0_0_0_0_0_0_0_0_0_0_0_0_0_0 = 3.51293e-05
Hl_0_0_l_0_0_0_0_0_0_0_0_0_0_0_0_0_0_0_0_0 = 3.50679e-05
Hl_0_0_l_0_0_0_0_0_0_0_0_0_0_0_0_0_0_0_0_0_0 = 3.39193e-05
Hl_0_0_l_0_0_0_0_0_0_0_0_0_0_0_0_0_0_0_0_0_0_0 = 3.38858e-05
Hl_0_0_l_0_0_0_0_0_0_0_0_0_0_0_0_0_0_0_0_0_0_0_0 = 3.27849e-05
Hr_0_0 = 0.00101217
I = 1
pi2_0_0_0_0 = 4.65745e-08
pi2_0_0_0_0_l_0 = 5.03593e-08
pi2_0_0_0_0_l_0_0 = 4.68752e-08
pi2_0_0_0_0_l_0_0_0 = 4.7637e-08
pi2_0_0_0_0_l_0_0_0_0 = 4.51481e-08
pi2_0_0_0_0_l_0_0_0_0_0 = 4.53519e-08
pi2_0_0_0_0_l_0_0_0_0_0_0 = 4.33208e-08
pi2_0_0_0_0_l_0_0_0_0_0_0_0 = 4.33274e-08
pi2_0_0_0_0_l_0_0_0_0_0_0_0_0 = 4.1572e-08
pi2_0_0_0_0_l_0_0_0_0_0_0_0_0_0 = 4.14997e-08
pi2_0_0_0_0_l_0_0_0_0_0_0_0_0_0_0 = 3.99334e-08
pi2_0_0_0_0_l_0_0_0_0_0_0_0_0_0_0_0 = 3.98336e-08
pi2_0_0_0_0_l_0_0_0_0_0_0_0_0_0_0_0_0 = 3.84063e-08
pi2_0_0_0_0_l_0_0_0_0_0_0_0_0_0_0_0_0_0 = 3.83051e-08
pi2_0_0_0_0_l_0_0_0_0_0_0_0_0_0_0_0_0_0_0 = 3.69842e-08
pi2_0_0_0_0_l_0_0_0_0_0_0_0_0_0_0_0_0_0_0_0 = 3.68966e-08
pi2_0_0_0_0_l_0_0_0_0_0_0_0_0_0_0_0_0_0_0_0_0 = 3.56584e-08
pi2_0_0_0_0_l_0_0_0_0_0_0_0_0_0_0_0_0_0_0_0_0_0 = 3.55937e-08
pi2_0_0_0_0_l_0_0_0_0_0_0_0_0_0_0_0_0_0_0_0_0_0_0 = 3.44202e-08
pi2_0_0_0_0_l_0_0_0_0_0_0_0_0_0_0_0_0_0_0_0_0_0_0_0 = 3.43849e-08
pi2_0_0_0_0_l_0_0_0_0_0_0_0_0_0_0_0_0_0_0_0_0_0_0_0_0 = 3.3261e-08
