DD_0_0 = -2.75859e-10
DD_0_0_l_0 = 5.90571e-10
DD_0_0_l_0_0 = 3.74238e-10
DD_0_0_l_0_0_0 = 5.30728e-10
DD_0_0_l_0_0_0_0 = 4.27822e-10
DD_0_0_l_0_0_0_0_0 = 4.82627e-10
DD_0_0_l_0_0_0_0_0_0 = 4.19745e-10
DD_0_0_l_0_0_0_0_0_0_0 = 4.41484e-10
DD_0_0_l_0_0_0_0_0_0_0_0 = 3.98245e-10
DD_0_0_l_0_0_0_0_0_0_0_0_0 = 4.05581e-10
DD_0_0_l_0_0_0_0_0_0_0_0_0_0 = 3.73965e-10
Dr_0_0 = -2.46567e-09
Dr_0_0_l_0 = -1.69008e-10
Dr_0_0_l_0_0 = -2.58677e-11
Dr_0_0_l_0_0_0 = 3.23784e-10
Dr_0_0_l_0_0_0_0 = 4.01729e-10
Dr_0_0_l_0_0_0_0_0 = 5.04411e-10
Dr_0_0_l_0_0_0_0_0_0 = 5.53912e-10
Dr_0_0_l_0_0_0_0_0_0_0 = 5.84374e-10
Dr_0_0_l_0_0_0_0_0_0_0_0 = 6.18378e-10
Dr_0_0_l_0_0_0_0_0_0_0_0_0 = 6.20583e-10
Dr_0_0_l_0_0_0_0_0_0_0_0_0_0 = 6.4514e-10
Dr_0_0_l_0_0_0_0_0_0_0_0_0_0_0 = 6.48549e-10
Hl_0_0 = 4.36403e-05
Hl_0_0_l_0 = 4.8909e-05
Hl_0_0_l_0_0 = 4.54346e-05
Hl_0_0_l_0_0_0 = 4.65923e-05
Hl_0_0_l_0_0_0_0 = 4.40687e-05
Hl_0_0_l_0_0_0_0_0 = 4.44912e-05
Hl_0_0_l_0_0_0_0_0_0 = 4.24174e-05
Hl_0_0_l_0_0_0_0_0_0_0 = 4.25765e-05
Hl_0_0_l_0_0_0_0_0_0_0_0 = 4.07775e-05
Hl_0_0_l_0_0_0_0_0_0_0_0_0 = 4.08243e-05
Hl_0_0_l_0_0_0_0_0_0_0_0_0_0 = 3.92149e-05
Hr_0_0 = 0.00101215
I = 1
pi2_0_0_0_0 = 4.5114e-08
pi2_0_0_0_0_l_0 = 5.00341e-08
pi2_0_0_0_0_l_0_0 = 4.63565e-08
pi2_0_0_0_0_l_0_0_0 = 4.7461e-08
pi2_0_0_0_0_l_0_0_0_0 = 4.48331e-08
pi2_0_0_0_0_l_0_0_0_0_0 = 4.52387e-08
pi2_0_0_0_0_l_0_0_0_0_0_0 = 4.30958e-08
pi2_0_0_0_0_l_0_0_0_0_0_0_0 = 4.32487e-08
pi2_0_0_0_0_l_0_0_0_0_0_0_0_0 = 4.13974e-08
pi2_0_0_0_0_l_0_0_0_0_0_0_0_0_0 = 4.14427e-08
pi2_0_0_0_0_l_0_0_0_0_0_0_0_0_0_0 = 3.97913e-08
