DD_0_0 = 5.88478e-10
DD_0_0_l_0 = 3.86495e-10
DD_0_0_l_0_0 = 4.29803e-10
DD_0_0_l_0_0_0 = 3.65477e-10
DD_0_0_l_0_0_0_0 = 3.76891e-10
DD_0_0_l_0_0_0_0_0 = 3.40834e-10
Dr_0_0 = 9.55927e-10
Dr_0_0_l_0 = 6.02132e-10
Dr_0_0_l_0_0 = 6.11821e-10
Dr_0_0_l_0_0_0 = 5.59358e-10
Dr_0_0_l_0_0_0_0 = 5.44305e-10
Dr_0_0_l_0_0_0_0_0 = 5.30941e-10
Dr_0_0_l_0_0_0_0_0_0 = 5.08556e-10
Hl_0_0 = 5.56991e-05
Hl_0_0_l_0 = 4.86075e-05
Hl_0_0_l_0_0 = 4.94693e-05
Hl_0_0_l_0_0_0 = 4.62897e-05
Hl_0_0_l_0_0_0_0 = 4.65107e-05
Hl_0_0_l_0_0_0_0_0 = 4.41859e-05
Hr_0_0 = 0.00101212
I = 1
pi2_0_0_0_0 = 5.6204e-08
pi2_0_0_0_0_l_0 = 4.91386e-08
pi2_0_0_0_0_l_0_0 = 5.0017e-08
pi2_0_0_0_0_l_0_0_0 = 4.68227e-08
pi2_0_0_0_0_l_0_0_0_0 = 4.70463e-08
pi2_0_0_0_0_l_0_0_0_0_0 = 4.47049e-08
