DD_0_0 = 2.25747e-10
DD_0_0_l_0 = 4.36677e-10
DD_0_0_l_0_0 = 3.35532e-10
DD_0_0_l_0_0_0 = 3.87106e-10
DD_0_0_l_0_0_0_0 = 3.30507e-10
DD_0_0_l_0_0_0_0_0 = 3.51843e-10
DD_0_0_l_0_0_0_0_0_0 = 3.13449e-10
DD_0_0_l_0_0_0_0_0_0_0 = 3.22984e-10
DD_0_0_l_0_0_0_0_0_0_0_0 = 2.94636e-10
DD_0_0_l_0_0_0_0_0_0_0_0_0 = 2.98203e-10
DD_0_0_l_0_0_0_0_0_0_0_0_0_0 = 2.76422e-10
Dr_0_0 = -2.02226e-11
Dr_0_0_l_0 = 4.64562e-10
Dr_0_0_l_0_0 = 3.89216e-10
Dr_0_0_l_0_0_0 = 4.70107e-10
Dr_0_0_l_0_0_0_0 = 4.42197e-10
Dr_0_0_l_0_0_0_0_0 = 4.64711e-10
Dr_0_0_l_0_0_0_0_0_0 = 4.5157e-10
Dr_0_0_l_0_0_0_0_0_0_0 = 4.55477e-10
Dr_0_0_l_0_0_0_0_0_0_0_0 = 4.48378e-10
Dr_0_0_l_0_0_0_0_0_0_0_0_0 = 4.44619e-10
Dr_0_0_l_0_0_0_0_0_0_0_0_0_0 = 4.40338e-10
Dr_0_0_l_0_0_0_0_0_0_0_0_0_0_0 = 4.31e-10
Hl_0_0 = 4.36403e-05
Hl_0_0_l_0 = 4.8909e-05
Hl_0_0_l_0_0 = 4.54346e-05
Hl_0_0_l_0_0_0 = 4.65923e-05
Hl_0_0_l_0_0_0_0 = 4.40687e-05
Hl_0_0_l_0_0_0_0_0 = 4.44912e-05
Hl_0_0_l_0_0_0_0_0_0 = 4.24174e-05
Hl_0_0_l_0_0_0_0_0_0_0 = 4.25765e-05
Hl_0_0_l_0_0_0_0_0_0_0_0 = 4.07775e-05
Hl_0_0_l_0_0_0_0_0_0_0_0_0 = 4.08243e-05
Hl_0_0_l_0_0_0_0_0_0_0_0_0_0 = 3.92149e-05
Hr_0_0 = 0.00101213
I = 1
pi2_0_0_0_0 = 4.43844e-08
pi2_0_0_0_0_l_0 = 4.95987e-08
pi2_0_0_0_0_l_0_0 = 4.60593e-08
pi2_0_0_0_0_l_0_0_0 = 4.72131e-08
pi2_0_0_0_0_l_0_0_0_0 = 4.46479e-08
pi2_0_0_0_0_l_0_0_0_0_0 = 4.50695e-08
pi2_0_0_0_0_l_0_0_0_0_0_0 = 4.2964e-08
pi2_0_0_0_0_l_0_0_0_0_0_0_0 = 4.31224e-08
pi2_0_0_0_0_l_0_0_0_0_0_0_0_0 = 4.12969e-08
pi2_0_0_0_0_l_0_0_0_0_0_0_0_0_0 = 4.13432e-08
pi2_0_0_0_0_l_0_0_0_0_0_0_0_0_0_0 = 3.97106e-08
