DD_0_0 = 9.72472e-11
DD_0_0_l_0 = 1.02435e-10
DD_0_0_l_0_0 = 9.62997e-11
Dr_0_0 = 3.14015e-11
Dr_0_0_l_0 = 3.41959e-11
Dr_0_0_l_0_0 = 3.60047e-11
Dr_0_0_l_0_0_0 = 3.55075e-11
Hl_0_0 = 4.6859e-05
Hl_0_0_l_0 = 4.88285e-05
Hl_0_0_l_0_0 = 4.65116e-05
Hr_0_0 = 0.00101213
I = 1
pi2_0_0_0_0 = 4.74287e-08
pi2_0_0_0_0_l_0 = 4.94222e-08
pi2_0_0_0_0_l_0_0 = 4.70766e-08
