DD_0_0 = 1.1964e-10
DD_0_0_l_0 = 1.01161e-10
DD_0_0_l_0_0 = 1.03738e-10
DD_0_0_l_0_0_0 = 9.54029e-11
DD_0_0_l_0_0_0_0 = 9.61623e-11
DD_0_0_l_0_0_0_0_0 = 9.01493e-11
Dr_0_0 = 4.0064e-11
Dr_0_0_l_0 = 3.47611e-11
Dr_0_0_l_0_0 = 3.67419e-11
Dr_0_0_l_0_0_0 = 3.56429e-11
Dr_0_0_l_0_0_0_0 = 3.58523e-11
Dr_0_0_l_0_0_0_0_0 = 3.72194e-11
Dr_0_0_l_0_0_0_0_0_0 = 3.67502e-11
Hl_0_0 = 5.56991e-05
Hl_0_0_l_0 = 4.86075e-05
Hl_0_0_l_0_0 = 4.94693e-05
Hl_0_0_l_0_0_0 = 4.62897e-05
Hl_0_0_l_0_0_0_0 = 4.65107e-05
Hl_0_0_l_0_0_0_0_0 = 4.41859e-05
Hr_0_0 = 0.00101213
I = 1
pi2_0_0_0_0 = 5.63725e-08
pi2_0_0_0_0_l_0 = 4.91968e-08
pi2_0_0_0_0_l_0_0 = 5.0069e-08
pi2_0_0_0_0_l_0_0_0 = 4.68511e-08
pi2_0_0_0_0_l_0_0_0_0 = 4.7075e-08
pi2_0_0_0_0_l_0_0_0_0_0 = 4.4722e-08
