DD_0_0 = 5.29387e-12
DD_0_0_l_0 = 2.41425e-11
DD_0_0_l_0_0 = 2.08869e-11
DD_0_0_l_0_0_0 = 2.41022e-11
DD_0_0_l_0_0_0_0 = 2.27064e-11
DD_0_0_l_0_0_0_0_0 = 2.3804e-11
DD_0_0_l_0_0_0_0_0_0 = 2.30043e-11
DD_0_0_l_0_0_0_0_0_0_0 = 2.34337e-11
DD_0_0_l_0_0_0_0_0_0_0_0 = 2.28961e-11
DD_0_0_l_0_0_0_0_0_0_0_0_0 = 2.30394e-11
DD_0_0_l_0_0_0_0_0_0_0_0_0_0 = 2.26392e-11
Dr_0_0 = -4.00025e-11
Dr_0_0_l_0 = 1.13933e-11
Dr_0_0_l_0_0 = 1.87022e-11
Dr_0_0_l_0_0_0 = 2.6547e-11
Dr_0_0_l_0_0_0_0 = 3.03833e-11
Dr_0_0_l_0_0_0_0_0 = 3.27539e-11
Dr_0_0_l_0_0_0_0_0_0 = 3.52095e-11
Dr_0_0_l_0_0_0_0_0_0_0 = 3.59866e-11
Dr_0_0_l_0_0_0_0_0_0_0_0 = 3.77201e-11
Dr_0_0_l_0_0_0_0_0_0_0_0_0 = 3.78721e-11
Dr_0_0_l_0_0_0_0_0_0_0_0_0_0 = 3.91692e-11
Dr_0_0_l_0_0_0_0_0_0_0_0_0_0_0 = 3.99852e-11
Hl_0_0 = 9.52868e-06
Hl_0_0_l_0 = 9.95236e-06
Hl_0_0_l_0_0 = 9.74337e-06
Hl_0_0_l_0_0_0 = 9.85385e-06
Hl_0_0_l_0_0_0_0 = 9.70865e-06
Hl_0_0_l_0_0_0_0_0 = 9.75727e-06
Hl_0_0_l_0_0_0_0_0_0 = 9.63993e-06
Hl_0_0_l_0_0_0_0_0_0_0 = 9.66258e-06
Hl_0_0_l_0_0_0_0_0_0_0_0 = 9.5611e-06
Hl_0_0_l_0_0_0_0_0_0_0_0_0 = 9.56971e-06
Hl_0_0_l_0_0_0_0_0_0_0_0_0_0 = 9.47862e-06
Hr_0_0 = 0.00101214
I = 1
pi2_0_0_0_0 = 9.66607e-09
pi2_0_0_0_0_l_0 = 1.00874e-08
pi2_0_0_0_0_l_0_0 = 9.87124e-09
pi2_0_0_0_0_l_0_0_0 = 9.98195e-09
pi2_0_0_0_0_l_0_0_0_0 = 9.8328e-09
pi2_0_0_0_0_l_0_0_0_0_0 = 9.88173e-09
pi2_0_0_0_0_l_0_0_0_0_0_0 = 9.76163e-09
pi2_0_0_0_0_l_0_0_0_0_0_0_0 = 9.7845e-09
pi2_0_0_0_0_l_0_0_0_0_0_0_0_0 = 9.68087e-09
pi2_0_0_0_0_l_0_0_0_0_0_0_0_0_0 = 9.68963e-09
pi2_0_0_0_0_l_0_0_0_0_0_0_0_0_0_0 = 9.59679e-09
