DD_0_0 = -3.08073e-11
DD_0_0_l_0 = 2.3706e-11
DD_0_0_l_0_0 = 1.3612e-11
DD_0_0_l_0_0_0 = 2.38542e-11
DD_0_0_l_0_0_0_0 = 1.95679e-11
DD_0_0_l_0_0_0_0_0 = 2.36332e-11
DD_0_0_l_0_0_0_0_0_0 = 2.12509e-11
DD_0_0_l_0_0_0_0_0_0_0 = 2.33045e-11
DD_0_0_l_0_0_0_0_0_0_0_0 = 2.1775e-11
DD_0_0_l_0_0_0_0_0_0_0_0_0 = 2.29359e-11
DD_0_0_l_0_0_0_0_0_0_0_0_0_0 = 2.18601e-11
DD_0_0_l_0_0_0_0_0_0_0_0_0_0_0 = 2.25525e-11
DD_0_0_l_0_0_0_0_0_0_0_0_0_0_0_0 = 2.17462e-11
DD_0_0_l_0_0_0_0_0_0_0_0_0_0_0_0_0 = 2.21651e-11
DD_0_0_l_0_0_0_0_0_0_0_0_0_0_0_0_0_0 = 2.15322e-11
DD_0_0_l_0_0_0_0_0_0_0_0_0_0_0_0_0_0_0 = 2.17794e-11
DD_0_0_l_0_0_0_0_0_0_0_0_0_0_0_0_0_0_0_0 = 2.12648e-11
DD_0_0_l_0_0_0_0_0_0_0_0_0_0_0_0_0_0_0_0_0 = 2.13983e-11
DD_0_0_l_0_0_0_0_0_0_0_0_0_0_0_0_0_0_0_0_0_0 = 2.09682e-11
DD_0_0_l_0_0_0_0_0_0_0_0_0_0_0_0_0_0_0_0_0_0_0 = 2.10234e-11
DD_0_0_l_0_0_0_0_0_0_0_0_0_0_0_0_0_0_0_0_0_0_0_0 = 2.0656e-11
Dr_0_0 = -2.30891e-10
Dr_0_0_l_0 = -5.69717e-11
Dr_0_0_l_0_0 = -4.46143e-11
Dr_0_0_l_0_0_0 = -1.39669e-11
Dr_0_0_l_0_0_0_0 = -7.33294e-12
Dr_0_0_l_0_0_0_0_0 = 4.14644e-12
Dr_0_0_l_0_0_0_0_0_0 = 8.48602e-12
Dr_0_0_l_0_0_0_0_0_0_0 = 1.39788e-11
Dr_0_0_l_0_0_0_0_0_0_0_0 = 1.71105e-11
Dr_0_0_l_0_0_0_0_0_0_0_0_0 = 2.00553e-11
Dr_0_0_l_0_0_0_0_0_0_0_0_0_0 = 2.24525e-11
Dr_0_0_l_0_0_0_0_0_0_0_0_0_0_0 = 2.41143e-11
Dr_0_0_l_0_0_0_0_0_0_0_0_0_0_0_0 = 2.6023e-11
Dr_0_0_l_0_0_0_0_0_0_0_0_0_0_0_0_0 = 2.69665e-11
Dr_0_0_l_0_0_0_0_0_0_0_0_0_0_0_0_0_0 = 2.85296e-11
Dr_0_0_l_0_0_0_0_0_0_0_0_0_0_0_0_0_0_0 = 2.90406e-11
Dr_0_0_l_0_0_0_0_0_0_0_0_0_0_0_0_0_0_0_0 = 3.0348e-11
Dr_0_0_l_0_0_0_0_0_0_0_0_0_0_0_0_0_0_0_0_0 = 3.05848e-11
Dr_0_0_l_0_0_0_0_0_0_0_0_0_0_0_0_0_0_0_0_0_0 = 3.16964e-11
Dr_0_0_l_0_0_0_0_0_0_0_0_0_0_0_0_0_0_0_0_0_0_0 = 3.17523e-11
Dr_0_0_l_0_0_0_0_0_0_0_0_0_0_0_0_0_0_0_0_0_0_0_0 = 3.27099e-11
Dr_0_0_l_0_0_0_0_0_0_0_0_0_0_0_0_0_0_0_0_0_0_0_0_0 = 3.33935e-11
Hl_0_0 = 9.22363e-06
Hl_0_0_l_0 = 9.95388e-06
Hl_0_0_l_0_0 = 9.64167e-06
Hl_0_0_l_0_0_0 = 9.85537e-06
Hl_0_0_l_0_0_0_0 = 9.64761e-06
Hl_0_0_l_0_0_0_0_0 = 9.7588e-06
Hl_0_0_l_0_0_0_0_0_0 = 9.59631e-06
Hl_0_0_l_0_0_0_0_0_0_0 = 9.66411e-06
Hl_0_0_l_0_0_0_0_0_0_0_0 = 9.52714e-06
Hl_0_0_l_0_0_0_0_0_0_0_0_0 = 9.57124e-06
Hl_0_0_l_0_0_0_0_0_0_0_0_0_0 = 9.45081e-06
Hl_0_0_l_0_0_0_0_0_0_0_0_0_0_0 = 9.48015e-06
Hl_0_0_l_0_0_0_0_0_0_0_0_0_0_0_0 = 9.37141e-06
Hl_0_0_l_0_0_0_0_0_0_0_0_0_0_0_0_0 = 9.39078e-06
Hl_0_0_l_0_0_0_0_0_0_0_0_0_0_0_0_0_0 = 9.2908e-06
Hl_0_0_l_0_0_0_0_0_0_0_0_0_0_0_0_0_0_0 = 9.30309e-06
Hl_0_0_l_0_0_0_0_0_0_0_0_0_0_0_0_0_0_0_0 = 9.20997e-06
Hl_0_0_l_0_0_0_0_0_0_0_0_0_0_0_0_0_0_0_0_0 = 9.21703e-06
Hl_0_0_l_0_0_0_0_0_0_0_0_0_0_0_0_0_0_0_0_0_0 = 9.12947e-06
Hl_0_0_l_0_0_0_0_0_0_0_0_0_0_0_0_0_0_0_0_0_0_0 = 9.13255e-06
Hl_0_0_l_0_0_0_0_0_0_0_0_0_0_0_0_0_0_0_0_0_0_0_0 = 9.0496e-06
Hr_0_0 = 0.00101214
I = 1
pi2_0_0_0_0 = 9.41492e-09
pi2_0_0_0_0_l_0 = 1.01198e-08
pi2_0_0_0_0_l_0_0 = 9.79169e-09
pi2_0_0_0_0_l_0_0_0 = 1.00018e-08
pi2_0_0_0_0_l_0_0_0_0 = 9.78603e-09
pi2_0_0_0_0_l_0_0_0_0_0 = 9.8962e-09
pi2_0_0_0_0_l_0_0_0_0_0_0 = 9.72853e-09
pi2_0_0_0_0_l_0_0_0_0_0_0_0 = 9.79601e-09
pi2_0_0_0_0_l_0_0_0_0_0_0_0_0 = 9.65524e-09
pi2_0_0_0_0_l_0_0_0_0_0_0_0_0_0 = 9.69926e-09
pi2_0_0_0_0_l_0_0_0_0_0_0_0_0_0_0 = 9.5758e-09
pi2_0_0_0_0_l_0_0_0_0_0_0_0_0_0_0_0 = 9.60515e-09
pi2_0_0_0_0_l_0_0_0_0_0_0_0_0_0_0_0_0 = 9.49388e-09
pi2_0_0_0_0_l_0_0_0_0_0_0_0_0_0_0_0_0_0 = 9.5133e-09
pi2_0_0_0_0_l_0_0_0_0_0_0_0_0_0_0_0_0_0_0 = 9.41113e-09
pi2_0_0_0_0_l_0_0_0_0_0_0_0_0_0_0_0_0_0_0_0 = 9.42348e-09
pi2_0_0_0_0_l_0_0_0_0_0_0_0_0_0_0_0_0_0_0_0_0 = 9.32842e-09
pi2_0_0_0_0_l_0_0_0_0_0_0_0_0_0_0_0_0_0_0_0_0_0 = 9.33553e-09
pi2_0_0_0_0_l_0_0_0_0_0_0_0_0_0_0_0_0_0_0_0_0_0_0 = 9.24621e-09
pi2_0_0_0_0_l_0_0_0_0_0_0_0_0_0_0_0_0_0_0_0_0_0_0_0 = 9.24934e-09
pi2_0_0_0_0_l_0_0_0_0_0_0_0_0_0_0_0_0_0_0_0_0_0_0_0_0 = 9.16481e-09
