DD_0_0 = 5.29984e-12
DD_0_0_l_0 = 2.4142e-11
DD_0_0_l_0_0 = 2.08864e-11
DD_0_0_l_0_0_0 = 2.41008e-11
DD_0_0_l_0_0_0_0 = 2.27049e-11
DD_0_0_l_0_0_0_0_0 = 2.38023e-11
DD_0_0_l_0_0_0_0_0_0 = 2.30026e-11
DD_0_0_l_0_0_0_0_0_0_0 = 2.3432e-11
DD_0_0_l_0_0_0_0_0_0_0_0 = 2.28943e-11
DD_0_0_l_0_0_0_0_0_0_0_0_0 = 2.30376e-11
DD_0_0_l_0_0_0_0_0_0_0_0_0_0 = 2.26374e-11
Dr_0_0 = -3.99728e-11
Dr_0_0_l_0 = 1.14082e-11
Dr_0_0_l_0_0 = 1.87105e-11
Dr_0_0_l_0_0_0 = 2.6553e-11
Dr_0_0_l_0_0_0_0 = 3.03862e-11
Dr_0_0_l_0_0_0_0_0 = 3.2756e-11
Dr_0_0_l_0_0_0_0_0_0 = 3.52097e-11
Dr_0_0_l_0_0_0_0_0_0_0 = 3.59865e-11
Dr_0_0_l_0_0_0_0_0_0_0_0 = 3.77187e-11
Dr_0_0_l_0_0_0_0_0_0_0_0_0 = 3.78706e-11
Dr_0_0_l_0_0_0_0_0_0_0_0_0_0 = 3.91668e-11
Dr_0_0_l_0_0_0_0_0_0_0_0_0_0_0 = 3.99821e-11
Hl_0_0 = 9.52868e-06
Hl_0_0_l_0 = 9.95236e-06
Hl_0_0_l_0_0 = 9.74337e-06
Hl_0_0_l_0_0_0 = 9.85385e-06
Hl_0_0_l_0_0_0_0 = 9.70865e-06
Hl_0_0_l_0_0_0_0_0 = 9.75727e-06
Hl_0_0_l_0_0_0_0_0_0 = 9.63993e-06
Hl_0_0_l_0_0_0_0_0_0_0 = 9.66258e-06
Hl_0_0_l_0_0_0_0_0_0_0_0 = 9.5611e-06
Hl_0_0_l_0_0_0_0_0_0_0_0_0 = 9.56971e-06
Hl_0_0_l_0_0_0_0_0_0_0_0_0_0 = 9.47862e-06
Hr_0_0 = 0.00101214
I = 1
pi2_0_0_0_0 = 9.66606e-09
pi2_0_0_0_0_l_0 = 1.00874e-08
pi2_0_0_0_0_l_0_0 = 9.87123e-09
pi2_0_0_0_0_l_0_0_0 = 9.98195e-09
pi2_0_0_0_0_l_0_0_0_0 = 9.8328e-09
pi2_0_0_0_0_l_0_0_0_0_0 = 9.88172e-09
pi2_0_0_0_0_l_0_0_0_0_0_0 = 9.76163e-09
pi2_0_0_0_0_l_0_0_0_0_0_0_0 = 9.7845e-09
pi2_0_0_0_0_l_0_0_0_0_0_0_0_0 = 9.68087e-09
pi2_0_0_0_0_l_0_0_0_0_0_0_0_0_0 = 9.68963e-09
pi2_0_0_0_0_l_0_0_0_0_0_0_0_0_0_0 = 9.59679e-09
