DD_0_0 = 2.3197e-11
DD_0_0_l_0 = 2.4819e-11
DD_0_0_l_0_0 = 2.44814e-11
Dr_0_0 = 4.38924e-11
Dr_0_0_l_0 = 4.55139e-11
Dr_0_0_l_0_0 = 4.71197e-11
Dr_0_0_l_0_0_0 = 4.74809e-11
Hl_0_0 = 9.85517e-06
Hl_0_0_l_0 = 9.95072e-06
Hl_0_0_l_0_0 = 9.85221e-06
Hr_0_0 = 0.00101213
I = 1
pi2_0_0_0_0 = 9.97505e-09
pi2_0_0_0_0_l_0 = 1.00723e-08
pi2_0_0_0_0_l_0_0 = 9.97223e-09
