DD_0_0 = 3.60752e-11
DD_0_0_l_0 = 2.58763e-11
DD_0_0_l_0_0 = 2.70587e-11
DD_0_0_l_0_0_0 = 2.50698e-11
DD_0_0_l_0_0_0_0 = 2.5349e-11
DD_0_0_l_0_0_0_0_0 = 2.44638e-11
Dr_0_0 = 1.04021e-10
Dr_0_0_l_0 = 7.00563e-11
Dr_0_0_l_0_0 = 6.82495e-11
Dr_0_0_l_0_0_0 = 6.13242e-11
Dr_0_0_l_0_0_0_0 = 6.04773e-11
Dr_0_0_l_0_0_0_0_0 = 5.73157e-11
Dr_0_0_l_0_0_0_0_0_0 = 5.49545e-11
Hl_0_0 = 1.03215e-05
Hl_0_0_l_0 = 9.94839e-06
Hl_0_0_l_0_0 = 1.00077e-05
Hl_0_0_l_0_0_0 = 9.84988e-06
Hl_0_0_l_0_0_0_0 = 9.86729e-06
Hl_0_0_l_0_0_0_0_0 = 9.75331e-06
Hr_0_0 = 0.00101212
I = 1
pi2_0_0_0_0 = 1.04254e-08
pi2_0_0_0_0_l_0 = 1.00606e-08
pi2_0_0_0_0_l_0_0 = 1.01207e-08
pi2_0_0_0_0_l_0_0_0 = 9.96429e-09
pi2_0_0_0_0_l_0_0_0_0 = 9.98164e-09
pi2_0_0_0_0_l_0_0_0_0_0 = 9.86786e-09
