DD_0_0 = -3.05031e-11
DD_0_0_l_0 = 2.37343e-11
DD_0_0_l_0_0 = 1.36543e-11
DD_0_0_l_0_0_0 = 2.38547e-11
DD_0_0_l_0_0_0_0 = 1.9573e-11
DD_0_0_l_0_0_0_0_0 = 2.36242e-11
DD_0_0_l_0_0_0_0_0_0 = 2.12438e-11
DD_0_0_l_0_0_0_0_0_0_0 = 2.32912e-11
DD_0_0_l_0_0_0_0_0_0_0_0 = 2.17627e-11
DD_0_0_l_0_0_0_0_0_0_0_0_0 = 2.29205e-11
DD_0_0_l_0_0_0_0_0_0_0_0_0_0 = 2.18452e-11
DD_0_0_l_0_0_0_0_0_0_0_0_0_0_0 = 2.25358e-11
DD_0_0_l_0_0_0_0_0_0_0_0_0_0_0_0 = 2.173e-11
DD_0_0_l_0_0_0_0_0_0_0_0_0_0_0_0_0 = 2.21479e-11
DD_0_0_l_0_0_0_0_0_0_0_0_0_0_0_0_0_0 = 2.15153e-11
DD_0_0_l_0_0_0_0_0_0_0_0_0_0_0_0_0_0_0 = 2.17619e-11
DD_0_0_l_0_0_0_0_0_0_0_0_0_0_0_0_0_0_0_0 = 2.12475e-11
DD_0_0_l_0_0_0_0_0_0_0_0_0_0_0_0_0_0_0_0_0 = 2.13807e-11
DD_0_0_l_0_0_0_0_0_0_0_0_0_0_0_0_0_0_0_0_0_0 = 2.09507e-11
DD_0_0_l_0_0_0_0_0_0_0_0_0_0_0_0_0_0_0_0_0_0_0 = 2.10059e-11
DD_0_0_l_0_0_0_0_0_0_0_0_0_0_0_0_0_0_0_0_0_0_0_0 = 2.06386e-11
Dr_0_0 = -2.29281e-10
Dr_0_0_l_0 = -5.61686e-11
Dr_0_0_l_0_0 = -4.40149e-11
Dr_0_0_l_0_0_0 = -1.35102e-11
Dr_0_0_l_0_0_0_0 = -6.9736e-12
Dr_0_0_l_0_0_0_0_0 = 4.4518e-12
Dr_0_0_l_0_0_0_0_0_0 = 8.73245e-12
Dr_0_0_l_0_0_0_0_0_0_0 = 1.41991e-11
Dr_0_0_l_0_0_0_0_0_0_0_0 = 1.72905e-11
Dr_0_0_l_0_0_0_0_0_0_0_0_0 = 2.02209e-11
Dr_0_0_l_0_0_0_0_0_0_0_0_0_0 = 2.25886e-11
Dr_0_0_l_0_0_0_0_0_0_0_0_0_0_0 = 2.4242e-11
Dr_0_0_l_0_0_0_0_0_0_0_0_0_0_0_0 = 2.61278e-11
Dr_0_0_l_0_0_0_0_0_0_0_0_0_0_0_0_0 = 2.70665e-11
Dr_0_0_l_0_0_0_0_0_0_0_0_0_0_0_0_0_0 = 2.86111e-11
Dr_0_0_l_0_0_0_0_0_0_0_0_0_0_0_0_0_0_0 = 2.91194e-11
Dr_0_0_l_0_0_0_0_0_0_0_0_0_0_0_0_0_0_0_0 = 3.04116e-11
Dr_0_0_l_0_0_0_0_0_0_0_0_0_0_0_0_0_0_0_0_0 = 3.06469e-11
Dr_0_0_l_0_0_0_0_0_0_0_0_0_0_0_0_0_0_0_0_0_0 = 3.17457e-11
Dr_0_0_l_0_0_0_0_0_0_0_0_0_0_0_0_0_0_0_0_0_0_0 = 3.1801e-11
Dr_0_0_l_0_0_0_0_0_0_0_0_0_0_0_0_0_0_0_0_0_0_0_0 = 3.27477e-11
Dr_0_0_l_0_0_0_0_0_0_0_0_0_0_0_0_0_0_0_0_0_0_0_0_0 = 3.34227e-11
Hl_0_0 = 9.22363e-06
Hl_0_0_l_0 = 9.95388e-06
Hl_0_0_l_0_0 = 9.64167e-06
Hl_0_0_l_0_0_0 = 9.85537e-06
Hl_0_0_l_0_0_0_0 = 9.64761e-06
Hl_0_0_l_0_0_0_0_0 = 9.7588e-06
Hl_0_0_l_0_0_0_0_0_0 = 9.59631e-06
Hl_0_0_l_0_0_0_0_0_0_0 = 9.66411e-06
Hl_0_0_l_0_0_0_0_0_0_0_0 = 9.52714e-06
Hl_0_0_l_0_0_0_0_0_0_0_0_0 = 9.57124e-06
Hl_0_0_l_0_0_0_0_0_0_0_0_0_0 = 9.45081e-06
Hl_0_0_l_0_0_0_0_0_0_0_0_0_0_0 = 9.48015e-06
Hl_0_0_l_0_0_0_0_0_0_0_0_0_0_0_0 = 9.37141e-06
Hl_0_0_l_0_0_0_0_0_0_0_0_0_0_0_0_0 = 9.39078e-06
Hl_0_0_l_0_0_0_0_0_0_0_0_0_0_0_0_0_0 = 9.2908e-06
Hl_0_0_l_0_0_0_0_0_0_0_0_0_0_0_0_0_0_0 = 9.30309e-06
Hl_0_0_l_0_0_0_0_0_0_0_0_0_0_0_0_0_0_0_0 = 9.20997e-06
Hl_0_0_l_0_0_0_0_0_0_0_0_0_0_0_0_0_0_0_0_0 = 9.21703e-06
Hl_0_0_l_0_0_0_0_0_0_0_0_0_0_0_0_0_0_0_0_0_0 = 9.12947e-06
Hl_0_0_l_0_0_0_0_0_0_0_0_0_0_0_0_0_0_0_0_0_0_0 = 9.13255e-06
Hl_0_0_l_0_0_0_0_0_0_0_0_0_0_0_0_0_0_0_0_0_0_0_0 = 9.0496e-06
Hr_0_0 = 0.00101214
I = 1
pi2_0_0_0_0 = 9.41456e-09
pi2_0_0_0_0_l_0 = 1.01195e-08
pi2_0_0_0_0_l_0_0 = 9.79152e-09
pi2_0_0_0_0_l_0_0_0 = 1.00016e-08
pi2_0_0_0_0_l_0_0_0_0 = 9.78591e-09
pi2_0_0_0_0_l_0_0_0_0_0 = 9.89609e-09
pi2_0_0_0_0_l_0_0_0_0_0_0 = 9.72845e-09
pi2_0_0_0_0_l_0_0_0_0_0_0_0 = 9.79593e-09
pi2_0_0_0_0_l_0_0_0_0_0_0_0_0 = 9.65516e-09
pi2_0_0_0_0_l_0_0_0_0_0_0_0_0_0 = 9.69919e-09
pi2_0_0_0_0_l_0_0_0_0_0_0_0_0_0_0 = 9.57574e-09
pi2_0_0_0_0_l_0_0_0_0_0_0_0_0_0_0_0 = 9.60509e-09
pi2_0_0_0_0_l_0_0_0_0_0_0_0_0_0_0_0_0 = 9.49382e-09
pi2_0_0_0_0_l_0_0_0_0_0_0_0_0_0_0_0_0_0 = 9.51325e-09
pi2_0_0_0_0_l_0_0_0_0_0_0_0_0_0_0_0_0_0_0 = 9.41109e-09
pi2_0_0_0_0_l_0_0_0_0_0_0_0_0_0_0_0_0_0_0_0 = 9.42343e-09
pi2_0_0_0_0_l_0_0_0_0_0_0_0_0_0_0_0_0_0_0_0_0 = 9.32838e-09
pi2_0_0_0_0_l_0_0_0_0_0_0_0_0_0_0_0_0_0_0_0_0_0 = 9.33549e-09
pi2_0_0_0_0_l_0_0_0_0_0_0_0_0_0_0_0_0_0_0_0_0_0_0 = 9.24618e-09
pi2_0_0_0_0_l_0_0_0_0_0_0_0_0_0_0_0_0_0_0_0_0_0_0_0 = 9.2493e-09
pi2_0_0_0_0_l_0_0_0_0_0_0_0_0_0_0_0_0_0_0_0_0_0_0_0_0 = 9.16478e-09
