DD_0_0 = 1.81105e-05
DD_0_0_l_0 = 6.56385e-06
DD_0_0_l_0_0 = 4.85386e-06
DD_0_0_l_0_0_0 = 2.95002e-06
DD_0_0_l_0_0_0_0 = 2.36918e-06
DD_0_0_l_0_0_0_0_0 = 1.68188e-06
DD_0_0_l_0_0_0_0_0_0 = 1.41531e-06
DD_0_0_l_0_0_0_0_0_0_0 = 1.08684e-06
DD_0_0_l_0_0_0_0_0_0_0_0 = 9.42632e-07
DD_0_0_l_0_0_0_0_0_0_0_0_0 = 7.59641e-07
DD_0_0_l_0_0_0_0_0_0_0_0_0_0 = 6.72963e-07
Dr_0_0 = -2.05867e-16
Dr_0_0_l_0 = 8.4877e-06
Dr_0_0_l_0_0 = 4.74636e-06
Dr_0_0_l_0_0_0 = 5.56149e-06
Dr_0_0_l_0_0_0_0 = 3.81974e-06
Dr_0_0_l_0_0_0_0_0 = 3.99171e-06
Dr_0_0_l_0_0_0_0_0_0 = 2.99134e-06
Dr_0_0_l_0_0_0_0_0_0_0 = 3.03747e-06
Dr_0_0_l_0_0_0_0_0_0_0_0 = 2.39323e-06
Dr_0_0_l_0_0_0_0_0_0_0_0_0 = 2.40691e-06
Dr_0_0_l_0_0_0_0_0_0_0_0_0_0 = 1.96027e-06
Dr_0_0_l_0_0_0_0_0_0_0_0_0_0_0 = 1.96486e-06
Hl_0_0 = 0.0101213
Hl_0_0_l_0 = 0.00567479
Hl_0_0_l_0_0 = 0.00462527
Hl_0_0_l_0_0_0 = 0.0035723
Hl_0_0_l_0_0_0_0 = 0.00310939
Hl_0_0_l_0_0_0_0_0 = 0.00261859
Hl_0_0_l_0_0_0_0_0_0 = 0.00235676
Hl_0_0_l_0_0_0_0_0_0_0 = 0.00206998
Hl_0_0_l_0_0_0_0_0_0_0_0 = 0.00190131
Hl_0_0_l_0_0_0_0_0_0_0_0_0 = 0.00171255
Hl_0_0_l_0_0_0_0_0_0_0_0_0_0 = 0.00159474
Hr_0_0 = 0.0101213
I = 1
pi2_0_0_0_0 = 0.000104175
pi2_0_0_0_0_l_0 = 5.83359e-05
pi2_0_0_0_0_l_0_0 = 4.7278e-05
pi2_0_0_0_0_l_0_0_0 = 3.65129e-05
pi2_0_0_0_0_l_0_0_0_0 = 3.16726e-05
pi2_0_0_0_0_l_0_0_0_0_0 = 2.66826e-05
pi2_0_0_0_0_l_0_0_0_0_0_0 = 2.39575e-05
pi2_0_0_0_0_l_0_0_0_0_0_0_0 = 2.10529e-05
pi2_0_0_0_0_l_0_0_0_0_0_0_0_0 = 1.93028e-05
pi2_0_0_0_0_l_0_0_0_0_0_0_0_0_0 = 1.73961e-05
pi2_0_0_0_0_l_0_0_0_0_0_0_0_0_0_0 = 1.61762e-05
