DD_0_0 = 1.81105e-07
DD_0_0_l_0 = 6.56385e-08
DD_0_0_l_0_0 = 4.85386e-08
DD_0_0_l_0_0_0 = 2.95002e-08
DD_0_0_l_0_0_0_0 = 2.36918e-08
DD_0_0_l_0_0_0_0_0 = 1.68188e-08
DD_0_0_l_0_0_0_0_0_0 = 1.41531e-08
DD_0_0_l_0_0_0_0_0_0_0 = 1.08684e-08
DD_0_0_l_0_0_0_0_0_0_0_0 = 9.42632e-09
DD_0_0_l_0_0_0_0_0_0_0_0_0 = 7.59641e-09
DD_0_0_l_0_0_0_0_0_0_0_0_0_0 = 6.72963e-09
DD_0_0_l_0_0_0_0_0_0_0_0_0_0_0 = 5.60472e-09
DD_0_0_l_0_0_0_0_0_0_0_0_0_0_0_0 = 5.04381e-09
DD_0_0_l_0_0_0_0_0_0_0_0_0_0_0_0_0 = 4.30274e-09
DD_0_0_l_0_0_0_0_0_0_0_0_0_0_0_0_0_0 = 3.91933e-09
DD_0_0_l_0_0_0_0_0_0_0_0_0_0_0_0_0_0_0 = 3.4053e-09
DD_0_0_l_0_0_0_0_0_0_0_0_0_0_0_0_0_0_0_0 = 3.13188e-09
DD_0_0_l_0_0_0_0_0_0_0_0_0_0_0_0_0_0_0_0_0 = 2.76079e-09
DD_0_0_l_0_0_0_0_0_0_0_0_0_0_0_0_0_0_0_0_0_0 = 2.55912e-09
DD_0_0_l_0_0_0_0_0_0_0_0_0_0_0_0_0_0_0_0_0_0_0 = 2.2825e-09
DD_0_0_l_0_0_0_0_0_0_0_0_0_0_0_0_0_0_0_0_0_0_0_0 = 2.12959e-09
Dr_0_0 = -7.33811e-18
Dr_0_0_l_0 = 8.4877e-08
Dr_0_0_l_0_0 = 4.74636e-08
Dr_0_0_l_0_0_0 = 5.56149e-08
Dr_0_0_l_0_0_0_0 = 3.81974e-08
Dr_0_0_l_0_0_0_0_0 = 3.99171e-08
Dr_0_0_l_0_0_0_0_0_0 = 2.99134e-08
Dr_0_0_l_0_0_0_0_0_0_0 = 3.03747e-08
Dr_0_0_l_0_0_0_0_0_0_0_0 = 2.39323e-08
Dr_0_0_l_0_0_0_0_0_0_0_0_0 = 2.40691e-08
Dr_0_0_l_0_0_0_0_0_0_0_0_0_0 = 1.96027e-08
Dr_0_0_l_0_0_0_0_0_0_0_0_0_0_0 = 1.96486e-08
Dr_0_0_l_0_0_0_0_0_0_0_0_0_0_0_0 = 1.6387e-08
Dr_0_0_l_0_0_0_0_0_0_0_0_0_0_0_0_0 = 1.64102e-08
Dr_0_0_l_0_0_0_0_0_0_0_0_0_0_0_0_0_0 = 1.39343e-08
Dr_0_0_l_0_0_0_0_0_0_0_0_0_0_0_0_0_0_0 = 1.39556e-08
Dr_0_0_l_0_0_0_0_0_0_0_0_0_0_0_0_0_0_0_0 = 1.20185e-08
Dr_0_0_l_0_0_0_0_0_0_0_0_0_0_0_0_0_0_0_0_0 = 1.20438e-08
Dr_0_0_l_0_0_0_0_0_0_0_0_0_0_0_0_0_0_0_0_0_0 = 1.04913e-08
Dr_0_0_l_0_0_0_0_0_0_0_0_0_0_0_0_0_0_0_0_0_0_0 = 1.05212e-08
Dr_0_0_l_0_0_0_0_0_0_0_0_0_0_0_0_0_0_0_0_0_0_0_0 = 9.25211e-09
Dr_0_0_l_0_0_0_0_0_0_0_0_0_0_0_0_0_0_0_0_0_0_0_0_0 = 9.28609e-09
Hl_0_0 = 0.00101213
Hl_0_0_l_0 = 0.000567479
Hl_0_0_l_0_0 = 0.000462527
Hl_0_0_l_0_0_0 = 0.00035723
Hl_0_0_l_0_0_0_0 = 0.000310939
Hl_0_0_l_0_0_0_0_0 = 0.000261859
Hl_0_0_l_0_0_0_0_0_0 = 0.000235676
Hl_0_0_l_0_0_0_0_0_0_0 = 0.000206998
Hl_0_0_l_0_0_0_0_0_0_0_0 = 0.000190131
Hl_0_0_l_0_0_0_0_0_0_0_0_0 = 0.000171255
Hl_0_0_l_0_0_0_0_0_0_0_0_0_0 = 0.000159474
Hl_0_0_l_0_0_0_0_0_0_0_0_0_0_0 = 0.000146086
Hl_0_0_l_0_0_0_0_0_0_0_0_0_0_0_0 = 0.000137387
Hl_0_0_l_0_0_0_0_0_0_0_0_0_0_0_0_0 = 0.00012739
Hl_0_0_l_0_0_0_0_0_0_0_0_0_0_0_0_0_0 = 0.000120703
Hl_0_0_l_0_0_0_0_0_0_0_0_0_0_0_0_0_0_0 = 0.000112948
Hl_0_0_l_0_0_0_0_0_0_0_0_0_0_0_0_0_0_0_0 = 0.000107646
Hl_0_0_l_0_0_0_0_0_0_0_0_0_0_0_0_0_0_0_0_0 = 0.000101455
Hl_0_0_l_0_0_0_0_0_0_0_0_0_0_0_0_0_0_0_0_0_0 = 9.71473e-05
Hl_0_0_l_0_0_0_0_0_0_0_0_0_0_0_0_0_0_0_0_0_0_0 = 9.20881e-05
Hl_0_0_l_0_0_0_0_0_0_0_0_0_0_0_0_0_0_0_0_0_0_0_0 = 8.85194e-05
Hr_0_0 = 0.00101213
I = 1
pi2_0_0_0_0 = 1.04175e-06
pi2_0_0_0_0_l_0 = 5.83359e-07
pi2_0_0_0_0_l_0_0 = 4.7278e-07
pi2_0_0_0_0_l_0_0_0 = 3.65129e-07
pi2_0_0_0_0_l_0_0_0_0 = 3.16726e-07
pi2_0_0_0_0_l_0_0_0_0_0 = 2.66826e-07
pi2_0_0_0_0_l_0_0_0_0_0_0 = 2.39575e-07
pi2_0_0_0_0_l_0_0_0_0_0_0_0 = 2.10529e-07
pi2_0_0_0_0_l_0_0_0_0_0_0_0_0 = 1.93028e-07
pi2_0_0_0_0_l_0_0_0_0_0_0_0_0_0 = 1.73961e-07
pi2_0_0_0_0_l_0_0_0_0_0_0_0_0_0_0 = 1.61762e-07
pi2_0_0_0_0_l_0_0_0_0_0_0_0_0_0_0_0 = 1.48267e-07
pi2_0_0_0_0_l_0_0_0_0_0_0_0_0_0_0_0_0 = 1.39274e-07
pi2_0_0_0_0_l_0_0_0_0_0_0_0_0_0_0_0_0_0 = 1.29211e-07
pi2_0_0_0_0_l_0_0_0_0_0_0_0_0_0_0_0_0_0_0 = 1.22305e-07
pi2_0_0_0_0_l_0_0_0_0_0_0_0_0_0_0_0_0_0_0_0 = 1.1451e-07
pi2_0_0_0_0_l_0_0_0_0_0_0_0_0_0_0_0_0_0_0_0_0 = 1.09039e-07
pi2_0_0_0_0_l_0_0_0_0_0_0_0_0_0_0_0_0_0_0_0_0_0 = 1.0282e-07
pi2_0_0_0_0_l_0_0_0_0_0_0_0_0_0_0_0_0_0_0_0_0_0_0 = 9.83792e-08
pi2_0_0_0_0_l_0_0_0_0_0_0_0_0_0_0_0_0_0_0_0_0_0_0_0 = 9.33018e-08
pi2_0_0_0_0_l_0_0_0_0_0_0_0_0_0_0_0_0_0_0_0_0_0_0_0_0 = 8.96241e-08
