DD_0_0 = 1.81105e-05
DD_0_0_l_0 = 6.56385e-06
DD_0_0_l_0_0 = 4.85386e-06
DD_0_0_l_0_0_0 = 2.95002e-06
DD_0_0_l_0_0_0_0 = 2.36918e-06
DD_0_0_l_0_0_0_0_0 = 1.68188e-06
DD_0_0_l_0_0_0_0_0_0 = 1.41531e-06
DD_0_0_l_0_0_0_0_0_0_0 = 1.08684e-06
DD_0_0_l_0_0_0_0_0_0_0_0 = 9.42632e-07
DD_0_0_l_0_0_0_0_0_0_0_0_0 = 7.59641e-07
DD_0_0_l_0_0_0_0_0_0_0_0_0_0 = 6.72963e-07
DD_0_0_l_0_0_0_0_0_0_0_0_0_0_0 = 5.60472e-07
DD_0_0_l_0_0_0_0_0_0_0_0_0_0_0_0 = 5.04381e-07
DD_0_0_l_0_0_0_0_0_0_0_0_0_0_0_0_0 = 4.30274e-07
DD_0_0_l_0_0_0_0_0_0_0_0_0_0_0_0_0_0 = 3.91933e-07
DD_0_0_l_0_0_0_0_0_0_0_0_0_0_0_0_0_0_0 = 3.4053e-07
DD_0_0_l_0_0_0_0_0_0_0_0_0_0_0_0_0_0_0_0 = 3.13188e-07
DD_0_0_l_0_0_0_0_0_0_0_0_0_0_0_0_0_0_0_0_0 = 2.76079e-07
DD_0_0_l_0_0_0_0_0_0_0_0_0_0_0_0_0_0_0_0_0_0 = 2.55912e-07
DD_0_0_l_0_0_0_0_0_0_0_0_0_0_0_0_0_0_0_0_0_0_0 = 2.2825e-07
DD_0_0_l_0_0_0_0_0_0_0_0_0_0_0_0_0_0_0_0_0_0_0_0 = 2.12959e-07
Dr_0_0 = -3.0032e-16
Dr_0_0_l_0 = 8.4877e-06
Dr_0_0_l_0_0 = 4.74636e-06
Dr_0_0_l_0_0_0 = 5.56149e-06
Dr_0_0_l_0_0_0_0 = 3.81974e-06
Dr_0_0_l_0_0_0_0_0 = 3.99171e-06
Dr_0_0_l_0_0_0_0_0_0 = 2.99134e-06
Dr_0_0_l_0_0_0_0_0_0_0 = 3.03747e-06
Dr_0_0_l_0_0_0_0_0_0_0_0 = 2.39323e-06
Dr_0_0_l_0_0_0_0_0_0_0_0_0 = 2.40691e-06
Dr_0_0_l_0_0_0_0_0_0_0_0_0_0 = 1.96027e-06
Dr_0_0_l_0_0_0_0_0_0_0_0_0_0_0 = 1.96486e-06
Dr_0_0_l_0_0_0_0_0_0_0_0_0_0_0_0 = 1.6387e-06
Dr_0_0_l_0_0_0_0_0_0_0_0_0_0_0_0_0 = 1.64102e-06
Dr_0_0_l_0_0_0_0_0_0_0_0_0_0_0_0_0_0 = 1.39343e-06
Dr_0_0_l_0_0_0_0_0_0_0_0_0_0_0_0_0_0_0 = 1.39556e-06
Dr_0_0_l_0_0_0_0_0_0_0_0_0_0_0_0_0_0_0_0 = 1.20185e-06
Dr_0_0_l_0_0_0_0_0_0_0_0_0_0_0_0_0_0_0_0_0 = 1.20438e-06
Dr_0_0_l_0_0_0_0_0_0_0_0_0_0_0_0_0_0_0_0_0_0 = 1.04913e-06
Dr_0_0_l_0_0_0_0_0_0_0_0_0_0_0_0_0_0_0_0_0_0_0 = 1.05212e-06
Dr_0_0_l_0_0_0_0_0_0_0_0_0_0_0_0_0_0_0_0_0_0_0_0 = 9.25211e-07
Dr_0_0_l_0_0_0_0_0_0_0_0_0_0_0_0_0_0_0_0_0_0_0_0_0 = 9.28609e-07
Hl_0_0 = 0.0101213
Hl_0_0_l_0 = 0.00567479
Hl_0_0_l_0_0 = 0.00462527
Hl_0_0_l_0_0_0 = 0.0035723
Hl_0_0_l_0_0_0_0 = 0.00310939
Hl_0_0_l_0_0_0_0_0 = 0.00261859
Hl_0_0_l_0_0_0_0_0_0 = 0.00235676
Hl_0_0_l_0_0_0_0_0_0_0 = 0.00206998
Hl_0_0_l_0_0_0_0_0_0_0_0 = 0.00190131
Hl_0_0_l_0_0_0_0_0_0_0_0_0 = 0.00171255
Hl_0_0_l_0_0_0_0_0_0_0_0_0_0 = 0.00159474
Hl_0_0_l_0_0_0_0_0_0_0_0_0_0_0 = 0.00146086
Hl_0_0_l_0_0_0_0_0_0_0_0_0_0_0_0 = 0.00137387
Hl_0_0_l_0_0_0_0_0_0_0_0_0_0_0_0_0 = 0.0012739
Hl_0_0_l_0_0_0_0_0_0_0_0_0_0_0_0_0_0 = 0.00120703
Hl_0_0_l_0_0_0_0_0_0_0_0_0_0_0_0_0_0_0 = 0.00112948
Hl_0_0_l_0_0_0_0_0_0_0_0_0_0_0_0_0_0_0_0 = 0.00107646
Hl_0_0_l_0_0_0_0_0_0_0_0_0_0_0_0_0_0_0_0_0 = 0.00101455
Hl_0_0_l_0_0_0_0_0_0_0_0_0_0_0_0_0_0_0_0_0_0 = 0.000971473
Hl_0_0_l_0_0_0_0_0_0_0_0_0_0_0_0_0_0_0_0_0_0_0 = 0.000920881
Hl_0_0_l_0_0_0_0_0_0_0_0_0_0_0_0_0_0_0_0_0_0_0_0 = 0.000885194
Hr_0_0 = 0.0101213
I = 1
pi2_0_0_0_0 = 0.000104175
pi2_0_0_0_0_l_0 = 5.83359e-05
pi2_0_0_0_0_l_0_0 = 4.7278e-05
pi2_0_0_0_0_l_0_0_0 = 3.65129e-05
pi2_0_0_0_0_l_0_0_0_0 = 3.16726e-05
pi2_0_0_0_0_l_0_0_0_0_0 = 2.66826e-05
pi2_0_0_0_0_l_0_0_0_0_0_0 = 2.39575e-05
pi2_0_0_0_0_l_0_0_0_0_0_0_0 = 2.10529e-05
pi2_0_0_0_0_l_0_0_0_0_0_0_0_0 = 1.93028e-05
pi2_0_0_0_0_l_0_0_0_0_0_0_0_0_0 = 1.73961e-05
pi2_0_0_0_0_l_0_0_0_0_0_0_0_0_0_0 = 1.61762e-05
pi2_0_0_0_0_l_0_0_0_0_0_0_0_0_0_0_0 = 1.48267e-05
pi2_0_0_0_0_l_0_0_0_0_0_0_0_0_0_0_0_0 = 1.39274e-05
pi2_0_0_0_0_l_0_0_0_0_0_0_0_0_0_0_0_0_0 = 1.29211e-05
pi2_0_0_0_0_l_0_0_0_0_0_0_0_0_0_0_0_0_0_0 = 1.22305e-05
pi2_0_0_0_0_l_0_0_0_0_0_0_0_0_0_0_0_0_0_0_0 = 1.1451e-05
pi2_0_0_0_0_l_0_0_0_0_0_0_0_0_0_0_0_0_0_0_0_0 = 1.09039e-05
pi2_0_0_0_0_l_0_0_0_0_0_0_0_0_0_0_0_0_0_0_0_0_0 = 1.0282e-05
pi2_0_0_0_0_l_0_0_0_0_0_0_0_0_0_0_0_0_0_0_0_0_0_0 = 9.83792e-06
pi2_0_0_0_0_l_0_0_0_0_0_0_0_0_0_0_0_0_0_0_0_0_0_0_0 = 9.33018e-06
pi2_0_0_0_0_l_0_0_0_0_0_0_0_0_0_0_0_0_0_0_0_0_0_0_0_0 = 8.96241e-06
