DD_0_0 = 1.81105e-05
DD_0_0_l_0 = 6.56385e-06
DD_0_0_l_0_0 = 4.85386e-06
Dr_0_0 = -3.04561e-16
Dr_0_0_l_0 = 8.4877e-06
Dr_0_0_l_0_0 = 4.74636e-06
Dr_0_0_l_0_0_0 = 5.56149e-06
Hl_0_0 = 0.0101213
Hl_0_0_l_0 = 0.00567479
Hl_0_0_l_0_0 = 0.00462527
Hr_0_0 = 0.0101213
I = 1
pi2_0_0_0_0 = 0.000104175
pi2_0_0_0_0_l_0 = 5.83359e-05
pi2_0_0_0_0_l_0_0 = 4.7278e-05
