DD_0_0 = 1.81105e-07
DD_0_0_l_0 = 6.56385e-08
DD_0_0_l_0_0 = 4.85386e-08
DD_0_0_l_0_0_0 = 2.95002e-08
DD_0_0_l_0_0_0_0 = 2.36918e-08
DD_0_0_l_0_0_0_0_0 = 1.68188e-08
Dr_0_0 = 3.13558e-18
Dr_0_0_l_0 = 8.4877e-08
Dr_0_0_l_0_0 = 4.74636e-08
Dr_0_0_l_0_0_0 = 5.56149e-08
Dr_0_0_l_0_0_0_0 = 3.81974e-08
Dr_0_0_l_0_0_0_0_0 = 3.99171e-08
Dr_0_0_l_0_0_0_0_0_0 = 2.99134e-08
Hl_0_0 = 0.00101213
Hl_0_0_l_0 = 0.000567479
Hl_0_0_l_0_0 = 0.000462527
Hl_0_0_l_0_0_0 = 0.00035723
Hl_0_0_l_0_0_0_0 = 0.000310939
Hl_0_0_l_0_0_0_0_0 = 0.000261859
Hr_0_0 = 0.00101213
I = 1
pi2_0_0_0_0 = 1.04175e-06
pi2_0_0_0_0_l_0 = 5.83359e-07
pi2_0_0_0_0_l_0_0 = 4.7278e-07
pi2_0_0_0_0_l_0_0_0 = 3.65129e-07
pi2_0_0_0_0_l_0_0_0_0 = 3.16726e-07
pi2_0_0_0_0_l_0_0_0_0_0 = 2.66826e-07
