DD_0_0 = 1.81105e-05
DD_0_0_l_0 = 6.56385e-06
DD_0_0_l_0_0 = 4.85386e-06
DD_0_0_l_0_0_0 = 2.95002e-06
DD_0_0_l_0_0_0_0 = 2.36918e-06
DD_0_0_l_0_0_0_0_0 = 1.68188e-06
Dr_0_0 = -1.79495e-16
Dr_0_0_l_0 = 8.4877e-06
Dr_0_0_l_0_0 = 4.74636e-06
Dr_0_0_l_0_0_0 = 5.56149e-06
Dr_0_0_l_0_0_0_0 = 3.81974e-06
Dr_0_0_l_0_0_0_0_0 = 3.99171e-06
Dr_0_0_l_0_0_0_0_0_0 = 2.99134e-06
Hl_0_0 = 0.0101213
Hl_0_0_l_0 = 0.00567479
Hl_0_0_l_0_0 = 0.00462527
Hl_0_0_l_0_0_0 = 0.0035723
Hl_0_0_l_0_0_0_0 = 0.00310939
Hl_0_0_l_0_0_0_0_0 = 0.00261859
Hr_0_0 = 0.0101213
I = 1
pi2_0_0_0_0 = 0.000104175
pi2_0_0_0_0_l_0 = 5.83359e-05
pi2_0_0_0_0_l_0_0 = 4.7278e-05
pi2_0_0_0_0_l_0_0_0 = 3.65129e-05
pi2_0_0_0_0_l_0_0_0_0 = 3.16726e-05
pi2_0_0_0_0_l_0_0_0_0_0 = 2.66826e-05
