DD_0_0 = -2.78303e-11
DD_0_0_l_0 = 2.39652e-11
DD_0_0_l_0_0 = 1.40189e-11
DD_0_0_l_0_0_0 = 2.38482e-11
DD_0_0_l_0_0_0_0 = 1.96106e-11
DD_0_0_l_0_0_0_0_0 = 2.35364e-11
DD_0_0_l_0_0_0_0_0_0 = 2.11753e-11
DD_0_0_l_0_0_0_0_0_0_0 = 2.31671e-11
DD_0_0_l_0_0_0_0_0_0_0_0 = 2.16485e-11
DD_0_0_l_0_0_0_0_0_0_0_0_0 = 2.27781e-11
DD_0_0_l_0_0_0_0_0_0_0_0_0_0 = 2.17085e-11
DD_0_0_l_0_0_0_0_0_0_0_0_0_0_0 = 2.23839e-11
DD_0_0_l_0_0_0_0_0_0_0_0_0_0_0_0 = 2.15816e-11
DD_0_0_l_0_0_0_0_0_0_0_0_0_0_0_0_0 = 2.1991e-11
DD_0_0_l_0_0_0_0_0_0_0_0_0_0_0_0_0_0 = 2.13609e-11
DD_0_0_l_0_0_0_0_0_0_0_0_0_0_0_0_0_0_0 = 2.16029e-11
DD_0_0_l_0_0_0_0_0_0_0_0_0_0_0_0_0_0_0_0 = 2.10903e-11
DD_0_0_l_0_0_0_0_0_0_0_0_0_0_0_0_0_0_0_0_0 = 2.12212e-11
DD_0_0_l_0_0_0_0_0_0_0_0_0_0_0_0_0_0_0_0_0_0 = 2.07928e-11
DD_0_0_l_0_0_0_0_0_0_0_0_0_0_0_0_0_0_0_0_0_0_0 = 2.0847e-11
DD_0_0_l_0_0_0_0_0_0_0_0_0_0_0_0_0_0_0_0_0_0_0_0 = 2.0481e-11
Dr_0_0 = -2.15104e-10
Dr_0_0_l_0 = -4.91858e-11
Dr_0_0_l_0_0 = -3.87958e-11
Dr_0_0_l_0_0_0 = -9.55998e-12
Dr_0_0_l_0_0_0_0 = -3.86692e-12
Dr_0_0_l_0_0_0_0_0 = 7.07943e-12
Dr_0_0_l_0_0_0_0_0_0 = 1.08496e-11
Dr_0_0_l_0_0_0_0_0_0_0 = 1.6084e-11
Dr_0_0_l_0_0_0_0_0_0_0_0 = 1.88268e-11
Dr_0_0_l_0_0_0_0_0_0_0_0_0 = 2.16305e-11
Dr_0_0_l_0_0_0_0_0_0_0_0_0_0 = 2.37416e-11
Dr_0_0_l_0_0_0_0_0_0_0_0_0_0_0 = 2.53218e-11
Dr_0_0_l_0_0_0_0_0_0_0_0_0_0_0_0 = 2.70092e-11
Dr_0_0_l_0_0_0_0_0_0_0_0_0_0_0_0_0 = 2.79046e-11
Dr_0_0_l_0_0_0_0_0_0_0_0_0_0_0_0_0_0 = 2.92902e-11
Dr_0_0_l_0_0_0_0_0_0_0_0_0_0_0_0_0_0_0 = 2.97736e-11
Dr_0_0_l_0_0_0_0_0_0_0_0_0_0_0_0_0_0_0_0 = 3.09345e-11
Dr_0_0_l_0_0_0_0_0_0_0_0_0_0_0_0_0_0_0_0_0 = 3.11567e-11
Dr_0_0_l_0_0_0_0_0_0_0_0_0_0_0_0_0_0_0_0_0_0 = 3.21449e-11
Dr_0_0_l_0_0_0_0_0_0_0_0_0_0_0_0_0_0_0_0_0_0_0 = 3.2195e-11
Dr_0_0_l_0_0_0_0_0_0_0_0_0_0_0_0_0_0_0_0_0_0_0_0 = 3.30468e-11
Dr_0_0_l_0_0_0_0_0_0_0_0_0_0_0_0_0_0_0_0_0_0_0_0_0 = 3.36472e-11
Hl_0_0 = 9.22363e-06
Hl_0_0_l_0 = 9.95388e-06
Hl_0_0_l_0_0 = 9.64167e-06
Hl_0_0_l_0_0_0 = 9.85537e-06
Hl_0_0_l_0_0_0_0 = 9.64761e-06
Hl_0_0_l_0_0_0_0_0 = 9.7588e-06
Hl_0_0_l_0_0_0_0_0_0 = 9.59631e-06
Hl_0_0_l_0_0_0_0_0_0_0 = 9.66411e-06
Hl_0_0_l_0_0_0_0_0_0_0_0 = 9.52714e-06
Hl_0_0_l_0_0_0_0_0_0_0_0_0 = 9.57124e-06
Hl_0_0_l_0_0_0_0_0_0_0_0_0_0 = 9.45081e-06
Hl_0_0_l_0_0_0_0_0_0_0_0_0_0_0 = 9.48015e-06
Hl_0_0_l_0_0_0_0_0_0_0_0_0_0_0_0 = 9.37141e-06
Hl_0_0_l_0_0_0_0_0_0_0_0_0_0_0_0_0 = 9.39078e-06
Hl_0_0_l_0_0_0_0_0_0_0_0_0_0_0_0_0_0 = 9.2908e-06
Hl_0_0_l_0_0_0_0_0_0_0_0_0_0_0_0_0_0_0 = 9.30309e-06
Hl_0_0_l_0_0_0_0_0_0_0_0_0_0_0_0_0_0_0_0 = 9.20997e-06
Hl_0_0_l_0_0_0_0_0_0_0_0_0_0_0_0_0_0_0_0_0 = 9.21703e-06
Hl_0_0_l_0_0_0_0_0_0_0_0_0_0_0_0_0_0_0_0_0_0 = 9.12947e-06
Hl_0_0_l_0_0_0_0_0_0_0_0_0_0_0_0_0_0_0_0_0_0_0 = 9.13255e-06
Hl_0_0_l_0_0_0_0_0_0_0_0_0_0_0_0_0_0_0_0_0_0_0_0 = 9.0496e-06
Hr_0_0 = 0.00101214
I = 1
pi2_0_0_0_0 = 9.41136e-09
pi2_0_0_0_0_l_0 = 1.01173e-08
pi2_0_0_0_0_l_0_0 = 9.78998e-09
pi2_0_0_0_0_l_0_0_0 = 1.00003e-08
pi2_0_0_0_0_l_0_0_0_0 = 9.78487e-09
pi2_0_0_0_0_l_0_0_0_0_0 = 9.89514e-09
pi2_0_0_0_0_l_0_0_0_0_0_0 = 9.72766e-09
pi2_0_0_0_0_l_0_0_0_0_0_0_0 = 9.79519e-09
pi2_0_0_0_0_l_0_0_0_0_0_0_0_0 = 9.65453e-09
pi2_0_0_0_0_l_0_0_0_0_0_0_0_0_0 = 9.69858e-09
pi2_0_0_0_0_l_0_0_0_0_0_0_0_0_0_0 = 9.57521e-09
pi2_0_0_0_0_l_0_0_0_0_0_0_0_0_0_0_0 = 9.60458e-09
pi2_0_0_0_0_l_0_0_0_0_0_0_0_0_0_0_0_0 = 9.49337e-09
pi2_0_0_0_0_l_0_0_0_0_0_0_0_0_0_0_0_0_0 = 9.51281e-09
pi2_0_0_0_0_l_0_0_0_0_0_0_0_0_0_0_0_0_0_0 = 9.41069e-09
pi2_0_0_0_0_l_0_0_0_0_0_0_0_0_0_0_0_0_0_0_0 = 9.42304e-09
pi2_0_0_0_0_l_0_0_0_0_0_0_0_0_0_0_0_0_0_0_0_0 = 9.32803e-09
pi2_0_0_0_0_l_0_0_0_0_0_0_0_0_0_0_0_0_0_0_0_0_0 = 9.33514e-09
pi2_0_0_0_0_l_0_0_0_0_0_0_0_0_0_0_0_0_0_0_0_0_0_0 = 9.24587e-09
pi2_0_0_0_0_l_0_0_0_0_0_0_0_0_0_0_0_0_0_0_0_0_0_0_0 = 9.24899e-09
pi2_0_0_0_0_l_0_0_0_0_0_0_0_0_0_0_0_0_0_0_0_0_0_0_0_0 = 9.1645e-09
