DD_0_0 = 1.22752e-11
DD_0_0_l_0 = 1.25964e-11
DD_0_0_l_0_0 = 1.23659e-11
Dr_0_0 = 1.19913e-11
Dr_0_0_l_0 = 1.23079e-11
Dr_0_0_l_0_0 = 1.24963e-11
Dr_0_0_l_0_0_0 = 1.24512e-11
Hl_0_0 = 9.85517e-06
Hl_0_0_l_0 = 9.95072e-06
Hl_0_0_l_0_0 = 9.85221e-06
Hr_0_0 = 0.00101213
I = 1
pi2_0_0_0_0 = 9.97478e-09
pi2_0_0_0_0_l_0 = 1.00715e-08
pi2_0_0_0_0_l_0_0 = 9.97174e-09
