DD_0_0 = 1.13539e-07
DD_0_0_l_0 = 4.70885e-08
DD_0_0_l_0_0 = 3.44286e-08
DD_0_0_l_0_0_0 = 2.23533e-08
DD_0_0_l_0_0_0_0 = 1.78375e-08
DD_0_0_l_0_0_0_0_0 = 1.3219e-08
DD_0_0_l_0_0_0_0_0_0 = 1.10708e-08
DD_0_0_l_0_0_0_0_0_0_0 = 8.77368e-09
DD_0_0_l_0_0_0_0_0_0_0_0 = 7.57867e-09
DD_0_0_l_0_0_0_0_0_0_0_0_0 = 6.2603e-09
DD_0_0_l_0_0_0_0_0_0_0_0_0_0 = 5.52566e-09
Dr_0_0 = 7.61417e-19
Dr_0_0_l_0 = 4.53105e-08
Dr_0_0_l_0_0 = 3.01291e-08
Dr_0_0_l_0_0_0 = 3.325e-08
Dr_0_0_l_0_0_0_0 = 2.53078e-08
Dr_0_0_l_0_0_0_0_0 = 2.52687e-08
Dr_0_0_l_0_0_0_0_0_0 = 2.04182e-08
Dr_0_0_l_0_0_0_0_0_0_0 = 1.99523e-08
Dr_0_0_l_0_0_0_0_0_0_0_0 = 1.6706e-08
Dr_0_0_l_0_0_0_0_0_0_0_0_0 = 1.62396e-08
Dr_0_0_l_0_0_0_0_0_0_0_0_0_0 = 1.39287e-08
Dr_0_0_l_0_0_0_0_0_0_0_0_0_0_0 = 1.35347e-08
Hl_0_0 = 0.00101213
Hl_0_0_l_0 = 0.000567479
Hl_0_0_l_0_0 = 0.000462527
Hl_0_0_l_0_0_0 = 0.00035723
Hl_0_0_l_0_0_0_0 = 0.000310939
Hl_0_0_l_0_0_0_0_0 = 0.000261859
Hl_0_0_l_0_0_0_0_0_0 = 0.000235676
Hl_0_0_l_0_0_0_0_0_0_0 = 0.000206998
Hl_0_0_l_0_0_0_0_0_0_0_0 = 0.000190131
Hl_0_0_l_0_0_0_0_0_0_0_0_0 = 0.000171255
Hl_0_0_l_0_0_0_0_0_0_0_0_0_0 = 0.000159474
Hr_0_0 = 0.00101213
I = 1
pi2_0_0_0_0 = 1.0347e-06
pi2_0_0_0_0_l_0 = 5.80354e-07
pi2_0_0_0_0_l_0_0 = 4.71567e-07
pi2_0_0_0_0_l_0_0_0 = 3.64129e-07
pi2_0_0_0_0_l_0_0_0_0 = 3.16373e-07
pi2_0_0_0_0_l_0_0_0_0_0 = 2.66402e-07
pi2_0_0_0_0_l_0_0_0_0_0_0 = 2.39474e-07
pi2_0_0_0_0_l_0_0_0_0_0_0_0 = 2.10328e-07
pi2_0_0_0_0_l_0_0_0_0_0_0_0_0 = 1.93018e-07
pi2_0_0_0_0_l_0_0_0_0_0_0_0_0_0 = 1.73861e-07
pi2_0_0_0_0_l_0_0_0_0_0_0_0_0_0_0 = 1.61789e-07
