DD_0_0 = 1.13539e-05
DD_0_0_l_0 = 4.70885e-06
DD_0_0_l_0_0 = 3.44286e-06
DD_0_0_l_0_0_0 = 2.23533e-06
DD_0_0_l_0_0_0_0 = 1.78375e-06
DD_0_0_l_0_0_0_0_0 = 1.3219e-06
DD_0_0_l_0_0_0_0_0_0 = 1.10708e-06
DD_0_0_l_0_0_0_0_0_0_0 = 8.77368e-07
DD_0_0_l_0_0_0_0_0_0_0_0 = 7.57867e-07
DD_0_0_l_0_0_0_0_0_0_0_0_0 = 6.2603e-07
DD_0_0_l_0_0_0_0_0_0_0_0_0_0 = 5.52566e-07
Dr_0_0 = 7.65435e-18
Dr_0_0_l_0 = 4.53105e-06
Dr_0_0_l_0_0 = 3.01291e-06
Dr_0_0_l_0_0_0 = 3.325e-06
Dr_0_0_l_0_0_0_0 = 2.53078e-06
Dr_0_0_l_0_0_0_0_0 = 2.52687e-06
Dr_0_0_l_0_0_0_0_0_0 = 2.04182e-06
Dr_0_0_l_0_0_0_0_0_0_0 = 1.99523e-06
Dr_0_0_l_0_0_0_0_0_0_0_0 = 1.6706e-06
Dr_0_0_l_0_0_0_0_0_0_0_0_0 = 1.62396e-06
Dr_0_0_l_0_0_0_0_0_0_0_0_0_0 = 1.39287e-06
Dr_0_0_l_0_0_0_0_0_0_0_0_0_0_0 = 1.35347e-06
Hl_0_0 = 0.0101213
Hl_0_0_l_0 = 0.00567479
Hl_0_0_l_0_0 = 0.00462527
Hl_0_0_l_0_0_0 = 0.0035723
Hl_0_0_l_0_0_0_0 = 0.00310939
Hl_0_0_l_0_0_0_0_0 = 0.00261859
Hl_0_0_l_0_0_0_0_0_0 = 0.00235676
Hl_0_0_l_0_0_0_0_0_0_0 = 0.00206998
Hl_0_0_l_0_0_0_0_0_0_0_0 = 0.00190131
Hl_0_0_l_0_0_0_0_0_0_0_0_0 = 0.00171255
Hl_0_0_l_0_0_0_0_0_0_0_0_0_0 = 0.00159474
Hr_0_0 = 0.0101213
I = 1
pi2_0_0_0_0 = 0.00010347
pi2_0_0_0_0_l_0 = 5.80354e-05
pi2_0_0_0_0_l_0_0 = 4.71567e-05
pi2_0_0_0_0_l_0_0_0 = 3.64129e-05
pi2_0_0_0_0_l_0_0_0_0 = 3.16373e-05
pi2_0_0_0_0_l_0_0_0_0_0 = 2.66402e-05
pi2_0_0_0_0_l_0_0_0_0_0_0 = 2.39474e-05
pi2_0_0_0_0_l_0_0_0_0_0_0_0 = 2.10328e-05
pi2_0_0_0_0_l_0_0_0_0_0_0_0_0 = 1.93018e-05
pi2_0_0_0_0_l_0_0_0_0_0_0_0_0_0 = 1.73861e-05
pi2_0_0_0_0_l_0_0_0_0_0_0_0_0_0_0 = 1.61789e-05
