DD_0_0 = 1.13539e-05
DD_0_0_l_0 = 4.70885e-06
DD_0_0_l_0_0 = 3.44286e-06
DD_0_0_l_0_0_0 = 2.23533e-06
DD_0_0_l_0_0_0_0 = 1.78375e-06
DD_0_0_l_0_0_0_0_0 = 1.3219e-06
DD_0_0_l_0_0_0_0_0_0 = 1.10708e-06
DD_0_0_l_0_0_0_0_0_0_0 = 8.77368e-07
DD_0_0_l_0_0_0_0_0_0_0_0 = 7.57867e-07
DD_0_0_l_0_0_0_0_0_0_0_0_0 = 6.2603e-07
DD_0_0_l_0_0_0_0_0_0_0_0_0_0 = 5.52566e-07
DD_0_0_l_0_0_0_0_0_0_0_0_0_0_0 = 4.69602e-07
DD_0_0_l_0_0_0_0_0_0_0_0_0_0_0_0 = 4.21168e-07
DD_0_0_l_0_0_0_0_0_0_0_0_0_0_0_0_0 = 3.65463e-07
DD_0_0_l_0_0_0_0_0_0_0_0_0_0_0_0_0_0 = 3.3183e-07
DD_0_0_l_0_0_0_0_0_0_0_0_0_0_0_0_0_0_0 = 2.92573e-07
DD_0_0_l_0_0_0_0_0_0_0_0_0_0_0_0_0_0_0_0 = 2.68262e-07
DD_0_0_l_0_0_0_0_0_0_0_0_0_0_0_0_0_0_0_0_0 = 2.39538e-07
DD_0_0_l_0_0_0_0_0_0_0_0_0_0_0_0_0_0_0_0_0_0 = 2.21393e-07
DD_0_0_l_0_0_0_0_0_0_0_0_0_0_0_0_0_0_0_0_0_0_0 = 1.99732e-07
DD_0_0_l_0_0_0_0_0_0_0_0_0_0_0_0_0_0_0_0_0_0_0_0 = 1.8583e-07
Dr_0_0 = -6.22446e-18
Dr_0_0_l_0 = 4.53105e-06
Dr_0_0_l_0_0 = 3.01291e-06
Dr_0_0_l_0_0_0 = 3.325e-06
Dr_0_0_l_0_0_0_0 = 2.53078e-06
Dr_0_0_l_0_0_0_0_0 = 2.52687e-06
Dr_0_0_l_0_0_0_0_0_0 = 2.04182e-06
Dr_0_0_l_0_0_0_0_0_0_0 = 1.99523e-06
Dr_0_0_l_0_0_0_0_0_0_0_0 = 1.6706e-06
Dr_0_0_l_0_0_0_0_0_0_0_0_0 = 1.62396e-06
Dr_0_0_l_0_0_0_0_0_0_0_0_0_0 = 1.39287e-06
Dr_0_0_l_0_0_0_0_0_0_0_0_0_0_0 = 1.35347e-06
Dr_0_0_l_0_0_0_0_0_0_0_0_0_0_0_0 = 1.18145e-06
Dr_0_0_l_0_0_0_0_0_0_0_0_0_0_0_0_0 = 1.14947e-06
Dr_0_0_l_0_0_0_0_0_0_0_0_0_0_0_0_0_0 = 1.01698e-06
Dr_0_0_l_0_0_0_0_0_0_0_0_0_0_0_0_0_0_0 = 9.91235e-07
Dr_0_0_l_0_0_0_0_0_0_0_0_0_0_0_0_0_0_0_0 = 8.86408e-07
Dr_0_0_l_0_0_0_0_0_0_0_0_0_0_0_0_0_0_0_0_0 = 8.65629e-07
Dr_0_0_l_0_0_0_0_0_0_0_0_0_0_0_0_0_0_0_0_0_0 = 7.80868e-07
Dr_0_0_l_0_0_0_0_0_0_0_0_0_0_0_0_0_0_0_0_0_0_0 = 7.63989e-07
Dr_0_0_l_0_0_0_0_0_0_0_0_0_0_0_0_0_0_0_0_0_0_0_0 = 6.94206e-07
Dr_0_0_l_0_0_0_0_0_0_0_0_0_0_0_0_0_0_0_0_0_0_0_0_0 = 6.80392e-07
Hl_0_0 = 0.0101213
Hl_0_0_l_0 = 0.00567479
Hl_0_0_l_0_0 = 0.00462527
Hl_0_0_l_0_0_0 = 0.0035723
Hl_0_0_l_0_0_0_0 = 0.00310939
Hl_0_0_l_0_0_0_0_0 = 0.00261859
Hl_0_0_l_0_0_0_0_0_0 = 0.00235676
Hl_0_0_l_0_0_0_0_0_0_0 = 0.00206998
Hl_0_0_l_0_0_0_0_0_0_0_0 = 0.00190131
Hl_0_0_l_0_0_0_0_0_0_0_0_0 = 0.00171255
Hl_0_0_l_0_0_0_0_0_0_0_0_0_0 = 0.00159474
Hl_0_0_l_0_0_0_0_0_0_0_0_0_0_0 = 0.00146086
Hl_0_0_l_0_0_0_0_0_0_0_0_0_0_0_0 = 0.00137387
Hl_0_0_l_0_0_0_0_0_0_0_0_0_0_0_0_0 = 0.0012739
Hl_0_0_l_0_0_0_0_0_0_0_0_0_0_0_0_0_0 = 0.00120703
Hl_0_0_l_0_0_0_0_0_0_0_0_0_0_0_0_0_0_0 = 0.00112948
Hl_0_0_l_0_0_0_0_0_0_0_0_0_0_0_0_0_0_0_0 = 0.00107646
Hl_0_0_l_0_0_0_0_0_0_0_0_0_0_0_0_0_0_0_0_0 = 0.00101455
Hl_0_0_l_0_0_0_0_0_0_0_0_0_0_0_0_0_0_0_0_0_0 = 0.000971473
Hl_0_0_l_0_0_0_0_0_0_0_0_0_0_0_0_0_0_0_0_0_0_0 = 0.000920881
Hl_0_0_l_0_0_0_0_0_0_0_0_0_0_0_0_0_0_0_0_0_0_0_0 = 0.000885194
Hr_0_0 = 0.0101213
I = 1
pi2_0_0_0_0 = 0.00010347
pi2_0_0_0_0_l_0 = 5.80354e-05
pi2_0_0_0_0_l_0_0 = 4.71567e-05
pi2_0_0_0_0_l_0_0_0 = 3.64129e-05
pi2_0_0_0_0_l_0_0_0_0 = 3.16373e-05
pi2_0_0_0_0_l_0_0_0_0_0 = 2.66402e-05
pi2_0_0_0_0_l_0_0_0_0_0_0 = 2.39474e-05
pi2_0_0_0_0_l_0_0_0_0_0_0_0 = 2.10328e-05
pi2_0_0_0_0_l_0_0_0_0_0_0_0_0 = 1.93018e-05
pi2_0_0_0_0_l_0_0_0_0_0_0_0_0_0 = 1.73861e-05
pi2_0_0_0_0_l_0_0_0_0_0_0_0_0_0_0 = 1.61789e-05
pi2_0_0_0_0_l_0_0_0_0_0_0_0_0_0_0_0 = 1.48218e-05
pi2_0_0_0_0_l_0_0_0_0_0_0_0_0_0_0_0_0 = 1.39315e-05
pi2_0_0_0_0_l_0_0_0_0_0_0_0_0_0_0_0_0_0 = 1.2919e-05
pi2_0_0_0_0_l_0_0_0_0_0_0_0_0_0_0_0_0_0_0 = 1.22352e-05
pi2_0_0_0_0_l_0_0_0_0_0_0_0_0_0_0_0_0_0_0_0 = 1.14504e-05
pi2_0_0_0_0_l_0_0_0_0_0_0_0_0_0_0_0_0_0_0_0_0 = 1.09086e-05
pi2_0_0_0_0_l_0_0_0_0_0_0_0_0_0_0_0_0_0_0_0_0_0 = 1.02823e-05
pi2_0_0_0_0_l_0_0_0_0_0_0_0_0_0_0_0_0_0_0_0_0_0_0 = 9.84246e-06
pi2_0_0_0_0_l_0_0_0_0_0_0_0_0_0_0_0_0_0_0_0_0_0_0_0 = 9.33098e-06
pi2_0_0_0_0_l_0_0_0_0_0_0_0_0_0_0_0_0_0_0_0_0_0_0_0_0 = 8.9667e-06
