DD_0_0 = 1.13539e-05
DD_0_0_l_0 = 4.70885e-06
DD_0_0_l_0_0 = 3.44286e-06
Dr_0_0 = 8.16936e-18
Dr_0_0_l_0 = 4.53105e-06
Dr_0_0_l_0_0 = 3.01291e-06
Dr_0_0_l_0_0_0 = 3.325e-06
Hl_0_0 = 0.0101213
Hl_0_0_l_0 = 0.00567479
Hl_0_0_l_0_0 = 0.00462527
Hr_0_0 = 0.0101213
I = 1
pi2_0_0_0_0 = 0.00010347
pi2_0_0_0_0_l_0 = 5.80354e-05
pi2_0_0_0_0_l_0_0 = 4.71567e-05
