DD_0_0 = 1.13539e-07
DD_0_0_l_0 = 4.70885e-08
DD_0_0_l_0_0 = 3.44286e-08
Dr_0_0 = 1.49799e-18
Dr_0_0_l_0 = 4.53105e-08
Dr_0_0_l_0_0 = 3.01291e-08
Dr_0_0_l_0_0_0 = 3.325e-08
Hl_0_0 = 0.00101213
Hl_0_0_l_0 = 0.000567479
Hl_0_0_l_0_0 = 0.000462527
Hr_0_0 = 0.00101213
I = 1
pi2_0_0_0_0 = 1.0347e-06
pi2_0_0_0_0_l_0 = 5.80354e-07
pi2_0_0_0_0_l_0_0 = 4.71567e-07
