DD_0_0 = 1.13539e-05
DD_0_0_l_0 = 4.70885e-06
DD_0_0_l_0_0 = 3.44286e-06
DD_0_0_l_0_0_0 = 2.23533e-06
DD_0_0_l_0_0_0_0 = 1.78375e-06
DD_0_0_l_0_0_0_0_0 = 1.3219e-06
Dr_0_0 = 1.81248e-17
Dr_0_0_l_0 = 4.53105e-06
Dr_0_0_l_0_0 = 3.01291e-06
Dr_0_0_l_0_0_0 = 3.325e-06
Dr_0_0_l_0_0_0_0 = 2.53078e-06
Dr_0_0_l_0_0_0_0_0 = 2.52687e-06
Dr_0_0_l_0_0_0_0_0_0 = 2.04182e-06
Hl_0_0 = 0.0101213
Hl_0_0_l_0 = 0.00567479
Hl_0_0_l_0_0 = 0.00462527
Hl_0_0_l_0_0_0 = 0.0035723
Hl_0_0_l_0_0_0_0 = 0.00310939
Hl_0_0_l_0_0_0_0_0 = 0.00261859
Hr_0_0 = 0.0101213
I = 1
pi2_0_0_0_0 = 0.00010347
pi2_0_0_0_0_l_0 = 5.80354e-05
pi2_0_0_0_0_l_0_0 = 4.71567e-05
pi2_0_0_0_0_l_0_0_0 = 3.64129e-05
pi2_0_0_0_0_l_0_0_0_0 = 3.16373e-05
pi2_0_0_0_0_l_0_0_0_0_0 = 2.66402e-05
