DD_0_0 = 2.28454e-06
DD_0_0_l_0 = 1.19032e-06
DD_0_0_l_0_0 = 9.24237e-07
DD_0_0_l_0_0_0 = 6.74872e-07
DD_0_0_l_0_0_0_0 = 5.62932e-07
DD_0_0_l_0_0_0_0_0 = 4.51879e-07
DD_0_0_l_0_0_0_0_0_0 = 3.91528e-07
DD_0_0_l_0_0_0_0_0_0_0 = 3.29583e-07
DD_0_0_l_0_0_0_0_0_0_0_0 = 2.92488e-07
DD_0_0_l_0_0_0_0_0_0_0_0_0 = 2.53531e-07
DD_0_0_l_0_0_0_0_0_0_0_0_0_0 = 2.28771e-07
Dr_0_0 = 1.06398e-21
Dr_0_0_l_0 = 3.35742e-07
Dr_0_0_l_0_0 = 3.20116e-07
Dr_0_0_l_0_0_0 = 3.58446e-07
Dr_0_0_l_0_0_0_0 = 3.29661e-07
Dr_0_0_l_0_0_0_0_0 = 3.32936e-07
Dr_0_0_l_0_0_0_0_0_0 = 3.0668e-07
Dr_0_0_l_0_0_0_0_0_0_0 = 3.01809e-07
Dr_0_0_l_0_0_0_0_0_0_0_0 = 2.79628e-07
Dr_0_0_l_0_0_0_0_0_0_0_0_0 = 2.72792e-07
Dr_0_0_l_0_0_0_0_0_0_0_0_0_0 = 2.54241e-07
Dr_0_0_l_0_0_0_0_0_0_0_0_0_0_0 = 2.47269e-07
Hl_0_0 = 0.0101213
Hl_0_0_l_0 = 0.00567479
Hl_0_0_l_0_0 = 0.00462527
Hl_0_0_l_0_0_0 = 0.0035723
Hl_0_0_l_0_0_0_0 = 0.00310939
Hl_0_0_l_0_0_0_0_0 = 0.00261859
Hl_0_0_l_0_0_0_0_0_0 = 0.00235676
Hl_0_0_l_0_0_0_0_0_0_0 = 0.00206998
Hl_0_0_l_0_0_0_0_0_0_0_0 = 0.00190131
Hl_0_0_l_0_0_0_0_0_0_0_0_0 = 0.00171255
Hl_0_0_l_0_0_0_0_0_0_0_0_0_0 = 0.00159474
Hr_0_0 = 0.0101213
I = 1
pi2_0_0_0_0 = 0.000102563
pi2_0_0_0_0_l_0 = 5.75105e-05
pi2_0_0_0_0_l_0_0 = 4.68733e-05
pi2_0_0_0_0_l_0_0_0 = 3.61995e-05
pi2_0_0_0_0_l_0_0_0_0 = 3.15075e-05
pi2_0_0_0_0_l_0_0_0_0_0 = 2.65319e-05
pi2_0_0_0_0_l_0_0_0_0_0_0 = 2.38782e-05
pi2_0_0_0_0_l_0_0_0_0_0_0_0 = 2.0971e-05
pi2_0_0_0_0_l_0_0_0_0_0_0_0_0 = 1.92616e-05
pi2_0_0_0_0_l_0_0_0_0_0_0_0_0_0 = 1.73481e-05
pi2_0_0_0_0_l_0_0_0_0_0_0_0_0_0_0 = 1.61542e-05
