DD_0_0 = 2.28454e-06
DD_0_0_l_0 = 1.19032e-06
DD_0_0_l_0_0 = 9.24237e-07
Dr_0_0 = 9.54142e-22
Dr_0_0_l_0 = 3.35742e-07
Dr_0_0_l_0_0 = 3.20116e-07
Dr_0_0_l_0_0_0 = 3.58446e-07
Hl_0_0 = 0.0101213
Hl_0_0_l_0 = 0.00567479
Hl_0_0_l_0_0 = 0.00462527
Hr_0_0 = 0.0101213
I = 1
pi2_0_0_0_0 = 0.000102563
pi2_0_0_0_0_l_0 = 5.75105e-05
pi2_0_0_0_0_l_0_0 = 4.68733e-05
