DD_0_0 = 2.28454e-08
DD_0_0_l_0 = 1.19032e-08
DD_0_0_l_0_0 = 9.24237e-09
DD_0_0_l_0_0_0 = 6.74872e-09
DD_0_0_l_0_0_0_0 = 5.62932e-09
DD_0_0_l_0_0_0_0_0 = 4.51879e-09
DD_0_0_l_0_0_0_0_0_0 = 3.91528e-09
DD_0_0_l_0_0_0_0_0_0_0 = 3.29583e-09
DD_0_0_l_0_0_0_0_0_0_0_0 = 2.92488e-09
DD_0_0_l_0_0_0_0_0_0_0_0_0 = 2.53531e-09
DD_0_0_l_0_0_0_0_0_0_0_0_0_0 = 2.28771e-09
DD_0_0_l_0_0_0_0_0_0_0_0_0_0_0 = 2.02332e-09
DD_0_0_l_0_0_0_0_0_0_0_0_0_0_0_0 = 1.84833e-09
DD_0_0_l_0_0_0_0_0_0_0_0_0_0_0_0_0 = 1.65907e-09
DD_0_0_l_0_0_0_0_0_0_0_0_0_0_0_0_0_0 = 1.53008e-09
DD_0_0_l_0_0_0_0_0_0_0_0_0_0_0_0_0_0_0 = 1.38915e-09
DD_0_0_l_0_0_0_0_0_0_0_0_0_0_0_0_0_0_0_0 = 1.29091e-09
DD_0_0_l_0_0_0_0_0_0_0_0_0_0_0_0_0_0_0_0_0 = 1.18269e-09
DD_0_0_l_0_0_0_0_0_0_0_0_0_0_0_0_0_0_0_0_0_0 = 1.10591e-09
DD_0_0_l_0_0_0_0_0_0_0_0_0_0_0_0_0_0_0_0_0_0_0 = 1.02074e-09
DD_0_0_l_0_0_0_0_0_0_0_0_0_0_0_0_0_0_0_0_0_0_0_0 = 9.59455e-10
Dr_0_0 = -7.62685e-22
Dr_0_0_l_0 = 3.35742e-09
Dr_0_0_l_0_0 = 3.20116e-09
Dr_0_0_l_0_0_0 = 3.58446e-09
Dr_0_0_l_0_0_0_0 = 3.29661e-09
Dr_0_0_l_0_0_0_0_0 = 3.32936e-09
Dr_0_0_l_0_0_0_0_0_0 = 3.0668e-09
Dr_0_0_l_0_0_0_0_0_0_0 = 3.01809e-09
Dr_0_0_l_0_0_0_0_0_0_0_0 = 2.79628e-09
Dr_0_0_l_0_0_0_0_0_0_0_0_0 = 2.72792e-09
Dr_0_0_l_0_0_0_0_0_0_0_0_0_0 = 2.54241e-09
Dr_0_0_l_0_0_0_0_0_0_0_0_0_0_0 = 2.47269e-09
Dr_0_0_l_0_0_0_0_0_0_0_0_0_0_0_0 = 2.31676e-09
Dr_0_0_l_0_0_0_0_0_0_0_0_0_0_0_0_0 = 2.25147e-09
Dr_0_0_l_0_0_0_0_0_0_0_0_0_0_0_0_0_0 = 2.11923e-09
Dr_0_0_l_0_0_0_0_0_0_0_0_0_0_0_0_0_0_0 = 2.05997e-09
Dr_0_0_l_0_0_0_0_0_0_0_0_0_0_0_0_0_0_0_0 = 1.94674e-09
Dr_0_0_l_0_0_0_0_0_0_0_0_0_0_0_0_0_0_0_0_0 = 1.8936e-09
Dr_0_0_l_0_0_0_0_0_0_0_0_0_0_0_0_0_0_0_0_0_0 = 1.79576e-09
Dr_0_0_l_0_0_0_0_0_0_0_0_0_0_0_0_0_0_0_0_0_0_0 = 1.74829e-09
Dr_0_0_l_0_0_0_0_0_0_0_0_0_0_0_0_0_0_0_0_0_0_0_0 = 1.66302e-09
Dr_0_0_l_0_0_0_0_0_0_0_0_0_0_0_0_0_0_0_0_0_0_0_0_0 = 1.62062e-09
Hl_0_0 = 0.00101213
Hl_0_0_l_0 = 0.000567479
Hl_0_0_l_0_0 = 0.000462527
Hl_0_0_l_0_0_0 = 0.00035723
Hl_0_0_l_0_0_0_0 = 0.000310939
Hl_0_0_l_0_0_0_0_0 = 0.000261859
Hl_0_0_l_0_0_0_0_0_0 = 0.000235676
Hl_0_0_l_0_0_0_0_0_0_0 = 0.000206998
Hl_0_0_l_0_0_0_0_0_0_0_0 = 0.000190131
Hl_0_0_l_0_0_0_0_0_0_0_0_0 = 0.000171255
Hl_0_0_l_0_0_0_0_0_0_0_0_0_0 = 0.000159474
Hl_0_0_l_0_0_0_0_0_0_0_0_0_0_0 = 0.000146086
Hl_0_0_l_0_0_0_0_0_0_0_0_0_0_0_0 = 0.000137387
Hl_0_0_l_0_0_0_0_0_0_0_0_0_0_0_0_0 = 0.00012739
Hl_0_0_l_0_0_0_0_0_0_0_0_0_0_0_0_0_0 = 0.000120703
Hl_0_0_l_0_0_0_0_0_0_0_0_0_0_0_0_0_0_0 = 0.000112948
Hl_0_0_l_0_0_0_0_0_0_0_0_0_0_0_0_0_0_0_0 = 0.000107646
Hl_0_0_l_0_0_0_0_0_0_0_0_0_0_0_0_0_0_0_0_0 = 0.000101455
Hl_0_0_l_0_0_0_0_0_0_0_0_0_0_0_0_0_0_0_0_0_0 = 9.71473e-05
Hl_0_0_l_0_0_0_0_0_0_0_0_0_0_0_0_0_0_0_0_0_0_0 = 9.20881e-05
Hl_0_0_l_0_0_0_0_0_0_0_0_0_0_0_0_0_0_0_0_0_0_0_0 = 8.85194e-05
Hr_0_0 = 0.00101213
I = 1
pi2_0_0_0_0 = 1.02563e-06
pi2_0_0_0_0_l_0 = 5.75105e-07
pi2_0_0_0_0_l_0_0 = 4.68733e-07
pi2_0_0_0_0_l_0_0_0 = 3.61995e-07
pi2_0_0_0_0_l_0_0_0_0 = 3.15075e-07
pi2_0_0_0_0_l_0_0_0_0_0 = 2.65319e-07
pi2_0_0_0_0_l_0_0_0_0_0_0 = 2.38782e-07
pi2_0_0_0_0_l_0_0_0_0_0_0_0 = 2.0971e-07
pi2_0_0_0_0_l_0_0_0_0_0_0_0_0 = 1.92616e-07
pi2_0_0_0_0_l_0_0_0_0_0_0_0_0_0 = 1.73481e-07
pi2_0_0_0_0_l_0_0_0_0_0_0_0_0_0_0 = 1.61542e-07
pi2_0_0_0_0_l_0_0_0_0_0_0_0_0_0_0_0 = 1.47972e-07
pi2_0_0_0_0_l_0_0_0_0_0_0_0_0_0_0_0_0 = 1.39159e-07
pi2_0_0_0_0_l_0_0_0_0_0_0_0_0_0_0_0_0_0 = 1.29026e-07
pi2_0_0_0_0_l_0_0_0_0_0_0_0_0_0_0_0_0_0_0 = 1.2225e-07
pi2_0_0_0_0_l_0_0_0_0_0_0_0_0_0_0_0_0_0_0_0 = 1.14391e-07
pi2_0_0_0_0_l_0_0_0_0_0_0_0_0_0_0_0_0_0_0_0_0 = 1.0902e-07
pi2_0_0_0_0_l_0_0_0_0_0_0_0_0_0_0_0_0_0_0_0_0_0 = 1.02745e-07
pi2_0_0_0_0_l_0_0_0_0_0_0_0_0_0_0_0_0_0_0_0_0_0_0 = 9.83819e-08
pi2_0_0_0_0_l_0_0_0_0_0_0_0_0_0_0_0_0_0_0_0_0_0_0_0 = 9.32552e-08
pi2_0_0_0_0_l_0_0_0_0_0_0_0_0_0_0_0_0_0_0_0_0_0_0_0_0 = 8.96402e-08
