DD_0_0 = 2.28454e-06
DD_0_0_l_0 = 1.19032e-06
DD_0_0_l_0_0 = 9.24237e-07
DD_0_0_l_0_0_0 = 6.74872e-07
DD_0_0_l_0_0_0_0 = 5.62932e-07
DD_0_0_l_0_0_0_0_0 = 4.51879e-07
DD_0_0_l_0_0_0_0_0_0 = 3.91528e-07
DD_0_0_l_0_0_0_0_0_0_0 = 3.29583e-07
DD_0_0_l_0_0_0_0_0_0_0_0 = 2.92488e-07
DD_0_0_l_0_0_0_0_0_0_0_0_0 = 2.53531e-07
DD_0_0_l_0_0_0_0_0_0_0_0_0_0 = 2.28771e-07
DD_0_0_l_0_0_0_0_0_0_0_0_0_0_0 = 2.02332e-07
DD_0_0_l_0_0_0_0_0_0_0_0_0_0_0_0 = 1.84833e-07
DD_0_0_l_0_0_0_0_0_0_0_0_0_0_0_0_0 = 1.65907e-07
DD_0_0_l_0_0_0_0_0_0_0_0_0_0_0_0_0_0 = 1.53008e-07
DD_0_0_l_0_0_0_0_0_0_0_0_0_0_0_0_0_0_0 = 1.38915e-07
DD_0_0_l_0_0_0_0_0_0_0_0_0_0_0_0_0_0_0_0 = 1.29091e-07
DD_0_0_l_0_0_0_0_0_0_0_0_0_0_0_0_0_0_0_0_0 = 1.18269e-07
DD_0_0_l_0_0_0_0_0_0_0_0_0_0_0_0_0_0_0_0_0_0 = 1.10591e-07
DD_0_0_l_0_0_0_0_0_0_0_0_0_0_0_0_0_0_0_0_0_0_0 = 1.02074e-07
DD_0_0_l_0_0_0_0_0_0_0_0_0_0_0_0_0_0_0_0_0_0_0_0 = 9.59455e-08
Dr_0_0 = -2.21727e-21
Dr_0_0_l_0 = 3.35742e-07
Dr_0_0_l_0_0 = 3.20116e-07
Dr_0_0_l_0_0_0 = 3.58446e-07
Dr_0_0_l_0_0_0_0 = 3.29661e-07
Dr_0_0_l_0_0_0_0_0 = 3.32936e-07
Dr_0_0_l_0_0_0_0_0_0 = 3.0668e-07
Dr_0_0_l_0_0_0_0_0_0_0 = 3.01809e-07
Dr_0_0_l_0_0_0_0_0_0_0_0 = 2.79628e-07
Dr_0_0_l_0_0_0_0_0_0_0_0_0 = 2.72792e-07
Dr_0_0_l_0_0_0_0_0_0_0_0_0_0 = 2.54241e-07
Dr_0_0_l_0_0_0_0_0_0_0_0_0_0_0 = 2.47269e-07
Dr_0_0_l_0_0_0_0_0_0_0_0_0_0_0_0 = 2.31676e-07
Dr_0_0_l_0_0_0_0_0_0_0_0_0_0_0_0_0 = 2.25147e-07
Dr_0_0_l_0_0_0_0_0_0_0_0_0_0_0_0_0_0 = 2.11923e-07
Dr_0_0_l_0_0_0_0_0_0_0_0_0_0_0_0_0_0_0 = 2.05997e-07
Dr_0_0_l_0_0_0_0_0_0_0_0_0_0_0_0_0_0_0_0 = 1.94674e-07
Dr_0_0_l_0_0_0_0_0_0_0_0_0_0_0_0_0_0_0_0_0 = 1.8936e-07
Dr_0_0_l_0_0_0_0_0_0_0_0_0_0_0_0_0_0_0_0_0_0 = 1.79576e-07
Dr_0_0_l_0_0_0_0_0_0_0_0_0_0_0_0_0_0_0_0_0_0_0 = 1.74829e-07
Dr_0_0_l_0_0_0_0_0_0_0_0_0_0_0_0_0_0_0_0_0_0_0_0 = 1.66302e-07
Dr_0_0_l_0_0_0_0_0_0_0_0_0_0_0_0_0_0_0_0_0_0_0_0_0 = 1.62062e-07
Hl_0_0 = 0.0101213
Hl_0_0_l_0 = 0.00567479
Hl_0_0_l_0_0 = 0.00462527
Hl_0_0_l_0_0_0 = 0.0035723
Hl_0_0_l_0_0_0_0 = 0.00310939
Hl_0_0_l_0_0_0_0_0 = 0.00261859
Hl_0_0_l_0_0_0_0_0_0 = 0.00235676
Hl_0_0_l_0_0_0_0_0_0_0 = 0.00206998
Hl_0_0_l_0_0_0_0_0_0_0_0 = 0.00190131
Hl_0_0_l_0_0_0_0_0_0_0_0_0 = 0.00171255
Hl_0_0_l_0_0_0_0_0_0_0_0_0_0 = 0.00159474
Hl_0_0_l_0_0_0_0_0_0_0_0_0_0_0 = 0.00146086
Hl_0_0_l_0_0_0_0_0_0_0_0_0_0_0_0 = 0.00137387
Hl_0_0_l_0_0_0_0_0_0_0_0_0_0_0_0_0 = 0.0012739
Hl_0_0_l_0_0_0_0_0_0_0_0_0_0_0_0_0_0 = 0.00120703
Hl_0_0_l_0_0_0_0_0_0_0_0_0_0_0_0_0_0_0 = 0.00112948
Hl_0_0_l_0_0_0_0_0_0_0_0_0_0_0_0_0_0_0_0 = 0.00107646
Hl_0_0_l_0_0_0_0_0_0_0_0_0_0_0_0_0_0_0_0_0 = 0.00101455
Hl_0_0_l_0_0_0_0_0_0_0_0_0_0_0_0_0_0_0_0_0_0 = 0.000971473
Hl_0_0_l_0_0_0_0_0_0_0_0_0_0_0_0_0_0_0_0_0_0_0 = 0.000920881
Hl_0_0_l_0_0_0_0_0_0_0_0_0_0_0_0_0_0_0_0_0_0_0_0 = 0.000885194
Hr_0_0 = 0.0101213
I = 1
pi2_0_0_0_0 = 0.000102563
pi2_0_0_0_0_l_0 = 5.75105e-05
pi2_0_0_0_0_l_0_0 = 4.68733e-05
pi2_0_0_0_0_l_0_0_0 = 3.61995e-05
pi2_0_0_0_0_l_0_0_0_0 = 3.15075e-05
pi2_0_0_0_0_l_0_0_0_0_0 = 2.65319e-05
pi2_0_0_0_0_l_0_0_0_0_0_0 = 2.38782e-05
pi2_0_0_0_0_l_0_0_0_0_0_0_0 = 2.0971e-05
pi2_0_0_0_0_l_0_0_0_0_0_0_0_0 = 1.92616e-05
pi2_0_0_0_0_l_0_0_0_0_0_0_0_0_0 = 1.73481e-05
pi2_0_0_0_0_l_0_0_0_0_0_0_0_0_0_0 = 1.61542e-05
pi2_0_0_0_0_l_0_0_0_0_0_0_0_0_0_0_0 = 1.47972e-05
pi2_0_0_0_0_l_0_0_0_0_0_0_0_0_0_0_0_0 = 1.39159e-05
pi2_0_0_0_0_l_0_0_0_0_0_0_0_0_0_0_0_0_0 = 1.29026e-05
pi2_0_0_0_0_l_0_0_0_0_0_0_0_0_0_0_0_0_0_0 = 1.2225e-05
pi2_0_0_0_0_l_0_0_0_0_0_0_0_0_0_0_0_0_0_0_0 = 1.14391e-05
pi2_0_0_0_0_l_0_0_0_0_0_0_0_0_0_0_0_0_0_0_0_0 = 1.0902e-05
pi2_0_0_0_0_l_0_0_0_0_0_0_0_0_0_0_0_0_0_0_0_0_0 = 1.02745e-05
pi2_0_0_0_0_l_0_0_0_0_0_0_0_0_0_0_0_0_0_0_0_0_0_0 = 9.83819e-06
pi2_0_0_0_0_l_0_0_0_0_0_0_0_0_0_0_0_0_0_0_0_0_0_0_0 = 9.32552e-06
pi2_0_0_0_0_l_0_0_0_0_0_0_0_0_0_0_0_0_0_0_0_0_0_0_0_0 = 8.96402e-06
