DD_0_0 = 2.52991e-07
DD_0_0_l_0 = 1.40624e-07
DD_0_0_l_0_0 = 1.13853e-07
DD_0_0_l_0_0_0 = 8.72519e-08
DD_0_0_l_0_0_0_0 = 7.54453e-08
DD_0_0_l_0_0_0_0_0 = 6.30655e-08
DD_0_0_l_0_0_0_0_0_0 = 5.63923e-08
DD_0_0_l_0_0_0_0_0_0_0 = 4.91744e-08
DD_0_0_l_0_0_0_0_0_0_0_0 = 4.48805e-08
DD_0_0_l_0_0_0_0_0_0_0_0_0 = 4.01419e-08
DD_0_0_l_0_0_0_0_0_0_0_0_0_0 = 3.71473e-08
Dr_0_0 = -2.74592e-70
Dr_0_0_l_0 = 4.87951e-09
Dr_0_0_l_0_0 = 5.35862e-09
Dr_0_0_l_0_0_0 = 6.45472e-09
Dr_0_0_l_0_0_0_0 = 6.5278e-09
Dr_0_0_l_0_0_0_0_0 = 6.99994e-09
Dr_0_0_l_0_0_0_0_0_0 = 6.95495e-09
Dr_0_0_l_0_0_0_0_0_0_0 = 7.2005e-09
Dr_0_0_l_0_0_0_0_0_0_0_0 = 7.11154e-09
Dr_0_0_l_0_0_0_0_0_0_0_0_0 = 7.24868e-09
Dr_0_0_l_0_0_0_0_0_0_0_0_0_0 = 7.14219e-09
Dr_0_0_l_0_0_0_0_0_0_0_0_0_0_0 = 7.21939e-09
Hl_0_0 = 0.0101213
Hl_0_0_l_0 = 0.00567479
Hl_0_0_l_0_0 = 0.00462527
Hl_0_0_l_0_0_0 = 0.0035723
Hl_0_0_l_0_0_0_0 = 0.00310939
Hl_0_0_l_0_0_0_0_0 = 0.00261859
Hl_0_0_l_0_0_0_0_0_0 = 0.00235676
Hl_0_0_l_0_0_0_0_0_0_0 = 0.00206998
Hl_0_0_l_0_0_0_0_0_0_0_0 = 0.00190131
Hl_0_0_l_0_0_0_0_0_0_0_0_0 = 0.00171255
Hl_0_0_l_0_0_0_0_0_0_0_0_0_0 = 0.00159474
Hr_0_0 = 0.0101213
I = 1
pi2_0_0_0_0 = 0.000102443
pi2_0_0_0_0_l_0 = 5.74372e-05
pi2_0_0_0_0_l_0_0 = 4.68148e-05
pi2_0_0_0_0_l_0_0_0 = 3.6157e-05
pi2_0_0_0_0_l_0_0_0_0 = 3.14717e-05
pi2_0_0_0_0_l_0_0_0_0_0 = 2.6504e-05
pi2_0_0_0_0_l_0_0_0_0_0_0 = 2.3854e-05
pi2_0_0_0_0_l_0_0_0_0_0_0_0 = 2.09513e-05
pi2_0_0_0_0_l_0_0_0_0_0_0_0_0 = 1.92441e-05
pi2_0_0_0_0_l_0_0_0_0_0_0_0_0_0 = 1.73336e-05
pi2_0_0_0_0_l_0_0_0_0_0_0_0_0_0_0 = 1.61411e-05
