DD_0_0 = 2.52991e-09
DD_0_0_l_0 = 1.40624e-09
DD_0_0_l_0_0 = 1.13853e-09
DD_0_0_l_0_0_0 = 8.72519e-10
DD_0_0_l_0_0_0_0 = 7.54453e-10
DD_0_0_l_0_0_0_0_0 = 6.30655e-10
DD_0_0_l_0_0_0_0_0_0 = 5.63923e-10
DD_0_0_l_0_0_0_0_0_0_0 = 4.91744e-10
DD_0_0_l_0_0_0_0_0_0_0_0 = 4.48805e-10
DD_0_0_l_0_0_0_0_0_0_0_0_0 = 4.01419e-10
DD_0_0_l_0_0_0_0_0_0_0_0_0_0 = 3.71473e-10
DD_0_0_l_0_0_0_0_0_0_0_0_0_0_0 = 3.37962e-10
DD_0_0_l_0_0_0_0_0_0_0_0_0_0_0_0 = 3.15895e-10
DD_0_0_l_0_0_0_0_0_0_0_0_0_0_0_0_0 = 2.90949e-10
DD_0_0_l_0_0_0_0_0_0_0_0_0_0_0_0_0_0 = 2.74021e-10
DD_0_0_l_0_0_0_0_0_0_0_0_0_0_0_0_0_0_0 = 2.54738e-10
DD_0_0_l_0_0_0_0_0_0_0_0_0_0_0_0_0_0_0_0 = 2.41349e-10
DD_0_0_l_0_0_0_0_0_0_0_0_0_0_0_0_0_0_0_0_0 = 2.26006e-10
DD_0_0_l_0_0_0_0_0_0_0_0_0_0_0_0_0_0_0_0_0_0 = 2.15159e-10
DD_0_0_l_0_0_0_0_0_0_0_0_0_0_0_0_0_0_0_0_0_0_0 = 2.02669e-10
DD_0_0_l_0_0_0_0_0_0_0_0_0_0_0_0_0_0_0_0_0_0_0_0 = 1.93707e-10
Dr_0_0 = 1.86883e-69
Dr_0_0_l_0 = 4.87951e-11
Dr_0_0_l_0_0 = 5.35862e-11
Dr_0_0_l_0_0_0 = 6.45472e-11
Dr_0_0_l_0_0_0_0 = 6.5278e-11
Dr_0_0_l_0_0_0_0_0 = 6.99994e-11
Dr_0_0_l_0_0_0_0_0_0 = 6.95495e-11
Dr_0_0_l_0_0_0_0_0_0_0 = 7.2005e-11
Dr_0_0_l_0_0_0_0_0_0_0_0 = 7.11154e-11
Dr_0_0_l_0_0_0_0_0_0_0_0_0 = 7.24868e-11
Dr_0_0_l_0_0_0_0_0_0_0_0_0_0 = 7.14219e-11
Dr_0_0_l_0_0_0_0_0_0_0_0_0_0_0 = 7.21939e-11
Dr_0_0_l_0_0_0_0_0_0_0_0_0_0_0_0 = 7.10661e-11
Dr_0_0_l_0_0_0_0_0_0_0_0_0_0_0_0_0 = 7.1476e-11
Dr_0_0_l_0_0_0_0_0_0_0_0_0_0_0_0_0_0 = 7.03379e-11
Dr_0_0_l_0_0_0_0_0_0_0_0_0_0_0_0_0_0_0 = 7.0516e-11
Dr_0_0_l_0_0_0_0_0_0_0_0_0_0_0_0_0_0_0_0 = 6.93937e-11
Dr_0_0_l_0_0_0_0_0_0_0_0_0_0_0_0_0_0_0_0_0 = 6.94173e-11
Dr_0_0_l_0_0_0_0_0_0_0_0_0_0_0_0_0_0_0_0_0_0 = 6.83241e-11
Dr_0_0_l_0_0_0_0_0_0_0_0_0_0_0_0_0_0_0_0_0_0_0 = 6.82419e-11
Dr_0_0_l_0_0_0_0_0_0_0_0_0_0_0_0_0_0_0_0_0_0_0_0 = 6.7184e-11
Dr_0_0_l_0_0_0_0_0_0_0_0_0_0_0_0_0_0_0_0_0_0_0_0_0 = 6.70282e-11
Hl_0_0 = 0.00101213
Hl_0_0_l_0 = 0.000567479
Hl_0_0_l_0_0 = 0.000462527
Hl_0_0_l_0_0_0 = 0.00035723
Hl_0_0_l_0_0_0_0 = 0.000310939
Hl_0_0_l_0_0_0_0_0 = 0.000261859
Hl_0_0_l_0_0_0_0_0_0 = 0.000235676
Hl_0_0_l_0_0_0_0_0_0_0 = 0.000206998
Hl_0_0_l_0_0_0_0_0_0_0_0 = 0.000190131
Hl_0_0_l_0_0_0_0_0_0_0_0_0 = 0.000171255
Hl_0_0_l_0_0_0_0_0_0_0_0_0_0 = 0.000159474
Hl_0_0_l_0_0_0_0_0_0_0_0_0_0_0 = 0.000146086
Hl_0_0_l_0_0_0_0_0_0_0_0_0_0_0_0 = 0.000137387
Hl_0_0_l_0_0_0_0_0_0_0_0_0_0_0_0_0 = 0.00012739
Hl_0_0_l_0_0_0_0_0_0_0_0_0_0_0_0_0_0 = 0.000120703
Hl_0_0_l_0_0_0_0_0_0_0_0_0_0_0_0_0_0_0 = 0.000112948
Hl_0_0_l_0_0_0_0_0_0_0_0_0_0_0_0_0_0_0_0 = 0.000107646
Hl_0_0_l_0_0_0_0_0_0_0_0_0_0_0_0_0_0_0_0_0 = 0.000101455
Hl_0_0_l_0_0_0_0_0_0_0_0_0_0_0_0_0_0_0_0_0_0 = 9.71473e-05
Hl_0_0_l_0_0_0_0_0_0_0_0_0_0_0_0_0_0_0_0_0_0_0 = 9.20881e-05
Hl_0_0_l_0_0_0_0_0_0_0_0_0_0_0_0_0_0_0_0_0_0_0_0 = 8.85194e-05
Hr_0_0 = 0.00101213
I = 1
pi2_0_0_0_0 = 1.02443e-06
pi2_0_0_0_0_l_0 = 5.74372e-07
pi2_0_0_0_0_l_0_0 = 4.68148e-07
pi2_0_0_0_0_l_0_0_0 = 3.6157e-07
pi2_0_0_0_0_l_0_0_0_0 = 3.14717e-07
pi2_0_0_0_0_l_0_0_0_0_0 = 2.6504e-07
pi2_0_0_0_0_l_0_0_0_0_0_0 = 2.3854e-07
pi2_0_0_0_0_l_0_0_0_0_0_0_0 = 2.09513e-07
pi2_0_0_0_0_l_0_0_0_0_0_0_0_0 = 1.92441e-07
pi2_0_0_0_0_l_0_0_0_0_0_0_0_0_0 = 1.73336e-07
pi2_0_0_0_0_l_0_0_0_0_0_0_0_0_0_0 = 1.61411e-07
pi2_0_0_0_0_l_0_0_0_0_0_0_0_0_0_0_0 = 1.47861e-07
pi2_0_0_0_0_l_0_0_0_0_0_0_0_0_0_0_0_0 = 1.39057e-07
pi2_0_0_0_0_l_0_0_0_0_0_0_0_0_0_0_0_0_0 = 1.28937e-07
pi2_0_0_0_0_l_0_0_0_0_0_0_0_0_0_0_0_0_0_0 = 1.22169e-07
pi2_0_0_0_0_l_0_0_0_0_0_0_0_0_0_0_0_0_0_0_0 = 1.1432e-07
pi2_0_0_0_0_l_0_0_0_0_0_0_0_0_0_0_0_0_0_0_0_0 = 1.08954e-07
pi2_0_0_0_0_l_0_0_0_0_0_0_0_0_0_0_0_0_0_0_0_0_0 = 1.02687e-07
pi2_0_0_0_0_l_0_0_0_0_0_0_0_0_0_0_0_0_0_0_0_0_0_0 = 9.83274e-08
pi2_0_0_0_0_l_0_0_0_0_0_0_0_0_0_0_0_0_0_0_0_0_0_0_0 = 9.32067e-08
pi2_0_0_0_0_l_0_0_0_0_0_0_0_0_0_0_0_0_0_0_0_0_0_0_0_0 = 8.95946e-08
