DD_0_0 = 2.52991e-07
DD_0_0_l_0 = 1.40624e-07
DD_0_0_l_0_0 = 1.13853e-07
DD_0_0_l_0_0_0 = 8.72519e-08
DD_0_0_l_0_0_0_0 = 7.54453e-08
DD_0_0_l_0_0_0_0_0 = 6.30655e-08
DD_0_0_l_0_0_0_0_0_0 = 5.63923e-08
DD_0_0_l_0_0_0_0_0_0_0 = 4.91744e-08
DD_0_0_l_0_0_0_0_0_0_0_0 = 4.48805e-08
DD_0_0_l_0_0_0_0_0_0_0_0_0 = 4.01419e-08
DD_0_0_l_0_0_0_0_0_0_0_0_0_0 = 3.71473e-08
DD_0_0_l_0_0_0_0_0_0_0_0_0_0_0 = 3.37962e-08
DD_0_0_l_0_0_0_0_0_0_0_0_0_0_0_0 = 3.15895e-08
DD_0_0_l_0_0_0_0_0_0_0_0_0_0_0_0_0 = 2.90949e-08
DD_0_0_l_0_0_0_0_0_0_0_0_0_0_0_0_0_0 = 2.74021e-08
DD_0_0_l_0_0_0_0_0_0_0_0_0_0_0_0_0_0_0 = 2.54738e-08
DD_0_0_l_0_0_0_0_0_0_0_0_0_0_0_0_0_0_0_0 = 2.41349e-08
DD_0_0_l_0_0_0_0_0_0_0_0_0_0_0_0_0_0_0_0_0 = 2.26006e-08
DD_0_0_l_0_0_0_0_0_0_0_0_0_0_0_0_0_0_0_0_0_0 = 2.15159e-08
DD_0_0_l_0_0_0_0_0_0_0_0_0_0_0_0_0_0_0_0_0_0_0 = 2.02669e-08
DD_0_0_l_0_0_0_0_0_0_0_0_0_0_0_0_0_0_0_0_0_0_0_0 = 1.93707e-08
Dr_0_0 = -3.89576e-70
Dr_0_0_l_0 = 4.87951e-09
Dr_0_0_l_0_0 = 5.35862e-09
Dr_0_0_l_0_0_0 = 6.45472e-09
Dr_0_0_l_0_0_0_0 = 6.5278e-09
Dr_0_0_l_0_0_0_0_0 = 6.99994e-09
Dr_0_0_l_0_0_0_0_0_0 = 6.95495e-09
Dr_0_0_l_0_0_0_0_0_0_0 = 7.2005e-09
Dr_0_0_l_0_0_0_0_0_0_0_0 = 7.11154e-09
Dr_0_0_l_0_0_0_0_0_0_0_0_0 = 7.24868e-09
Dr_0_0_l_0_0_0_0_0_0_0_0_0_0 = 7.14219e-09
Dr_0_0_l_0_0_0_0_0_0_0_0_0_0_0 = 7.21939e-09
Dr_0_0_l_0_0_0_0_0_0_0_0_0_0_0_0 = 7.10661e-09
Dr_0_0_l_0_0_0_0_0_0_0_0_0_0_0_0_0 = 7.1476e-09
Dr_0_0_l_0_0_0_0_0_0_0_0_0_0_0_0_0_0 = 7.03379e-09
Dr_0_0_l_0_0_0_0_0_0_0_0_0_0_0_0_0_0_0 = 7.0516e-09
Dr_0_0_l_0_0_0_0_0_0_0_0_0_0_0_0_0_0_0_0 = 6.93937e-09
Dr_0_0_l_0_0_0_0_0_0_0_0_0_0_0_0_0_0_0_0_0 = 6.94173e-09
Dr_0_0_l_0_0_0_0_0_0_0_0_0_0_0_0_0_0_0_0_0_0 = 6.83241e-09
Dr_0_0_l_0_0_0_0_0_0_0_0_0_0_0_0_0_0_0_0_0_0_0 = 6.82419e-09
Dr_0_0_l_0_0_0_0_0_0_0_0_0_0_0_0_0_0_0_0_0_0_0_0 = 6.7184e-09
Dr_0_0_l_0_0_0_0_0_0_0_0_0_0_0_0_0_0_0_0_0_0_0_0_0 = 6.70282e-09
Hl_0_0 = 0.0101213
Hl_0_0_l_0 = 0.00567479
Hl_0_0_l_0_0 = 0.00462527
Hl_0_0_l_0_0_0 = 0.0035723
Hl_0_0_l_0_0_0_0 = 0.00310939
Hl_0_0_l_0_0_0_0_0 = 0.00261859
Hl_0_0_l_0_0_0_0_0_0 = 0.00235676
Hl_0_0_l_0_0_0_0_0_0_0 = 0.00206998
Hl_0_0_l_0_0_0_0_0_0_0_0 = 0.00190131
Hl_0_0_l_0_0_0_0_0_0_0_0_0 = 0.00171255
Hl_0_0_l_0_0_0_0_0_0_0_0_0_0 = 0.00159474
Hl_0_0_l_0_0_0_0_0_0_0_0_0_0_0 = 0.00146086
Hl_0_0_l_0_0_0_0_0_0_0_0_0_0_0_0 = 0.00137387
Hl_0_0_l_0_0_0_0_0_0_0_0_0_0_0_0_0 = 0.0012739
Hl_0_0_l_0_0_0_0_0_0_0_0_0_0_0_0_0_0 = 0.00120703
Hl_0_0_l_0_0_0_0_0_0_0_0_0_0_0_0_0_0_0 = 0.00112948
Hl_0_0_l_0_0_0_0_0_0_0_0_0_0_0_0_0_0_0_0 = 0.00107646
Hl_0_0_l_0_0_0_0_0_0_0_0_0_0_0_0_0_0_0_0_0 = 0.00101455
Hl_0_0_l_0_0_0_0_0_0_0_0_0_0_0_0_0_0_0_0_0_0 = 0.000971473
Hl_0_0_l_0_0_0_0_0_0_0_0_0_0_0_0_0_0_0_0_0_0_0 = 0.000920881
Hl_0_0_l_0_0_0_0_0_0_0_0_0_0_0_0_0_0_0_0_0_0_0_0 = 0.000885194
Hr_0_0 = 0.0101213
I = 1
pi2_0_0_0_0 = 0.000102443
pi2_0_0_0_0_l_0 = 5.74372e-05
pi2_0_0_0_0_l_0_0 = 4.68148e-05
pi2_0_0_0_0_l_0_0_0 = 3.6157e-05
pi2_0_0_0_0_l_0_0_0_0 = 3.14717e-05
pi2_0_0_0_0_l_0_0_0_0_0 = 2.6504e-05
pi2_0_0_0_0_l_0_0_0_0_0_0 = 2.3854e-05
pi2_0_0_0_0_l_0_0_0_0_0_0_0 = 2.09513e-05
pi2_0_0_0_0_l_0_0_0_0_0_0_0_0 = 1.92441e-05
pi2_0_0_0_0_l_0_0_0_0_0_0_0_0_0 = 1.73336e-05
pi2_0_0_0_0_l_0_0_0_0_0_0_0_0_0_0 = 1.61411e-05
pi2_0_0_0_0_l_0_0_0_0_0_0_0_0_0_0_0 = 1.47861e-05
pi2_0_0_0_0_l_0_0_0_0_0_0_0_0_0_0_0_0 = 1.39057e-05
pi2_0_0_0_0_l_0_0_0_0_0_0_0_0_0_0_0_0_0 = 1.28937e-05
pi2_0_0_0_0_l_0_0_0_0_0_0_0_0_0_0_0_0_0_0 = 1.22169e-05
pi2_0_0_0_0_l_0_0_0_0_0_0_0_0_0_0_0_0_0_0_0 = 1.1432e-05
pi2_0_0_0_0_l_0_0_0_0_0_0_0_0_0_0_0_0_0_0_0_0 = 1.08954e-05
pi2_0_0_0_0_l_0_0_0_0_0_0_0_0_0_0_0_0_0_0_0_0_0 = 1.02687e-05
pi2_0_0_0_0_l_0_0_0_0_0_0_0_0_0_0_0_0_0_0_0_0_0_0 = 9.83274e-06
pi2_0_0_0_0_l_0_0_0_0_0_0_0_0_0_0_0_0_0_0_0_0_0_0_0 = 9.32067e-06
pi2_0_0_0_0_l_0_0_0_0_0_0_0_0_0_0_0_0_0_0_0_0_0_0_0_0 = 8.95946e-06
