DD_0_0 = 2.52991e-07
DD_0_0_l_0 = 1.40624e-07
DD_0_0_l_0_0 = 1.13853e-07
Dr_0_0 = 6.97019e-69
Dr_0_0_l_0 = 4.87951e-09
Dr_0_0_l_0_0 = 5.35862e-09
Dr_0_0_l_0_0_0 = 6.45472e-09
Hl_0_0 = 0.0101213
Hl_0_0_l_0 = 0.00567479
Hl_0_0_l_0_0 = 0.00462527
Hr_0_0 = 0.0101213
I = 1
pi2_0_0_0_0 = 0.000102443
pi2_0_0_0_0_l_0 = 5.74372e-05
pi2_0_0_0_0_l_0_0 = 4.68148e-05
