DD_0_0 = 1.83562e-05
DD_0_0_l_0 = 6.6715e-06
DD_0_0_l_0_0 = 4.92468e-06
DD_0_0_l_0_0_0 = 2.99651e-06
DD_0_0_l_0_0_0_0 = 2.40273e-06
DD_0_0_l_0_0_0_0_0 = 1.7069e-06
DD_0_0_l_0_0_0_0_0_0 = 1.43437e-06
DD_0_0_l_0_0_0_0_0_0_0 = 1.10205e-06
DD_0_0_l_0_0_0_0_0_0_0_0 = 9.54635e-07
DD_0_0_l_0_0_0_0_0_0_0_0_0 = 7.69703e-07
DD_0_0_l_0_0_0_0_0_0_0_0_0_0 = 6.79005e-07
Dr_0_0 = 8.51532e-07
Dr_0_0_l_0 = 8.98847e-06
Dr_0_0_l_0_0 = 5.09615e-06
Dr_0_0_l_0_0_0 = 5.83986e-06
Dr_0_0_l_0_0_0_0 = 4.0331e-06
Dr_0_0_l_0_0_0_0_0 = 4.17431e-06
Dr_0_0_l_0_0_0_0_0_0 = 3.13879e-06
Dr_0_0_l_0_0_0_0_0_0_0 = 3.16812e-06
Dr_0_0_l_0_0_0_0_0_0_0_0 = 2.50236e-06
Dr_0_0_l_0_0_0_0_0_0_0_0_0 = 2.50565e-06
Dr_0_0_l_0_0_0_0_0_0_0_0_0_0 = 2.04526e-06
Dr_0_0_l_0_0_0_0_0_0_0_0_0_0_0 = 2.03668e-06
Hl_0_0 = 0.00974824
Hl_0_0_l_0 = 0.00556889
Hl_0_0_l_0_0 = 0.00453353
Hl_0_0_l_0_0_0 = 0.00352544
Hl_0_0_l_0_0_0_0 = 0.00306592
Hl_0_0_l_0_0_0_0_0 = 0.00259203
Hl_0_0_l_0_0_0_0_0_0 = 0.00233113
Hl_0_0_l_0_0_0_0_0_0_0 = 0.00205285
Hl_0_0_l_0_0_0_0_0_0_0_0 = 0.00188434
Hl_0_0_l_0_0_0_0_0_0_0_0_0 = 0.00170062
Hl_0_0_l_0_0_0_0_0_0_0_0_0_0 = 0.00158033
Hr_0_0 = 0.0101213
I = 1
pi2_0_0_0_0 = 0.000100503
pi2_0_0_0_0_l_0 = 5.72649e-05
pi2_0_0_0_0_l_0_0 = 4.63615e-05
pi2_0_0_0_0_l_0_0_0 = 3.60372e-05
pi2_0_0_0_0_l_0_0_0_0 = 3.12348e-05
pi2_0_0_0_0_l_0_0_0_0_0 = 2.6412e-05
pi2_0_0_0_0_l_0_0_0_0_0_0 = 2.36979e-05
pi2_0_0_0_0_l_0_0_0_0_0_0_0 = 2.08777e-05
pi2_0_0_0_0_l_0_0_0_0_0_0_0_0 = 1.91301e-05
pi2_0_0_0_0_l_0_0_0_0_0_0_0_0_0 = 1.72738e-05
pi2_0_0_0_0_l_0_0_0_0_0_0_0_0_0_0 = 1.60292e-05
