DD_0_0 = 1.83544e-05
DD_0_0_l_0 = 6.69181e-06
DD_0_0_l_0_0 = 4.80813e-06
Dr_0_0 = 8.51544e-07
Dr_0_0_l_0 = 8.98496e-06
Dr_0_0_l_0_0 = 5.19987e-06
Dr_0_0_l_0_0_0 = 5.74158e-06
Hl_0_0 = 0.00974812
Hl_0_0_l_0 = 0.00557182
Hl_0_0_l_0_0 = 0.00448139
Hr_0_0 = 0.0101213
I = 1
pi2_0_0_0_0 = 0.000100502
pi2_0_0_0_0_l_0 = 5.73156e-05
pi2_0_0_0_0_l_0_0 = 4.58147e-05
