DD_0_0 = 1.83562e-05
DD_0_0_l_0 = 6.6715e-06
DD_0_0_l_0_0 = 4.92468e-06
DD_0_0_l_0_0_0 = 2.99651e-06
DD_0_0_l_0_0_0_0 = 2.40273e-06
DD_0_0_l_0_0_0_0_0 = 1.7069e-06
DD_0_0_l_0_0_0_0_0_0 = 1.43437e-06
DD_0_0_l_0_0_0_0_0_0_0 = 1.10205e-06
DD_0_0_l_0_0_0_0_0_0_0_0 = 9.54636e-07
DD_0_0_l_0_0_0_0_0_0_0_0_0 = 7.69654e-07
DD_0_0_l_0_0_0_0_0_0_0_0_0_0 = 6.81069e-07
DD_0_0_l_0_0_0_0_0_0_0_0_0_0_0 = 5.67444e-07
DD_0_0_l_0_0_0_0_0_0_0_0_0_0_0_0 = 5.10137e-07
DD_0_0_l_0_0_0_0_0_0_0_0_0_0_0_0_0 = 4.35338e-07
DD_0_0_l_0_0_0_0_0_0_0_0_0_0_0_0_0_0 = 3.96179e-07
DD_0_0_l_0_0_0_0_0_0_0_0_0_0_0_0_0_0_0 = 3.44333e-07
DD_0_0_l_0_0_0_0_0_0_0_0_0_0_0_0_0_0_0_0 = 3.16416e-07
DD_0_0_l_0_0_0_0_0_0_0_0_0_0_0_0_0_0_0_0_0 = 2.79012e-07
DD_0_0_l_0_0_0_0_0_0_0_0_0_0_0_0_0_0_0_0_0_0 = 2.58427e-07
DD_0_0_l_0_0_0_0_0_0_0_0_0_0_0_0_0_0_0_0_0_0_0 = 2.30565e-07
DD_0_0_l_0_0_0_0_0_0_0_0_0_0_0_0_0_0_0_0_0_0_0_0 = 2.14758e-07
Dr_0_0 = 8.51532e-07
Dr_0_0_l_0 = 8.98847e-06
Dr_0_0_l_0_0 = 5.09615e-06
Dr_0_0_l_0_0_0 = 5.83986e-06
Dr_0_0_l_0_0_0_0 = 4.0331e-06
Dr_0_0_l_0_0_0_0_0 = 4.17431e-06
Dr_0_0_l_0_0_0_0_0_0 = 3.13879e-06
Dr_0_0_l_0_0_0_0_0_0_0 = 3.16812e-06
Dr_0_0_l_0_0_0_0_0_0_0_0 = 2.50236e-06
Dr_0_0_l_0_0_0_0_0_0_0_0_0 = 2.50566e-06
Dr_0_0_l_0_0_0_0_0_0_0_0_0_0 = 2.04476e-06
Dr_0_0_l_0_0_0_0_0_0_0_0_0_0_0 = 2.04244e-06
Dr_0_0_l_0_0_0_0_0_0_0_0_0_0_0_0 = 1.70627e-06
Dr_0_0_l_0_0_0_0_0_0_0_0_0_0_0_0_0 = 1.70374e-06
Dr_0_0_l_0_0_0_0_0_0_0_0_0_0_0_0_0_0 = 1.44882e-06
Dr_0_0_l_0_0_0_0_0_0_0_0_0_0_0_0_0_0_0 = 1.44741e-06
Dr_0_0_l_0_0_0_0_0_0_0_0_0_0_0_0_0_0_0_0 = 1.24816e-06
Dr_0_0_l_0_0_0_0_0_0_0_0_0_0_0_0_0_0_0_0_0 = 1.24802e-06
Dr_0_0_l_0_0_0_0_0_0_0_0_0_0_0_0_0_0_0_0_0_0 = 1.08846e-06
Dr_0_0_l_0_0_0_0_0_0_0_0_0_0_0_0_0_0_0_0_0_0_0 = 1.0894e-06
Dr_0_0_l_0_0_0_0_0_0_0_0_0_0_0_0_0_0_0_0_0_0_0_0 = 9.59101e-07
Dr_0_0_l_0_0_0_0_0_0_0_0_0_0_0_0_0_0_0_0_0_0_0_0_0 = 9.59847e-07
Hl_0_0 = 0.00974824
Hl_0_0_l_0 = 0.00556889
Hl_0_0_l_0_0 = 0.00453353
Hl_0_0_l_0_0_0 = 0.00352544
Hl_0_0_l_0_0_0_0 = 0.00306592
Hl_0_0_l_0_0_0_0_0 = 0.00259203
Hl_0_0_l_0_0_0_0_0_0 = 0.00233113
Hl_0_0_l_0_0_0_0_0_0_0 = 0.00205285
Hl_0_0_l_0_0_0_0_0_0_0_0 = 0.00188434
Hl_0_0_l_0_0_0_0_0_0_0_0_0 = 0.00170057
Hl_0_0_l_0_0_0_0_0_0_0_0_0_0 = 0.00158265
Hl_0_0_l_0_0_0_0_0_0_0_0_0_0_0 = 0.00145201
Hl_0_0_l_0_0_0_0_0_0_0_0_0_0_0_0 = 0.00136482
Hl_0_0_l_0_0_0_0_0_0_0_0_0_0_0_0_0 = 0.00126709
Hl_0_0_l_0_0_0_0_0_0_0_0_0_0_0_0_0_0 = 0.00119999
Hl_0_0_l_0_0_0_0_0_0_0_0_0_0_0_0_0_0_0 = 0.00112408
Hl_0_0_l_0_0_0_0_0_0_0_0_0_0_0_0_0_0_0_0 = 0.00107083
Hl_0_0_l_0_0_0_0_0_0_0_0_0_0_0_0_0_0_0_0_0 = 0.00101016
Hl_0_0_l_0_0_0_0_0_0_0_0_0_0_0_0_0_0_0_0_0_0 = 0.000966865
Hl_0_0_l_0_0_0_0_0_0_0_0_0_0_0_0_0_0_0_0_0_0_0 = 0.000917247
Hl_0_0_l_0_0_0_0_0_0_0_0_0_0_0_0_0_0_0_0_0_0_0_0 = 0.000880964
Hr_0_0 = 0.0101213
I = 1
pi2_0_0_0_0 = 0.000100503
pi2_0_0_0_0_l_0 = 5.72649e-05
pi2_0_0_0_0_l_0_0 = 4.63615e-05
pi2_0_0_0_0_l_0_0_0 = 3.60372e-05
pi2_0_0_0_0_l_0_0_0_0 = 3.12348e-05
pi2_0_0_0_0_l_0_0_0_0_0 = 2.6412e-05
pi2_0_0_0_0_l_0_0_0_0_0_0 = 2.36979e-05
pi2_0_0_0_0_l_0_0_0_0_0_0_0 = 2.08777e-05
pi2_0_0_0_0_l_0_0_0_0_0_0_0_0 = 1.91301e-05
pi2_0_0_0_0_l_0_0_0_0_0_0_0_0_0 = 1.72732e-05
pi2_0_0_0_0_l_0_0_0_0_0_0_0_0_0_0 = 1.60528e-05
pi2_0_0_0_0_l_0_0_0_0_0_0_0_0_0_0_0 = 1.47356e-05
pi2_0_0_0_0_l_0_0_0_0_0_0_0_0_0_0_0_0 = 1.38347e-05
pi2_0_0_0_0_l_0_0_0_0_0_0_0_0_0_0_0_0_0 = 1.28509e-05
pi2_0_0_0_0_l_0_0_0_0_0_0_0_0_0_0_0_0_0_0 = 1.21583e-05
pi2_0_0_0_0_l_0_0_0_0_0_0_0_0_0_0_0_0_0_0_0 = 1.13952e-05
pi2_0_0_0_0_l_0_0_0_0_0_0_0_0_0_0_0_0_0_0_0_0 = 1.0846e-05
pi2_0_0_0_0_l_0_0_0_0_0_0_0_0_0_0_0_0_0_0_0_0_0 = 1.02366e-05
pi2_0_0_0_0_l_0_0_0_0_0_0_0_0_0_0_0_0_0_0_0_0_0_0 = 9.79044e-06
pi2_0_0_0_0_l_0_0_0_0_0_0_0_0_0_0_0_0_0_0_0_0_0_0_0 = 9.2925e-06
pi2_0_0_0_0_l_0_0_0_0_0_0_0_0_0_0_0_0_0_0_0_0_0_0_0_0 = 8.91885e-06
