DD_0_0 = 1.83562e-05
DD_0_0_l_0 = 6.6715e-06
DD_0_0_l_0_0 = 4.92468e-06
DD_0_0_l_0_0_0 = 2.99654e-06
DD_0_0_l_0_0_0_0 = 2.40243e-06
DD_0_0_l_0_0_0_0_0 = 1.69769e-06
Dr_0_0 = 8.51532e-07
Dr_0_0_l_0 = 8.98847e-06
Dr_0_0_l_0_0 = 5.09615e-06
Dr_0_0_l_0_0_0 = 5.83984e-06
Dr_0_0_l_0_0_0_0 = 4.03362e-06
Dr_0_0_l_0_0_0_0_0 = 4.15756e-06
Dr_0_0_l_0_0_0_0_0_0 = 3.13613e-06
Hl_0_0 = 0.00974824
Hl_0_0_l_0 = 0.00556889
Hl_0_0_l_0_0 = 0.00453353
Hl_0_0_l_0_0_0 = 0.00352542
Hl_0_0_l_0_0_0_0 = 0.00306623
Hl_0_0_l_0_0_0_0_0 = 0.0025838
Hr_0_0 = 0.0101213
I = 1
pi2_0_0_0_0 = 0.000100503
pi2_0_0_0_0_l_0 = 5.72649e-05
pi2_0_0_0_0_l_0_0 = 4.63615e-05
pi2_0_0_0_0_l_0_0_0 = 3.60372e-05
pi2_0_0_0_0_l_0_0_0_0 = 3.12353e-05
pi2_0_0_0_0_l_0_0_0_0_0 = 2.63285e-05
