DD_0_0 = 1.83562e-07
DD_0_0_l_0 = 6.67151e-08
DD_0_0_l_0_0 = 4.92468e-08
DD_0_0_l_0_0_0 = 2.99654e-08
DD_0_0_l_0_0_0_0 = 2.40243e-08
DD_0_0_l_0_0_0_0_0 = 1.69769e-08
Dr_0_0 = 8.51532e-09
Dr_0_0_l_0 = 8.98848e-08
Dr_0_0_l_0_0 = 5.09616e-08
Dr_0_0_l_0_0_0 = 5.83984e-08
Dr_0_0_l_0_0_0_0 = 4.03363e-08
Dr_0_0_l_0_0_0_0_0 = 4.15757e-08
Dr_0_0_l_0_0_0_0_0_0 = 3.13613e-08
Hl_0_0 = 0.000974824
Hl_0_0_l_0 = 0.000556889
Hl_0_0_l_0_0 = 0.000453353
Hl_0_0_l_0_0_0 = 0.000352542
Hl_0_0_l_0_0_0_0 = 0.000306623
Hl_0_0_l_0_0_0_0_0 = 0.00025838
Hr_0_0 = 0.00101213
I = 1
pi2_0_0_0_0 = 1.00503e-06
pi2_0_0_0_0_l_0 = 5.72649e-07
pi2_0_0_0_0_l_0_0 = 4.63615e-07
pi2_0_0_0_0_l_0_0_0 = 3.60372e-07
pi2_0_0_0_0_l_0_0_0_0 = 3.12354e-07
pi2_0_0_0_0_l_0_0_0_0_0 = 2.63285e-07
