DD_0_0 = 1.82457e-05
DD_0_0_l_0 = 6.64492e-06
DD_0_0_l_0_0 = 4.90325e-06
DD_0_0_l_0_0_0 = 2.98655e-06
DD_0_0_l_0_0_0_0 = 2.39419e-06
DD_0_0_l_0_0_0_0_0 = 1.70199e-06
DD_0_0_l_0_0_0_0_0_0 = 1.42999e-06
DD_0_0_l_0_0_0_0_0_0_0 = 1.09924e-06
DD_0_0_l_0_0_0_0_0_0_0_0 = 9.52062e-07
DD_0_0_l_0_0_0_0_0_0_0_0_0 = 7.67932e-07
DD_0_0_l_0_0_0_0_0_0_0_0_0_0 = 6.77363e-07
Dr_0_0 = 8.45159e-07
Dr_0_0_l_0 = 8.92021e-06
Dr_0_0_l_0_0 = 5.06931e-06
Dr_0_0_l_0_0_0 = 5.80341e-06
Dr_0_0_l_0_0_0_0 = 4.01388e-06
Dr_0_0_l_0_0_0_0_0 = 4.15117e-06
Dr_0_0_l_0_0_0_0_0_0 = 3.1249e-06
Dr_0_0_l_0_0_0_0_0_0_0 = 3.15199e-06
Dr_0_0_l_0_0_0_0_0_0_0_0 = 2.49193e-06
Dr_0_0_l_0_0_0_0_0_0_0_0_0 = 2.49372e-06
Dr_0_0_l_0_0_0_0_0_0_0_0_0_0 = 2.03713e-06
Dr_0_0_l_0_0_0_0_0_0_0_0_0_0_0 = 2.02751e-06
Hl_0_0 = 0.00974824
Hl_0_0_l_0 = 0.00556889
Hl_0_0_l_0_0 = 0.00453353
Hl_0_0_l_0_0_0 = 0.00352544
Hl_0_0_l_0_0_0_0 = 0.00306592
Hl_0_0_l_0_0_0_0_0 = 0.00259203
Hl_0_0_l_0_0_0_0_0_0 = 0.00233113
Hl_0_0_l_0_0_0_0_0_0_0 = 0.00205285
Hl_0_0_l_0_0_0_0_0_0_0_0 = 0.00188434
Hl_0_0_l_0_0_0_0_0_0_0_0_0 = 0.00170062
Hl_0_0_l_0_0_0_0_0_0_0_0_0_0 = 0.00158033
Hr_0_0 = 0.0101213
I = 1
pi2_0_0_0_0 = 0.000100492
pi2_0_0_0_0_l_0 = 5.72608e-05
pi2_0_0_0_0_l_0_0 = 4.63599e-05
pi2_0_0_0_0_l_0_0_0 = 3.60359e-05
pi2_0_0_0_0_l_0_0_0_0 = 3.12345e-05
pi2_0_0_0_0_l_0_0_0_0_0 = 2.64115e-05
pi2_0_0_0_0_l_0_0_0_0_0_0 = 2.36979e-05
pi2_0_0_0_0_l_0_0_0_0_0_0_0 = 2.08775e-05
pi2_0_0_0_0_l_0_0_0_0_0_0_0_0 = 1.91302e-05
pi2_0_0_0_0_l_0_0_0_0_0_0_0_0_0 = 1.72737e-05
pi2_0_0_0_0_l_0_0_0_0_0_0_0_0_0_0 = 1.60293e-05
