DD_0_0 = 1.82439e-07
DD_0_0_l_0 = 6.66505e-08
DD_0_0_l_0_0 = 4.78746e-08
Dr_0_0 = 8.45171e-09
Dr_0_0_l_0 = 8.91674e-08
Dr_0_0_l_0_0 = 5.17225e-08
Dr_0_0_l_0_0_0 = 5.70608e-08
Hl_0_0 = 0.000974812
Hl_0_0_l_0 = 0.000557182
Hl_0_0_l_0_0 = 0.000448139
Hr_0_0 = 0.00101213
I = 1
pi2_0_0_0_0 = 1.0049e-06
pi2_0_0_0_0_l_0 = 5.73115e-07
pi2_0_0_0_0_l_0_0 = 4.58133e-07
