DD_0_0 = 1.82457e-05
DD_0_0_l_0 = 6.64492e-06
DD_0_0_l_0_0 = 4.90325e-06
DD_0_0_l_0_0_0 = 2.98655e-06
DD_0_0_l_0_0_0_0 = 2.39419e-06
DD_0_0_l_0_0_0_0_0 = 1.70199e-06
DD_0_0_l_0_0_0_0_0_0 = 1.42999e-06
DD_0_0_l_0_0_0_0_0_0_0 = 1.09924e-06
DD_0_0_l_0_0_0_0_0_0_0_0 = 9.52063e-07
DD_0_0_l_0_0_0_0_0_0_0_0_0 = 7.67884e-07
DD_0_0_l_0_0_0_0_0_0_0_0_0_0 = 6.79418e-07
DD_0_0_l_0_0_0_0_0_0_0_0_0_0_0 = 5.66253e-07
DD_0_0_l_0_0_0_0_0_0_0_0_0_0_0_0 = 5.0901e-07
DD_0_0_l_0_0_0_0_0_0_0_0_0_0_0_0_0 = 4.34497e-07
DD_0_0_l_0_0_0_0_0_0_0_0_0_0_0_0_0_0 = 3.95374e-07
DD_0_0_l_0_0_0_0_0_0_0_0_0_0_0_0_0_0_0 = 3.43715e-07
DD_0_0_l_0_0_0_0_0_0_0_0_0_0_0_0_0_0_0_0 = 3.1582e-07
DD_0_0_l_0_0_0_0_0_0_0_0_0_0_0_0_0_0_0_0_0 = 2.78544e-07
DD_0_0_l_0_0_0_0_0_0_0_0_0_0_0_0_0_0_0_0_0_0 = 2.57973e-07
DD_0_0_l_0_0_0_0_0_0_0_0_0_0_0_0_0_0_0_0_0_0_0 = 2.30202e-07
DD_0_0_l_0_0_0_0_0_0_0_0_0_0_0_0_0_0_0_0_0_0_0_0 = 2.14404e-07
Dr_0_0 = 8.45159e-07
Dr_0_0_l_0 = 8.92021e-06
Dr_0_0_l_0_0 = 5.06931e-06
Dr_0_0_l_0_0_0 = 5.80341e-06
Dr_0_0_l_0_0_0_0 = 4.01388e-06
Dr_0_0_l_0_0_0_0_0 = 4.15117e-06
Dr_0_0_l_0_0_0_0_0_0 = 3.1249e-06
Dr_0_0_l_0_0_0_0_0_0_0 = 3.15199e-06
Dr_0_0_l_0_0_0_0_0_0_0_0 = 2.49193e-06
Dr_0_0_l_0_0_0_0_0_0_0_0_0 = 2.49373e-06
Dr_0_0_l_0_0_0_0_0_0_0_0_0_0 = 2.03664e-06
Dr_0_0_l_0_0_0_0_0_0_0_0_0_0_0 = 2.03323e-06
Dr_0_0_l_0_0_0_0_0_0_0_0_0_0_0_0 = 1.69978e-06
Dr_0_0_l_0_0_0_0_0_0_0_0_0_0_0_0_0 = 1.6964e-06
Dr_0_0_l_0_0_0_0_0_0_0_0_0_0_0_0_0_0 = 1.44351e-06
Dr_0_0_l_0_0_0_0_0_0_0_0_0_0_0_0_0_0_0 = 1.44142e-06
Dr_0_0_l_0_0_0_0_0_0_0_0_0_0_0_0_0_0_0_0 = 1.24373e-06
Dr_0_0_l_0_0_0_0_0_0_0_0_0_0_0_0_0_0_0_0_0 = 1.24303e-06
Dr_0_0_l_0_0_0_0_0_0_0_0_0_0_0_0_0_0_0_0_0_0 = 1.08471e-06
Dr_0_0_l_0_0_0_0_0_0_0_0_0_0_0_0_0_0_0_0_0_0_0 = 1.08517e-06
Dr_0_0_l_0_0_0_0_0_0_0_0_0_0_0_0_0_0_0_0_0_0_0_0 = 9.55883e-07
Dr_0_0_l_0_0_0_0_0_0_0_0_0_0_0_0_0_0_0_0_0_0_0_0_0 = 9.56233e-07
Hl_0_0 = 0.00974824
Hl_0_0_l_0 = 0.00556889
Hl_0_0_l_0_0 = 0.00453353
Hl_0_0_l_0_0_0 = 0.00352544
Hl_0_0_l_0_0_0_0 = 0.00306592
Hl_0_0_l_0_0_0_0_0 = 0.00259203
Hl_0_0_l_0_0_0_0_0_0 = 0.00233113
Hl_0_0_l_0_0_0_0_0_0_0 = 0.00205285
Hl_0_0_l_0_0_0_0_0_0_0_0 = 0.00188434
Hl_0_0_l_0_0_0_0_0_0_0_0_0 = 0.00170057
Hl_0_0_l_0_0_0_0_0_0_0_0_0_0 = 0.00158265
Hl_0_0_l_0_0_0_0_0_0_0_0_0_0_0 = 0.00145201
Hl_0_0_l_0_0_0_0_0_0_0_0_0_0_0_0 = 0.00136482
Hl_0_0_l_0_0_0_0_0_0_0_0_0_0_0_0_0 = 0.00126709
Hl_0_0_l_0_0_0_0_0_0_0_0_0_0_0_0_0_0 = 0.00119999
Hl_0_0_l_0_0_0_0_0_0_0_0_0_0_0_0_0_0_0 = 0.00112408
Hl_0_0_l_0_0_0_0_0_0_0_0_0_0_0_0_0_0_0_0 = 0.00107083
Hl_0_0_l_0_0_0_0_0_0_0_0_0_0_0_0_0_0_0_0_0 = 0.00101016
Hl_0_0_l_0_0_0_0_0_0_0_0_0_0_0_0_0_0_0_0_0_0 = 0.000966865
Hl_0_0_l_0_0_0_0_0_0_0_0_0_0_0_0_0_0_0_0_0_0_0 = 0.000917247
Hl_0_0_l_0_0_0_0_0_0_0_0_0_0_0_0_0_0_0_0_0_0_0_0 = 0.000880964
Hr_0_0 = 0.0101213
I = 1
pi2_0_0_0_0 = 0.000100492
pi2_0_0_0_0_l_0 = 5.72608e-05
pi2_0_0_0_0_l_0_0 = 4.63599e-05
pi2_0_0_0_0_l_0_0_0 = 3.60359e-05
pi2_0_0_0_0_l_0_0_0_0 = 3.12345e-05
pi2_0_0_0_0_l_0_0_0_0_0 = 2.64115e-05
pi2_0_0_0_0_l_0_0_0_0_0_0 = 2.36979e-05
pi2_0_0_0_0_l_0_0_0_0_0_0_0 = 2.08775e-05
pi2_0_0_0_0_l_0_0_0_0_0_0_0_0 = 1.91302e-05
pi2_0_0_0_0_l_0_0_0_0_0_0_0_0_0 = 1.72732e-05
pi2_0_0_0_0_l_0_0_0_0_0_0_0_0_0_0 = 1.6053e-05
pi2_0_0_0_0_l_0_0_0_0_0_0_0_0_0_0_0 = 1.47356e-05
pi2_0_0_0_0_l_0_0_0_0_0_0_0_0_0_0_0_0 = 1.38348e-05
pi2_0_0_0_0_l_0_0_0_0_0_0_0_0_0_0_0_0_0 = 1.28509e-05
pi2_0_0_0_0_l_0_0_0_0_0_0_0_0_0_0_0_0_0_0 = 1.21584e-05
pi2_0_0_0_0_l_0_0_0_0_0_0_0_0_0_0_0_0_0_0_0 = 1.13952e-05
pi2_0_0_0_0_l_0_0_0_0_0_0_0_0_0_0_0_0_0_0_0_0 = 1.08461e-05
pi2_0_0_0_0_l_0_0_0_0_0_0_0_0_0_0_0_0_0_0_0_0_0 = 1.02366e-05
pi2_0_0_0_0_l_0_0_0_0_0_0_0_0_0_0_0_0_0_0_0_0_0_0 = 9.79054e-06
pi2_0_0_0_0_l_0_0_0_0_0_0_0_0_0_0_0_0_0_0_0_0_0_0_0 = 9.29253e-06
pi2_0_0_0_0_l_0_0_0_0_0_0_0_0_0_0_0_0_0_0_0_0_0_0_0_0 = 8.91893e-06
