DD_0_0 = 1.82439e-05
DD_0_0_l_0 = 6.66505e-06
DD_0_0_l_0_0 = 4.78745e-06
Dr_0_0 = 8.4517e-07
Dr_0_0_l_0 = 8.91673e-06
Dr_0_0_l_0_0 = 5.17225e-06
Dr_0_0_l_0_0_0 = 5.70608e-06
Hl_0_0 = 0.00974812
Hl_0_0_l_0 = 0.00557182
Hl_0_0_l_0_0 = 0.00448139
Hr_0_0 = 0.0101213
I = 1
pi2_0_0_0_0 = 0.00010049
pi2_0_0_0_0_l_0 = 5.73114e-05
pi2_0_0_0_0_l_0_0 = 4.58133e-05
