DD_0_0 = 1.82457e-05
DD_0_0_l_0 = 6.64492e-06
DD_0_0_l_0_0 = 4.90324e-06
DD_0_0_l_0_0_0 = 2.98659e-06
DD_0_0_l_0_0_0_0 = 2.39389e-06
DD_0_0_l_0_0_0_0_0 = 1.6928e-06
Dr_0_0 = 8.45159e-07
Dr_0_0_l_0 = 8.92021e-06
Dr_0_0_l_0_0 = 5.06932e-06
Dr_0_0_l_0_0_0 = 5.80339e-06
Dr_0_0_l_0_0_0_0 = 4.01439e-06
Dr_0_0_l_0_0_0_0_0 = 4.13463e-06
Dr_0_0_l_0_0_0_0_0_0 = 3.1222e-06
Hl_0_0 = 0.00974824
Hl_0_0_l_0 = 0.00556889
Hl_0_0_l_0_0 = 0.00453353
Hl_0_0_l_0_0_0 = 0.00352542
Hl_0_0_l_0_0_0_0 = 0.00306623
Hl_0_0_l_0_0_0_0_0 = 0.0025838
Hr_0_0 = 0.0101213
I = 1
pi2_0_0_0_0 = 0.000100492
pi2_0_0_0_0_l_0 = 5.72608e-05
pi2_0_0_0_0_l_0_0 = 4.63599e-05
pi2_0_0_0_0_l_0_0_0 = 3.60359e-05
pi2_0_0_0_0_l_0_0_0_0 = 3.1235e-05
pi2_0_0_0_0_l_0_0_0_0_0 = 2.6328e-05
