DD_0_0 = 1.72041e-05
DD_0_0_l_0 = 6.38943e-06
DD_0_0_l_0_0 = 4.6992e-06
DD_0_0_l_0_0_0 = 2.89054e-06
DD_0_0_l_0_0_0_0 = 2.31242e-06
DD_0_0_l_0_0_0_0_0 = 1.65451e-06
DD_0_0_l_0_0_0_0_0_0 = 1.38793e-06
DD_0_0_l_0_0_0_0_0_0_0 = 1.072e-06
DD_0_0_l_0_0_0_0_0_0_0_0 = 9.27284e-07
DD_0_0_l_0_0_0_0_0_0_0_0_0 = 7.50751e-07
DD_0_0_l_0_0_0_0_0_0_0_0_0_0 = 6.61514e-07
Dr_0_0 = 7.85189e-07
Dr_0_0_l_0 = 8.27817e-06
Dr_0_0_l_0_0 = 4.81201e-06
Dr_0_0_l_0_0_0 = 5.45827e-06
Dr_0_0_l_0_0_0_0 = 3.8291e-06
Dr_0_0_l_0_0_0_0_0 = 3.93125e-06
Dr_0_0_l_0_0_0_0_0_0 = 2.99117e-06
Dr_0_0_l_0_0_0_0_0_0_0 = 2.9983e-06
Dr_0_0_l_0_0_0_0_0_0_0_0 = 2.39134e-06
Dr_0_0_l_0_0_0_0_0_0_0_0_0 = 2.37976e-06
Dr_0_0_l_0_0_0_0_0_0_0_0_0_0 = 1.95867e-06
Dr_0_0_l_0_0_0_0_0_0_0_0_0_0_0 = 1.93982e-06
Hl_0_0 = 0.00974824
Hl_0_0_l_0 = 0.00556889
Hl_0_0_l_0_0 = 0.00453353
Hl_0_0_l_0_0_0 = 0.00352544
Hl_0_0_l_0_0_0_0 = 0.00306592
Hl_0_0_l_0_0_0_0_0 = 0.00259203
Hl_0_0_l_0_0_0_0_0_0 = 0.00233113
Hl_0_0_l_0_0_0_0_0_0_0 = 0.00205285
Hl_0_0_l_0_0_0_0_0_0_0_0 = 0.00188434
Hl_0_0_l_0_0_0_0_0_0_0_0_0 = 0.00170062
Hl_0_0_l_0_0_0_0_0_0_0_0_0_0 = 0.00158033
Hr_0_0 = 0.0101213
I = 1
pi2_0_0_0_0 = 0.000100382
pi2_0_0_0_0_l_0 = 5.72218e-05
pi2_0_0_0_0_l_0_0 = 4.63448e-05
pi2_0_0_0_0_l_0_0_0 = 3.60237e-05
pi2_0_0_0_0_l_0_0_0_0 = 3.12312e-05
pi2_0_0_0_0_l_0_0_0_0_0 = 2.64066e-05
pi2_0_0_0_0_l_0_0_0_0_0_0 = 2.36977e-05
pi2_0_0_0_0_l_0_0_0_0_0_0_0 = 2.08754e-05
pi2_0_0_0_0_l_0_0_0_0_0_0_0_0 = 1.9131e-05
pi2_0_0_0_0_l_0_0_0_0_0_0_0_0_0 = 1.72728e-05
pi2_0_0_0_0_l_0_0_0_0_0_0_0_0_0_0 = 1.60304e-05
