DD_0_0 = 1.72026e-05
DD_0_0_l_0 = 6.40783e-06
DD_0_0_l_0_0 = 4.59053e-06
Dr_0_0 = 7.85202e-07
Dr_0_0_l_0 = 8.275e-06
Dr_0_0_l_0_0 = 4.90757e-06
Dr_0_0_l_0_0_0 = 5.36964e-06
Hl_0_0 = 0.00974812
Hl_0_0_l_0 = 0.00557182
Hl_0_0_l_0_0 = 0.00448139
Hr_0_0 = 0.0101213
I = 1
pi2_0_0_0_0 = 0.000100381
pi2_0_0_0_0_l_0 = 5.7271e-05
pi2_0_0_0_0_l_0_0 = 4.57995e-05
