DD_0_0 = 1.72041e-05
DD_0_0_l_0 = 6.38943e-06
DD_0_0_l_0_0 = 4.6992e-06
DD_0_0_l_0_0_0 = 2.89054e-06
DD_0_0_l_0_0_0_0 = 2.31242e-06
DD_0_0_l_0_0_0_0_0 = 1.65451e-06
DD_0_0_l_0_0_0_0_0_0 = 1.38793e-06
DD_0_0_l_0_0_0_0_0_0_0 = 1.072e-06
DD_0_0_l_0_0_0_0_0_0_0_0 = 9.27285e-07
DD_0_0_l_0_0_0_0_0_0_0_0_0 = 7.50707e-07
DD_0_0_l_0_0_0_0_0_0_0_0_0_0 = 6.63491e-07
DD_0_0_l_0_0_0_0_0_0_0_0_0_0_0 = 5.54683e-07
DD_0_0_l_0_0_0_0_0_0_0_0_0_0_0_0 = 4.98123e-07
DD_0_0_l_0_0_0_0_0_0_0_0_0_0_0_0_0 = 4.26312e-07
DD_0_0_l_0_0_0_0_0_0_0_0_0_0_0_0_0_0 = 3.87583e-07
DD_0_0_l_0_0_0_0_0_0_0_0_0_0_0_0_0_0_0 = 3.37702e-07
DD_0_0_l_0_0_0_0_0_0_0_0_0_0_0_0_0_0_0_0 = 3.10044e-07
DD_0_0_l_0_0_0_0_0_0_0_0_0_0_0_0_0_0_0_0_0 = 2.73991e-07
DD_0_0_l_0_0_0_0_0_0_0_0_0_0_0_0_0_0_0_0_0_0 = 2.53565e-07
DD_0_0_l_0_0_0_0_0_0_0_0_0_0_0_0_0_0_0_0_0_0_0 = 2.26668e-07
DD_0_0_l_0_0_0_0_0_0_0_0_0_0_0_0_0_0_0_0_0_0_0_0 = 2.10967e-07
Dr_0_0 = 7.85189e-07
Dr_0_0_l_0 = 8.27817e-06
Dr_0_0_l_0_0 = 4.81201e-06
Dr_0_0_l_0_0_0 = 5.45827e-06
Dr_0_0_l_0_0_0_0 = 3.8291e-06
Dr_0_0_l_0_0_0_0_0 = 3.93125e-06
Dr_0_0_l_0_0_0_0_0_0 = 2.99117e-06
Dr_0_0_l_0_0_0_0_0_0_0 = 2.9983e-06
Dr_0_0_l_0_0_0_0_0_0_0_0 = 2.39134e-06
Dr_0_0_l_0_0_0_0_0_0_0_0_0 = 2.37977e-06
Dr_0_0_l_0_0_0_0_0_0_0_0_0_0 = 1.95836e-06
Dr_0_0_l_0_0_0_0_0_0_0_0_0_0_0 = 1.94512e-06
Dr_0_0_l_0_0_0_0_0_0_0_0_0_0_0_0 = 1.63713e-06
Dr_0_0_l_0_0_0_0_0_0_0_0_0_0_0_0_0 = 1.62612e-06
Dr_0_0_l_0_0_0_0_0_0_0_0_0_0_0_0_0_0 = 1.39222e-06
Dr_0_0_l_0_0_0_0_0_0_0_0_0_0_0_0_0_0_0 = 1.38398e-06
Dr_0_0_l_0_0_0_0_0_0_0_0_0_0_0_0_0_0_0_0 = 1.20095e-06
Dr_0_0_l_0_0_0_0_0_0_0_0_0_0_0_0_0_0_0_0_0 = 1.19517e-06
Dr_0_0_l_0_0_0_0_0_0_0_0_0_0_0_0_0_0_0_0_0_0 = 1.04848e-06
Dr_0_0_l_0_0_0_0_0_0_0_0_0_0_0_0_0_0_0_0_0_0_0 = 1.04466e-06
Dr_0_0_l_0_0_0_0_0_0_0_0_0_0_0_0_0_0_0_0_0_0_0_0 = 9.24757e-07
Dr_0_0_l_0_0_0_0_0_0_0_0_0_0_0_0_0_0_0_0_0_0_0_0_0 = 9.21542e-07
Hl_0_0 = 0.00974824
Hl_0_0_l_0 = 0.00556889
Hl_0_0_l_0_0 = 0.00453353
Hl_0_0_l_0_0_0 = 0.00352544
Hl_0_0_l_0_0_0_0 = 0.00306592
Hl_0_0_l_0_0_0_0_0 = 0.00259203
Hl_0_0_l_0_0_0_0_0_0 = 0.00233113
Hl_0_0_l_0_0_0_0_0_0_0 = 0.00205285
Hl_0_0_l_0_0_0_0_0_0_0_0 = 0.00188434
Hl_0_0_l_0_0_0_0_0_0_0_0_0 = 0.00170057
Hl_0_0_l_0_0_0_0_0_0_0_0_0_0 = 0.00158265
Hl_0_0_l_0_0_0_0_0_0_0_0_0_0_0 = 0.00145201
Hl_0_0_l_0_0_0_0_0_0_0_0_0_0_0_0 = 0.00136482
Hl_0_0_l_0_0_0_0_0_0_0_0_0_0_0_0_0 = 0.00126709
Hl_0_0_l_0_0_0_0_0_0_0_0_0_0_0_0_0_0 = 0.00119999
Hl_0_0_l_0_0_0_0_0_0_0_0_0_0_0_0_0_0_0 = 0.00112408
Hl_0_0_l_0_0_0_0_0_0_0_0_0_0_0_0_0_0_0_0 = 0.00107083
Hl_0_0_l_0_0_0_0_0_0_0_0_0_0_0_0_0_0_0_0_0 = 0.00101016
Hl_0_0_l_0_0_0_0_0_0_0_0_0_0_0_0_0_0_0_0_0_0 = 0.000966865
Hl_0_0_l_0_0_0_0_0_0_0_0_0_0_0_0_0_0_0_0_0_0_0 = 0.000917247
Hl_0_0_l_0_0_0_0_0_0_0_0_0_0_0_0_0_0_0_0_0_0_0_0 = 0.000880964
Hr_0_0 = 0.0101213
I = 1
pi2_0_0_0_0 = 0.000100382
pi2_0_0_0_0_l_0 = 5.72218e-05
pi2_0_0_0_0_l_0_0 = 4.63448e-05
pi2_0_0_0_0_l_0_0_0 = 3.60237e-05
pi2_0_0_0_0_l_0_0_0_0 = 3.12312e-05
pi2_0_0_0_0_l_0_0_0_0_0 = 2.64066e-05
pi2_0_0_0_0_l_0_0_0_0_0_0 = 2.36977e-05
pi2_0_0_0_0_l_0_0_0_0_0_0_0 = 2.08754e-05
pi2_0_0_0_0_l_0_0_0_0_0_0_0_0 = 1.9131e-05
pi2_0_0_0_0_l_0_0_0_0_0_0_0_0_0 = 1.72723e-05
pi2_0_0_0_0_l_0_0_0_0_0_0_0_0_0_0 = 1.6054e-05
pi2_0_0_0_0_l_0_0_0_0_0_0_0_0_0_0_0 = 1.47353e-05
pi2_0_0_0_0_l_0_0_0_0_0_0_0_0_0_0_0_0 = 1.38359e-05
pi2_0_0_0_0_l_0_0_0_0_0_0_0_0_0_0_0_0_0 = 1.28509e-05
pi2_0_0_0_0_l_0_0_0_0_0_0_0_0_0_0_0_0_0_0 = 1.21595e-05
pi2_0_0_0_0_l_0_0_0_0_0_0_0_0_0_0_0_0_0_0_0 = 1.13953e-05
pi2_0_0_0_0_l_0_0_0_0_0_0_0_0_0_0_0_0_0_0_0_0 = 1.08471e-05
pi2_0_0_0_0_l_0_0_0_0_0_0_0_0_0_0_0_0_0_0_0_0_0 = 1.02368e-05
pi2_0_0_0_0_l_0_0_0_0_0_0_0_0_0_0_0_0_0_0_0_0_0_0 = 9.79144e-06
pi2_0_0_0_0_l_0_0_0_0_0_0_0_0_0_0_0_0_0_0_0_0_0_0_0 = 9.29279e-06
pi2_0_0_0_0_l_0_0_0_0_0_0_0_0_0_0_0_0_0_0_0_0_0_0_0_0 = 8.91976e-06
