DD_0_0 = 1.72041e-07
DD_0_0_l_0 = 6.38943e-08
DD_0_0_l_0_0 = 4.69921e-08
DD_0_0_l_0_0_0 = 2.89054e-08
DD_0_0_l_0_0_0_0 = 2.31242e-08
DD_0_0_l_0_0_0_0_0 = 1.65451e-08
DD_0_0_l_0_0_0_0_0_0 = 1.38793e-08
DD_0_0_l_0_0_0_0_0_0_0 = 1.072e-08
DD_0_0_l_0_0_0_0_0_0_0_0 = 9.27286e-09
DD_0_0_l_0_0_0_0_0_0_0_0_0 = 7.50708e-09
DD_0_0_l_0_0_0_0_0_0_0_0_0_0 = 6.63491e-09
DD_0_0_l_0_0_0_0_0_0_0_0_0_0_0 = 5.54684e-09
DD_0_0_l_0_0_0_0_0_0_0_0_0_0_0_0 = 4.98124e-09
DD_0_0_l_0_0_0_0_0_0_0_0_0_0_0_0_0 = 4.26313e-09
DD_0_0_l_0_0_0_0_0_0_0_0_0_0_0_0_0_0 = 3.87584e-09
DD_0_0_l_0_0_0_0_0_0_0_0_0_0_0_0_0_0_0 = 3.37702e-09
DD_0_0_l_0_0_0_0_0_0_0_0_0_0_0_0_0_0_0_0 = 3.10044e-09
DD_0_0_l_0_0_0_0_0_0_0_0_0_0_0_0_0_0_0_0_0 = 2.73991e-09
DD_0_0_l_0_0_0_0_0_0_0_0_0_0_0_0_0_0_0_0_0_0 = 2.53565e-09
DD_0_0_l_0_0_0_0_0_0_0_0_0_0_0_0_0_0_0_0_0_0_0 = 2.26669e-09
DD_0_0_l_0_0_0_0_0_0_0_0_0_0_0_0_0_0_0_0_0_0_0_0 = 2.10967e-09
Dr_0_0 = 7.8519e-09
Dr_0_0_l_0 = 8.27817e-08
Dr_0_0_l_0_0 = 4.81201e-08
Dr_0_0_l_0_0_0 = 5.45827e-08
Dr_0_0_l_0_0_0_0 = 3.82911e-08
Dr_0_0_l_0_0_0_0_0 = 3.93125e-08
Dr_0_0_l_0_0_0_0_0_0 = 2.99117e-08
Dr_0_0_l_0_0_0_0_0_0_0 = 2.99831e-08
Dr_0_0_l_0_0_0_0_0_0_0_0 = 2.39134e-08
Dr_0_0_l_0_0_0_0_0_0_0_0_0 = 2.37977e-08
Dr_0_0_l_0_0_0_0_0_0_0_0_0_0 = 1.95836e-08
Dr_0_0_l_0_0_0_0_0_0_0_0_0_0_0 = 1.94512e-08
Dr_0_0_l_0_0_0_0_0_0_0_0_0_0_0_0 = 1.63713e-08
Dr_0_0_l_0_0_0_0_0_0_0_0_0_0_0_0_0 = 1.62612e-08
Dr_0_0_l_0_0_0_0_0_0_0_0_0_0_0_0_0_0 = 1.39222e-08
Dr_0_0_l_0_0_0_0_0_0_0_0_0_0_0_0_0_0_0 = 1.38399e-08
Dr_0_0_l_0_0_0_0_0_0_0_0_0_0_0_0_0_0_0_0 = 1.20096e-08
Dr_0_0_l_0_0_0_0_0_0_0_0_0_0_0_0_0_0_0_0_0 = 1.19517e-08
Dr_0_0_l_0_0_0_0_0_0_0_0_0_0_0_0_0_0_0_0_0_0 = 1.04848e-08
Dr_0_0_l_0_0_0_0_0_0_0_0_0_0_0_0_0_0_0_0_0_0_0 = 1.04466e-08
Dr_0_0_l_0_0_0_0_0_0_0_0_0_0_0_0_0_0_0_0_0_0_0_0 = 9.24758e-09
Dr_0_0_l_0_0_0_0_0_0_0_0_0_0_0_0_0_0_0_0_0_0_0_0_0 = 9.21543e-09
Hl_0_0 = 0.000974824
Hl_0_0_l_0 = 0.000556889
Hl_0_0_l_0_0 = 0.000453353
Hl_0_0_l_0_0_0 = 0.000352544
Hl_0_0_l_0_0_0_0 = 0.000306592
Hl_0_0_l_0_0_0_0_0 = 0.000259203
Hl_0_0_l_0_0_0_0_0_0 = 0.000233113
Hl_0_0_l_0_0_0_0_0_0_0 = 0.000205285
Hl_0_0_l_0_0_0_0_0_0_0_0 = 0.000188434
Hl_0_0_l_0_0_0_0_0_0_0_0_0 = 0.000170057
Hl_0_0_l_0_0_0_0_0_0_0_0_0_0 = 0.000158265
Hl_0_0_l_0_0_0_0_0_0_0_0_0_0_0 = 0.000145201
Hl_0_0_l_0_0_0_0_0_0_0_0_0_0_0_0 = 0.000136482
Hl_0_0_l_0_0_0_0_0_0_0_0_0_0_0_0_0 = 0.000126709
Hl_0_0_l_0_0_0_0_0_0_0_0_0_0_0_0_0_0 = 0.000119999
Hl_0_0_l_0_0_0_0_0_0_0_0_0_0_0_0_0_0_0 = 0.000112408
Hl_0_0_l_0_0_0_0_0_0_0_0_0_0_0_0_0_0_0_0 = 0.000107083
Hl_0_0_l_0_0_0_0_0_0_0_0_0_0_0_0_0_0_0_0_0 = 0.000101016
Hl_0_0_l_0_0_0_0_0_0_0_0_0_0_0_0_0_0_0_0_0_0 = 9.66865e-05
Hl_0_0_l_0_0_0_0_0_0_0_0_0_0_0_0_0_0_0_0_0_0_0 = 9.17247e-05
Hl_0_0_l_0_0_0_0_0_0_0_0_0_0_0_0_0_0_0_0_0_0_0_0 = 8.80964e-05
Hr_0_0 = 0.00101213
I = 1
pi2_0_0_0_0 = 1.00382e-06
pi2_0_0_0_0_l_0 = 5.72219e-07
pi2_0_0_0_0_l_0_0 = 4.63449e-07
pi2_0_0_0_0_l_0_0_0 = 3.60237e-07
pi2_0_0_0_0_l_0_0_0_0 = 3.12313e-07
pi2_0_0_0_0_l_0_0_0_0_0 = 2.64067e-07
pi2_0_0_0_0_l_0_0_0_0_0_0 = 2.36978e-07
pi2_0_0_0_0_l_0_0_0_0_0_0_0 = 2.08755e-07
pi2_0_0_0_0_l_0_0_0_0_0_0_0_0 = 1.9131e-07
pi2_0_0_0_0_l_0_0_0_0_0_0_0_0_0 = 1.72723e-07
pi2_0_0_0_0_l_0_0_0_0_0_0_0_0_0_0 = 1.6054e-07
pi2_0_0_0_0_l_0_0_0_0_0_0_0_0_0_0_0 = 1.47353e-07
pi2_0_0_0_0_l_0_0_0_0_0_0_0_0_0_0_0_0 = 1.38359e-07
pi2_0_0_0_0_l_0_0_0_0_0_0_0_0_0_0_0_0_0 = 1.28509e-07
pi2_0_0_0_0_l_0_0_0_0_0_0_0_0_0_0_0_0_0_0 = 1.21595e-07
pi2_0_0_0_0_l_0_0_0_0_0_0_0_0_0_0_0_0_0_0_0 = 1.13953e-07
pi2_0_0_0_0_l_0_0_0_0_0_0_0_0_0_0_0_0_0_0_0_0 = 1.08471e-07
pi2_0_0_0_0_l_0_0_0_0_0_0_0_0_0_0_0_0_0_0_0_0_0 = 1.02369e-07
pi2_0_0_0_0_l_0_0_0_0_0_0_0_0_0_0_0_0_0_0_0_0_0_0 = 9.79146e-08
pi2_0_0_0_0_l_0_0_0_0_0_0_0_0_0_0_0_0_0_0_0_0_0_0_0 = 9.2928e-08
pi2_0_0_0_0_l_0_0_0_0_0_0_0_0_0_0_0_0_0_0_0_0_0_0_0_0 = 8.91977e-08
