DD_0_0 = 1.72041e-05
DD_0_0_l_0 = 6.38943e-06
DD_0_0_l_0_0 = 4.6992e-06
DD_0_0_l_0_0_0 = 2.89057e-06
DD_0_0_l_0_0_0_0 = 2.3122e-06
DD_0_0_l_0_0_0_0_0 = 1.64552e-06
Dr_0_0 = 7.85189e-07
Dr_0_0_l_0 = 8.27817e-06
Dr_0_0_l_0_0 = 4.81201e-06
Dr_0_0_l_0_0_0 = 5.45826e-06
Dr_0_0_l_0_0_0_0 = 3.82956e-06
Dr_0_0_l_0_0_0_0_0 = 3.91658e-06
Dr_0_0_l_0_0_0_0_0_0 = 2.98808e-06
Hl_0_0 = 0.00974824
Hl_0_0_l_0 = 0.00556889
Hl_0_0_l_0_0 = 0.00453353
Hl_0_0_l_0_0_0 = 0.00352542
Hl_0_0_l_0_0_0_0 = 0.00306623
Hl_0_0_l_0_0_0_0_0 = 0.0025838
Hr_0_0 = 0.0101213
I = 1
pi2_0_0_0_0 = 0.000100382
pi2_0_0_0_0_l_0 = 5.72218e-05
pi2_0_0_0_0_l_0_0 = 4.63448e-05
pi2_0_0_0_0_l_0_0_0 = 3.60236e-05
pi2_0_0_0_0_l_0_0_0_0 = 3.12321e-05
pi2_0_0_0_0_l_0_0_0_0_0 = 2.63231e-05
