DD_0_0 = 1.72041e-07
DD_0_0_l_0 = 6.38943e-08
DD_0_0_l_0_0 = 4.6992e-08
DD_0_0_l_0_0_0 = 2.89057e-08
DD_0_0_l_0_0_0_0 = 2.3122e-08
DD_0_0_l_0_0_0_0_0 = 1.64552e-08
Dr_0_0 = 7.8519e-09
Dr_0_0_l_0 = 8.27817e-08
Dr_0_0_l_0_0 = 4.81201e-08
Dr_0_0_l_0_0_0 = 5.45826e-08
Dr_0_0_l_0_0_0_0 = 3.82956e-08
Dr_0_0_l_0_0_0_0_0 = 3.91658e-08
Dr_0_0_l_0_0_0_0_0_0 = 2.98808e-08
Hl_0_0 = 0.000974824
Hl_0_0_l_0 = 0.000556889
Hl_0_0_l_0_0 = 0.000453353
Hl_0_0_l_0_0_0 = 0.000352542
Hl_0_0_l_0_0_0_0 = 0.000306623
Hl_0_0_l_0_0_0_0_0 = 0.00025838
Hr_0_0 = 0.00101213
I = 1
pi2_0_0_0_0 = 1.00382e-06
pi2_0_0_0_0_l_0 = 5.72219e-07
pi2_0_0_0_0_l_0_0 = 4.63449e-07
pi2_0_0_0_0_l_0_0_0 = 3.60237e-07
pi2_0_0_0_0_l_0_0_0_0 = 3.12321e-07
pi2_0_0_0_0_l_0_0_0_0_0 = 2.63231e-07
