DD_0_0 = 1.08057e-07
DD_0_0_l_0 = 4.5813e-08
DD_0_0_l_0_0 = 3.33969e-08
DD_0_0_l_0_0_0 = 2.18966e-08
DD_0_0_l_0_0_0_0 = 1.74366e-08
DD_0_0_l_0_0_0_0_0 = 1.30012e-08
DD_0_0_l_0_0_0_0_0_0 = 1.08696e-08
DD_0_0_l_0_0_0_0_0_0_0 = 8.65229e-09
DD_0_0_l_0_0_0_0_0_0_0_0 = 7.46257e-09
DD_0_0_l_0_0_0_0_0_0_0_0_0 = 6.18581e-09
DD_0_0_l_0_0_0_0_0_0_0_0_0_0 = 5.43768e-09
Dr_0_0 = 4.24917e-09
Dr_0_0_l_0 = 4.43997e-08
Dr_0_0_l_0_0 = 3.038e-08
Dr_0_0_l_0_0_0 = 3.27248e-08
Dr_0_0_l_0_0_0_0 = 2.52745e-08
Dr_0_0_l_0_0_0_0_0 = 2.49364e-08
Dr_0_0_l_0_0_0_0_0_0 = 2.03537e-08
Dr_0_0_l_0_0_0_0_0_0_0 = 1.97264e-08
Dr_0_0_l_0_0_0_0_0_0_0_0 = 1.66471e-08
Dr_0_0_l_0_0_0_0_0_0_0_0_0 = 1.60778e-08
Dr_0_0_l_0_0_0_0_0_0_0_0_0_0 = 1.38769e-08
Dr_0_0_l_0_0_0_0_0_0_0_0_0_0_0 = 1.33852e-08
Hl_0_0 = 0.000974824
Hl_0_0_l_0 = 0.000556889
Hl_0_0_l_0_0 = 0.000453353
Hl_0_0_l_0_0_0 = 0.000352544
Hl_0_0_l_0_0_0_0 = 0.000306592
Hl_0_0_l_0_0_0_0_0 = 0.000259203
Hl_0_0_l_0_0_0_0_0_0 = 0.000233113
Hl_0_0_l_0_0_0_0_0_0_0 = 0.000205285
Hl_0_0_l_0_0_0_0_0_0_0_0 = 0.000188434
Hl_0_0_l_0_0_0_0_0_0_0_0_0 = 0.000170062
Hl_0_0_l_0_0_0_0_0_0_0_0_0_0 = 0.000158033
Hr_0_0 = 0.00101213
I = 1
pi2_0_0_0_0 = 9.9688e-07
pi2_0_0_0_0_l_0 = 5.69389e-07
pi2_0_0_0_0_l_0_0 = 4.62241e-07
pi2_0_0_0_0_l_0_0_0 = 3.59299e-07
pi2_0_0_0_0_l_0_0_0_0 = 3.11957e-07
pi2_0_0_0_0_l_0_0_0_0_0 = 2.63673e-07
pi2_0_0_0_0_l_0_0_0_0_0_0 = 2.36872e-07
pi2_0_0_0_0_l_0_0_0_0_0_0_0 = 2.08571e-07
pi2_0_0_0_0_l_0_0_0_0_0_0_0_0 = 1.91297e-07
pi2_0_0_0_0_l_0_0_0_0_0_0_0_0_0 = 1.72639e-07
pi2_0_0_0_0_l_0_0_0_0_0_0_0_0_0_0 = 1.60328e-07
