DD_0_0 = 1.08052e-07
DD_0_0_l_0 = 4.59011e-08
DD_0_0_l_0_0 = 3.27368e-08
Dr_0_0 = 4.24926e-09
Dr_0_0_l_0 = 4.43856e-08
Dr_0_0_l_0_0 = 3.08941e-08
Dr_0_0_l_0_0_0 = 3.23196e-08
Hl_0_0 = 0.000974812
Hl_0_0_l_0 = 0.000557182
Hl_0_0_l_0_0 = 0.000448139
Hr_0_0 = 0.00101213
I = 1
pi2_0_0_0_0 = 9.96867e-07
pi2_0_0_0_0_l_0 = 5.69795e-07
pi2_0_0_0_0_l_0_0 = 4.56868e-07
