DD_0_0 = 2.43554e-09
DD_0_0_l_0 = 1.37924e-09
DD_0_0_l_0_0 = 1.1153e-09
DD_0_0_l_0_0_0 = 8.60572e-10
DD_0_0_l_0_0_0_0 = 7.43537e-10
DD_0_0_l_0_0_0_0_0 = 6.21843e-10
Dr_0_0 = 4.70053e-12
Dr_0_0_l_0 = 4.95753e-11
Dr_0_0_l_0_0 = 5.46314e-11
Dr_0_0_l_0_0_0 = 6.47948e-11
Dr_0_0_l_0_0_0_0 = 6.57197e-11
Dr_0_0_l_0_0_0_0_0 = 7.02937e-11
Dr_0_0_l_0_0_0_0_0_0 = 6.96817e-11
Hl_0_0 = 0.000974824
Hl_0_0_l_0 = 0.000556889
Hl_0_0_l_0_0 = 0.000453353
Hl_0_0_l_0_0_0 = 0.000352542
Hl_0_0_l_0_0_0_0 = 0.000306623
Hl_0_0_l_0_0_0_0_0 = 0.00025838
Hr_0_0 = 0.00101213
I = 1
pi2_0_0_0_0 = 9.86672e-07
pi2_0_0_0_0_l_0 = 5.63654e-07
pi2_0_0_0_0_l_0_0 = 4.58862e-07
pi2_0_0_0_0_l_0_0_0 = 3.56825e-07
pi2_0_0_0_0_l_0_0_0_0 = 3.10349e-07
pi2_0_0_0_0_l_0_0_0_0_0 = 2.6152e-07
