DD_0_0 = 1.11516e-07
DD_0_0_l_0 = 4.9803e-08
DD_0_0_l_0_0 = 3.58997e-08
DD_0_0_l_0_0_0 = 2.38818e-08
DD_0_0_l_0_0_0_0 = 1.91202e-08
DD_0_0_l_0_0_0_0_0 = 1.36063e-08
Dr_0_0 = 5.17727e-08
Dr_0_0_l_0 = 7.12584e-08
Dr_0_0_l_0_0 = 5.09221e-08
Dr_0_0_l_0_0_0 = 4.85079e-08
Dr_0_0_l_0_0_0_0 = 3.84009e-08
Dr_0_0_l_0_0_0_0_0 = 3.51565e-08
Dr_0_0_l_0_0_0_0_0_0 = 2.89799e-08
Hl_0_0 = 0.000690339
Hl_0_0_l_0 = 0.000457843
Hl_0_0_l_0_0 = 0.000375307
Hl_0_0_l_0_0_0 = 0.000306177
Hl_0_0_l_0_0_0_0 = 0.000269598
Hl_0_0_l_0_0_0_0_0 = 0.000227118
Hr_0_0 = 0.00101211
I = 1
pi2_0_0_0_0 = 7.12666e-07
pi2_0_0_0_0_l_0 = 4.69243e-07
pi2_0_0_0_0_l_0_0 = 3.83605e-07
pi2_0_0_0_0_l_0_0_0 = 3.12356e-07
pi2_0_0_0_0_l_0_0_0_0 = 2.74444e-07
pi2_0_0_0_0_l_0_0_0_0_0 = 2.31084e-07
