DD_0_0 = 1.07385e-07
DD_0_0_l_0 = 5.3842e-08
DD_0_0_l_0_0 = 3.10984e-08
Dr_0_0 = 5.01818e-08
Dr_0_0_l_0 = 6.88976e-08
Dr_0_0_l_0_0 = 5.69564e-08
Dr_0_0_l_0_0_0 = 4.49879e-08
Hl_0_0 = 0.00068378
Hl_0_0_l_0 = 0.000472004
Hl_0_0_l_0_0 = 0.000351557
Hr_0_0 = 0.00101211
I = 1
pi2_0_0_0_0 = 7.05836e-07
pi2_0_0_0_0_l_0 = 4.84941e-07
pi2_0_0_0_0_l_0_0 = 3.5941e-07
