DD_0_0 = 1.0474e-07
DD_0_0_l_0 = 4.76805e-08
DD_0_0_l_0_0 = 3.42908e-08
DD_0_0_l_0_0_0 = 2.31321e-08
DD_0_0_l_0_0_0_0 = 1.82114e-08
DD_0_0_l_0_0_0_0_0 = 1.38084e-08
DD_0_0_l_0_0_0_0_0_0 = 1.14284e-08
DD_0_0_l_0_0_0_0_0_0_0 = 9.20498e-09
DD_0_0_l_0_0_0_0_0_0_0_0 = 7.86152e-09
DD_0_0_l_0_0_0_0_0_0_0_0_0 = 6.60325e-09
DD_0_0_l_0_0_0_0_0_0_0_0_0_0 = 5.62326e-09
Dr_0_0 = 4.7712e-08
Dr_0_0_l_0 = 6.59091e-08
Dr_0_0_l_0_0 = 4.77786e-08
Dr_0_0_l_0_0_0 = 4.54885e-08
Dr_0_0_l_0_0_0_0 = 3.61618e-08
Dr_0_0_l_0_0_0_0_0 = 3.37105e-08
Dr_0_0_l_0_0_0_0_0_0 = 2.80738e-08
Dr_0_0_l_0_0_0_0_0_0_0 = 2.62267e-08
Dr_0_0_l_0_0_0_0_0_0_0_0 = 2.24842e-08
Dr_0_0_l_0_0_0_0_0_0_0_0_0 = 2.11396e-08
Dr_0_0_l_0_0_0_0_0_0_0_0_0_0 = 1.8392e-08
Dr_0_0_l_0_0_0_0_0_0_0_0_0_0_0 = 1.71656e-08
Hl_0_0 = 0.000690295
Hl_0_0_l_0 = 0.000458004
Hl_0_0_l_0_0 = 0.000374919
Hl_0_0_l_0_0_0 = 0.00030704
Hl_0_0_l_0_0_0_0 = 0.000267517
Hl_0_0_l_0_0_0_0_0 = 0.000232791
Hl_0_0_l_0_0_0_0_0_0 = 0.000209386
Hl_0_0_l_0_0_0_0_0_0_0 = 0.000187986
Hl_0_0_l_0_0_0_0_0_0_0_0 = 0.000172352
Hl_0_0_l_0_0_0_0_0_0_0_0_0 = 0.000158131
Hl_0_0_l_0_0_0_0_0_0_0_0_0_0 = 0.000145075
Hr_0_0 = 0.00101211
I = 1
pi2_0_0_0_0 = 7.11764e-07
pi2_0_0_0_0_l_0 = 4.69155e-07
pi2_0_0_0_0_l_0_0 = 3.83112e-07
pi2_0_0_0_0_l_0_0_0 = 3.1312e-07
pi2_0_0_0_0_l_0_0_0_0 = 2.72413e-07
pi2_0_0_0_0_l_0_0_0_0_0 = 2.36831e-07
pi2_0_0_0_0_l_0_0_0_0_0_0 = 2.12809e-07
pi2_0_0_0_0_l_0_0_0_0_0_0_0 = 1.90965e-07
pi2_0_0_0_0_l_0_0_0_0_0_0_0_0 = 1.7496e-07
pi2_0_0_0_0_l_0_0_0_0_0_0_0_0_0 = 1.60471e-07
pi2_0_0_0_0_l_0_0_0_0_0_0_0_0_0_0 = 1.47142e-07
