DD_0_0 = 1.04747e-07
DD_0_0_l_0 = 4.76538e-08
DD_0_0_l_0_0 = 3.43462e-08
DD_0_0_l_0_0_0 = 2.30267e-08
DD_0_0_l_0_0_0_0 = 1.84424e-08
DD_0_0_l_0_0_0_0_0 = 1.31871e-08
Dr_0_0 = 4.77168e-08
Dr_0_0_l_0 = 6.58915e-08
Dr_0_0_l_0_0 = 4.78006e-08
Dr_0_0_l_0_0_0 = 4.54547e-08
Dr_0_0_l_0_0_0_0 = 3.62804e-08
Dr_0_0_l_0_0_0_0_0 = 3.32178e-08
Dr_0_0_l_0_0_0_0_0_0 = 2.75046e-08
Hl_0_0 = 0.000690339
Hl_0_0_l_0 = 0.000457843
Hl_0_0_l_0_0 = 0.000375307
Hl_0_0_l_0_0_0 = 0.000306177
Hl_0_0_l_0_0_0_0 = 0.000269598
Hl_0_0_l_0_0_0_0_0 = 0.000227118
Hr_0_0 = 0.00101211
I = 1
pi2_0_0_0_0 = 7.11804e-07
pi2_0_0_0_0_l_0 = 4.69008e-07
pi2_0_0_0_0_l_0_0 = 3.83484e-07
pi2_0_0_0_0_l_0_0_0 = 3.12285e-07
pi2_0_0_0_0_l_0_0_0_0 = 2.74431e-07
pi2_0_0_0_0_l_0_0_0_0_0 = 2.31064e-07
