DD_0_0 = 1.01586e-07
DD_0_0_l_0 = 5.16101e-08
DD_0_0_l_0_0 = 2.9954e-08
Dr_0_0 = 4.66433e-08
Dr_0_0_l_0 = 6.4225e-08
Dr_0_0_l_0_0 = 5.37298e-08
Dr_0_0_l_0_0_0 = 4.25143e-08
Hl_0_0 = 0.00068378
Hl_0_0_l_0 = 0.000472004
Hl_0_0_l_0_0 = 0.000351557
Hr_0_0 = 0.00101211
I = 1
pi2_0_0_0_0 = 7.05063e-07
pi2_0_0_0_0_l_0 = 4.84647e-07
pi2_0_0_0_0_l_0_0 = 3.59303e-07
