DD_0_0 = 6.7402e-08
DD_0_0_l_0 = 3.43133e-08
DD_0_0_l_0_0 = 2.48884e-08
DD_0_0_l_0_0_0 = 1.76002e-08
DD_0_0_l_0_0_0_0 = 1.39543e-08
DD_0_0_l_0_0_0_0_0 = 1.08933e-08
DD_0_0_l_0_0_0_0_0_0 = 9.06493e-09
DD_0_0_l_0_0_0_0_0_0_0 = 7.45421e-09
DD_0_0_l_0_0_0_0_0_0_0_0 = 6.39356e-09
DD_0_0_l_0_0_0_0_0_0_0_0_0 = 5.45468e-09
DD_0_0_l_0_0_0_0_0_0_0_0_0_0 = 4.67029e-09
Dr_0_0 = 2.6008e-08
Dr_0_0_l_0 = 3.6762e-08
Dr_0_0_l_0_0 = 2.94408e-08
Dr_0_0_l_0_0_0 = 2.78916e-08
Dr_0_0_l_0_0_0_0 = 2.34503e-08
Dr_0_0_l_0_0_0_0_0 = 2.17299e-08
Dr_0_0_l_0_0_0_0_0_0 = 1.8823e-08
Dr_0_0_l_0_0_0_0_0_0_0 = 1.74761e-08
Dr_0_0_l_0_0_0_0_0_0_0_0 = 1.54485e-08
Dr_0_0_l_0_0_0_0_0_0_0_0_0 = 1.44357e-08
Dr_0_0_l_0_0_0_0_0_0_0_0_0_0 = 1.28754e-08
Dr_0_0_l_0_0_0_0_0_0_0_0_0_0_0 = 1.19806e-08
Hl_0_0 = 0.000690295
Hl_0_0_l_0 = 0.000458004
Hl_0_0_l_0_0 = 0.000374919
Hl_0_0_l_0_0_0 = 0.00030704
Hl_0_0_l_0_0_0_0 = 0.000267517
Hl_0_0_l_0_0_0_0_0 = 0.000232791
Hl_0_0_l_0_0_0_0_0_0 = 0.000209386
Hl_0_0_l_0_0_0_0_0_0_0 = 0.000187986
Hl_0_0_l_0_0_0_0_0_0_0_0 = 0.000172352
Hl_0_0_l_0_0_0_0_0_0_0_0_0 = 0.000158131
Hl_0_0_l_0_0_0_0_0_0_0_0_0_0 = 0.000145075
Hr_0_0 = 0.00101212
I = 1
pi2_0_0_0_0 = 7.06728e-07
pi2_0_0_0_0_l_0 = 4.67523e-07
pi2_0_0_0_0_l_0_0 = 3.82186e-07
pi2_0_0_0_0_l_0_0_0 = 3.12599e-07
pi2_0_0_0_0_l_0_0_0_0 = 2.72129e-07
pi2_0_0_0_0_l_0_0_0_0_0 = 2.36636e-07
pi2_0_0_0_0_l_0_0_0_0_0_0 = 2.12722e-07
pi2_0_0_0_0_l_0_0_0_0_0_0_0 = 1.90895e-07
pi2_0_0_0_0_l_0_0_0_0_0_0_0_0 = 1.74948e-07
pi2_0_0_0_0_l_0_0_0_0_0_0_0_0_0 = 1.60457e-07
pi2_0_0_0_0_l_0_0_0_0_0_0_0_0_0_0 = 1.47163e-07
