DD_0_0 = 1.49283e-08
DD_0_0_l_0 = 9.20718e-09
DD_0_0_l_0_0 = 7.18611e-09
DD_0_0_l_0_0_0 = 5.5559e-09
DD_0_0_l_0_0_0_0 = 4.70102e-09
DD_0_0_l_0_0_0_0_0 = 3.74794e-09
Dr_0_0 = 2.14115e-09
Dr_0_0_l_0 = 3.32117e-09
Dr_0_0_l_0_0 = 3.30191e-09
Dr_0_0_l_0_0_0 = 3.3534e-09
Dr_0_0_l_0_0_0_0 = 3.16982e-09
Dr_0_0_l_0_0_0_0_0 = 3.15291e-09
Dr_0_0_l_0_0_0_0_0_0 = 2.88507e-09
Hl_0_0 = 0.000690339
Hl_0_0_l_0 = 0.000457843
Hl_0_0_l_0_0 = 0.000375307
Hl_0_0_l_0_0_0 = 0.000306177
Hl_0_0_l_0_0_0_0 = 0.000269598
Hl_0_0_l_0_0_0_0_0 = 0.000227118
Hr_0_0 = 0.00101213
I = 1
pi2_0_0_0_0 = 6.99744e-07
pi2_0_0_0_0_l_0 = 4.64005e-07
pi2_0_0_0_0_l_0_0 = 3.80354e-07
pi2_0_0_0_0_l_0_0_0 = 3.10254e-07
pi2_0_0_0_0_l_0_0_0_0 = 2.73188e-07
pi2_0_0_0_0_l_0_0_0_0_0 = 2.30115e-07
