DD_0_0 = 1.71622e-09
DD_0_0_l_0 = 1.12787e-09
DD_0_0_l_0_0 = 9.1811e-10
DD_0_0_l_0_0_0 = 7.43152e-10
DD_0_0_l_0_0_0_0 = 6.50144e-10
DD_0_0_l_0_0_0_0_0 = 5.43009e-10
Dr_0_0 = 3.29932e-11
Dr_0_0_l_0 = 5.42894e-11
Dr_0_0_l_0_0 = 5.99507e-11
Dr_0_0_l_0_0_0 = 6.54946e-11
Dr_0_0_l_0_0_0_0 = 6.71454e-11
Dr_0_0_l_0_0_0_0_0 = 7.1635e-11
Dr_0_0_l_0_0_0_0_0_0 = 6.94487e-11
Hl_0_0 = 0.000690339
Hl_0_0_l_0 = 0.000457843
Hl_0_0_l_0_0 = 0.000375307
Hl_0_0_l_0_0_0 = 0.000306177
Hl_0_0_l_0_0_0_0 = 0.000269598
Hl_0_0_l_0_0_0_0_0 = 0.000227118
Hr_0_0 = 0.00101213
I = 1
pi2_0_0_0_0 = 6.98733e-07
pi2_0_0_0_0_l_0 = 4.63407e-07
pi2_0_0_0_0_l_0_0 = 3.79869e-07
pi2_0_0_0_0_l_0_0_0 = 3.09897e-07
pi2_0_0_0_0_l_0_0_0_0 = 2.72875e-07
pi2_0_0_0_0_l_0_0_0_0_0 = 2.29878e-07
