DD_0_0 = 9.38151e-09
DD_0_0_l_0 = 9.24355e-09
DD_0_0_l_0_0 = 6.96346e-09
DD_0_0_l_0_0_0 = 6.36393e-09
DD_0_0_l_0_0_0_0 = 5.10635e-09
DD_0_0_l_0_0_0_0_0 = 4.71549e-09
DD_0_0_l_0_0_0_0_0_0 = 3.89223e-09
DD_0_0_l_0_0_0_0_0_0_0 = 3.66218e-09
DD_0_0_l_0_0_0_0_0_0_0_0 = 3.05622e-09
DD_0_0_l_0_0_0_0_0_0_0_0_0 = 2.94808e-09
DD_0_0_l_0_0_0_0_0_0_0_0_0_0 = 2.4465e-09
Dr_0_0 = 1.37177e-08
Dr_0_0_l_0 = 1.53278e-08
Dr_0_0_l_0_0 = 1.39924e-08
Dr_0_0_l_0_0_0 = 1.30448e-08
Dr_0_0_l_0_0_0_0 = 1.20752e-08
Dr_0_0_l_0_0_0_0_0 = 1.11535e-08
Dr_0_0_l_0_0_0_0_0_0 = 1.03878e-08
Dr_0_0_l_0_0_0_0_0_0_0 = 9.66106e-09
Dr_0_0_l_0_0_0_0_0_0_0_0 = 8.99262e-09
Dr_0_0_l_0_0_0_0_0_0_0_0_0 = 8.49906e-09
Dr_0_0_l_0_0_0_0_0_0_0_0_0_0 = 7.80678e-09
Dr_0_0_l_0_0_0_0_0_0_0_0_0_0_0 = 7.21815e-09
Hl_0_0 = 0.000196435
Hl_0_0_l_0 = 0.000182724
Hl_0_0_l_0_0 = 0.000162888
Hl_0_0_l_0_0_0 = 0.000152682
Hl_0_0_l_0_0_0_0 = 0.000138773
Hl_0_0_l_0_0_0_0_0 = 0.000131773
Hl_0_0_l_0_0_0_0_0_0 = 0.000120907
Hl_0_0_l_0_0_0_0_0_0_0 = 0.000116293
Hl_0_0_l_0_0_0_0_0_0_0_0 = 0.000106984
Hl_0_0_l_0_0_0_0_0_0_0_0_0 = 0.000104486
Hl_0_0_l_0_0_0_0_0_0_0_0_0_0 = 9.55524e-05
Hr_0_0 = 0.00101206
I = 1
pi2_0_0_0_0 = 2.00356e-07
pi2_0_0_0_0_l_0 = 1.85809e-07
pi2_0_0_0_0_l_0_0 = 1.65501e-07
pi2_0_0_0_0_l_0_0_0 = 1.55009e-07
pi2_0_0_0_0_l_0_0_0_0 = 1.4084e-07
pi2_0_0_0_0_l_0_0_0_0_0 = 1.33666e-07
pi2_0_0_0_0_l_0_0_0_0_0_0 = 1.22632e-07
pi2_0_0_0_0_l_0_0_0_0_0_0_0 = 1.17898e-07
pi2_0_0_0_0_l_0_0_0_0_0_0_0_0 = 1.08467e-07
pi2_0_0_0_0_l_0_0_0_0_0_0_0_0_0 = 1.05885e-07
pi2_0_0_0_0_l_0_0_0_0_0_0_0_0_0_0 = 9.68303e-08
