DD_0_0 = 3.13366e-09
DD_0_0_l_0 = 8.39531e-09
DD_0_0_l_0_0 = 5.92416e-09
Dr_0_0 = 1.13397e-09
Dr_0_0_l_0 = 5.99596e-09
Dr_0_0_l_0_0 = 1.03574e-08
Dr_0_0_l_0_0_0 = 9.62815e-09
Hl_0_0 = 0.000170342
Hl_0_0_l_0 = 0.000183213
Hl_0_0_l_0_0 = 0.000154192
Hr_0_0 = 0.0010121
I = 1
pi2_0_0_0_0 = 1.74617e-07
pi2_0_0_0_0_l_0 = 1.88081e-07
pi2_0_0_0_0_l_0_0 = 1.57561e-07
