DD_0_0 = 1.12756e-08
DD_0_0_l_0 = 8.91261e-09
DD_0_0_l_0_0 = 7.3584e-09
DD_0_0_l_0_0_0 = 6.18876e-09
DD_0_0_l_0_0_0_0 = 5.29914e-09
DD_0_0_l_0_0_0_0_0 = 4.59214e-09
DD_0_0_l_0_0_0_0_0_0 = 4.02422e-09
DD_0_0_l_0_0_0_0_0_0_0 = 3.55733e-09
DD_0_0_l_0_0_0_0_0_0_0_0 = 3.16933e-09
DD_0_0_l_0_0_0_0_0_0_0_0_0 = 2.84286e-09
DD_0_0_l_0_0_0_0_0_0_0_0_0_0 = 2.56466e-09
DD_0_0_l_0_0_0_0_0_0_0_0_0_0_0 = 2.32681e-09
DD_0_0_l_0_0_0_0_0_0_0_0_0_0_0_0 = 2.11973e-09
DD_0_0_l_0_0_0_0_0_0_0_0_0_0_0_0_0 = 1.94117e-09
DD_0_0_l_0_0_0_0_0_0_0_0_0_0_0_0_0_0 = 1.78197e-09
DD_0_0_l_0_0_0_0_0_0_0_0_0_0_0_0_0_0_0 = 1.64535e-09
DD_0_0_l_0_0_0_0_0_0_0_0_0_0_0_0_0_0_0_0 = 1.51847e-09
DD_0_0_l_0_0_0_0_0_0_0_0_0_0_0_0_0_0_0_0_0 = 1.41461e-09
DD_0_0_l_0_0_0_0_0_0_0_0_0_0_0_0_0_0_0_0_0_0 = 1.30616e-09
DD_0_0_l_0_0_0_0_0_0_0_0_0_0_0_0_0_0_0_0_0_0_0 = 1.23647e-09
DD_0_0_l_0_0_0_0_0_0_0_0_0_0_0_0_0_0_0_0_0_0_0_0 = 1.12084e-09
Dr_0_0 = 1.78059e-08
Dr_0_0_l_0 = 1.61469e-08
Dr_0_0_l_0_0 = 1.46562e-08
Dr_0_0_l_0_0_0 = 1.34163e-08
Dr_0_0_l_0_0_0_0 = 1.23074e-08
Dr_0_0_l_0_0_0_0_0 = 1.13589e-08
Dr_0_0_l_0_0_0_0_0_0 = 1.05086e-08
Dr_0_0_l_0_0_0_0_0_0_0 = 9.76794e-09
Dr_0_0_l_0_0_0_0_0_0_0_0 = 9.09988e-09
Dr_0_0_l_0_0_0_0_0_0_0_0_0 = 8.50987e-09
Dr_0_0_l_0_0_0_0_0_0_0_0_0_0 = 7.97404e-09
Dr_0_0_l_0_0_0_0_0_0_0_0_0_0_0 = 7.49566e-09
Dr_0_0_l_0_0_0_0_0_0_0_0_0_0_0_0 = 7.05811e-09
Dr_0_0_l_0_0_0_0_0_0_0_0_0_0_0_0_0 = 6.66454e-09
Dr_0_0_l_0_0_0_0_0_0_0_0_0_0_0_0_0_0 = 6.3011e-09
Dr_0_0_l_0_0_0_0_0_0_0_0_0_0_0_0_0_0_0 = 5.97429e-09
Dr_0_0_l_0_0_0_0_0_0_0_0_0_0_0_0_0_0_0_0 = 5.66573e-09
Dr_0_0_l_0_0_0_0_0_0_0_0_0_0_0_0_0_0_0_0_0 = 5.3967e-09
Dr_0_0_l_0_0_0_0_0_0_0_0_0_0_0_0_0_0_0_0_0_0 = 5.12029e-09
Dr_0_0_l_0_0_0_0_0_0_0_0_0_0_0_0_0_0_0_0_0_0_0 = 4.92122e-09
Dr_0_0_l_0_0_0_0_0_0_0_0_0_0_0_0_0_0_0_0_0_0_0_0 = 4.61756e-09
Dr_0_0_l_0_0_0_0_0_0_0_0_0_0_0_0_0_0_0_0_0_0_0_0_0 = 4.40621e-09
Hl_0_0 = 0.000201643
Hl_0_0_l_0 = 0.000180964
Hl_0_0_l_0_0 = 0.000164743
Hl_0_0_l_0_0_0 = 0.000151365
Hl_0_0_l_0_0_0_0 = 0.000140141
Hl_0_0_l_0_0_0_0_0 = 0.00013054
Hl_0_0_l_0_0_0_0_0_0 = 0.000122223
Hl_0_0_l_0_0_0_0_0_0_0 = 0.000114943
Hl_0_0_l_0_0_0_0_0_0_0_0 = 0.0001085
Hl_0_0_l_0_0_0_0_0_0_0_0_0 = 0.000102772
Hl_0_0_l_0_0_0_0_0_0_0_0_0_0 = 9.76165e-05
Hl_0_0_l_0_0_0_0_0_0_0_0_0_0_0 = 9.29861e-05
Hl_0_0_l_0_0_0_0_0_0_0_0_0_0_0_0 = 8.87546e-05
Hl_0_0_l_0_0_0_0_0_0_0_0_0_0_0_0_0 = 8.49386e-05
Hl_0_0_l_0_0_0_0_0_0_0_0_0_0_0_0_0_0 = 8.13842e-05
Hl_0_0_l_0_0_0_0_0_0_0_0_0_0_0_0_0_0_0 = 7.82075e-05
Hl_0_0_l_0_0_0_0_0_0_0_0_0_0_0_0_0_0_0_0 = 7.5134e-05
Hl_0_0_l_0_0_0_0_0_0_0_0_0_0_0_0_0_0_0_0_0 = 7.25265e-05
Hl_0_0_l_0_0_0_0_0_0_0_0_0_0_0_0_0_0_0_0_0_0 = 6.96913e-05
Hl_0_0_l_0_0_0_0_0_0_0_0_0_0_0_0_0_0_0_0_0_0_0 = 6.78161e-05
Hl_0_0_l_0_0_0_0_0_0_0_0_0_0_0_0_0_0_0_0_0_0_0_0 = 6.45836e-05
Hr_0_0 = 0.00101206
I = 1
pi2_0_0_0_0 = 2.04883e-07
pi2_0_0_0_0_l_0 = 1.83728e-07
pi2_0_0_0_0_l_0_0 = 1.67191e-07
pi2_0_0_0_0_l_0_0_0 = 1.53557e-07
pi2_0_0_0_0_l_0_0_0_0 = 1.42132e-07
pi2_0_0_0_0_l_0_0_0_0_0 = 1.32361e-07
pi2_0_0_0_0_l_0_0_0_0_0_0 = 1.23904e-07
pi2_0_0_0_0_l_0_0_0_0_0_0_0 = 1.16503e-07
pi2_0_0_0_0_l_0_0_0_0_0_0_0_0 = 1.09956e-07
pi2_0_0_0_0_l_0_0_0_0_0_0_0_0_0 = 1.04136e-07
pi2_0_0_0_0_l_0_0_0_0_0_0_0_0_0_0 = 9.89011e-08
pi2_0_0_0_0_l_0_0_0_0_0_0_0_0_0_0_0 = 9.41996e-08
pi2_0_0_0_0_l_0_0_0_0_0_0_0_0_0_0_0_0 = 8.99049e-08
pi2_0_0_0_0_l_0_0_0_0_0_0_0_0_0_0_0_0_0 = 8.60317e-08
pi2_0_0_0_0_l_0_0_0_0_0_0_0_0_0_0_0_0_0_0 = 8.24262e-08
pi2_0_0_0_0_l_0_0_0_0_0_0_0_0_0_0_0_0_0_0_0 = 7.92023e-08
pi2_0_0_0_0_l_0_0_0_0_0_0_0_0_0_0_0_0_0_0_0_0 = 7.60867e-08
pi2_0_0_0_0_l_0_0_0_0_0_0_0_0_0_0_0_0_0_0_0_0_0 = 7.34396e-08
pi2_0_0_0_0_l_0_0_0_0_0_0_0_0_0_0_0_0_0_0_0_0_0_0 = 7.0569e-08
pi2_0_0_0_0_l_0_0_0_0_0_0_0_0_0_0_0_0_0_0_0_0_0_0_0 = 6.86614e-08
pi2_0_0_0_0_l_0_0_0_0_0_0_0_0_0_0_0_0_0_0_0_0_0_0_0_0 = 6.53887e-08
