DD_0_0 = 1.76201e-08
DD_0_0_l_0 = 8.24763e-09
DD_0_0_l_0_0 = 8.60828e-09
DD_0_0_l_0_0_0 = 5.82393e-09
DD_0_0_l_0_0_0_0 = 5.85752e-09
DD_0_0_l_0_0_0_0_0 = 4.34282e-09
Dr_0_0 = 3.23045e-08
Dr_0_0_l_0 = 1.9895e-08
Dr_0_0_l_0_0 = 1.75442e-08
Dr_0_0_l_0_0_0 = 1.50448e-08
Dr_0_0_l_0_0_0_0 = 1.35694e-08
Dr_0_0_l_0_0_0_0_0 = 1.21854e-08
Dr_0_0_l_0_0_0_0_0_0 = 1.06495e-08
Hl_0_0 = 0.00022221
Hl_0_0_l_0 = 0.000176389
Hl_0_0_l_0_0 = 0.000171693
Hl_0_0_l_0_0_0 = 0.000147576
Hl_0_0_l_0_0_0_0 = 0.000145041
Hl_0_0_l_0_0_0_0_0 = 0.00012679
Hr_0_0 = 0.00101204
I = 1
pi2_0_0_0_0 = 2.22812e-07
pi2_0_0_0_0_l_0 = 1.77891e-07
pi2_0_0_0_0_l_0_0 = 1.73349e-07
pi2_0_0_0_0_l_0_0_0 = 1.49244e-07
pi2_0_0_0_0_l_0_0_0_0 = 1.46601e-07
pi2_0_0_0_0_l_0_0_0_0_0 = 1.28294e-07
