DD_0_0 = 9.36533e-09
DD_0_0_l_0 = 9.22347e-09
DD_0_0_l_0_0 = 6.9505e-09
DD_0_0_l_0_0_0 = 6.35193e-09
DD_0_0_l_0_0_0_0 = 5.09766e-09
DD_0_0_l_0_0_0_0_0 = 4.70753e-09
DD_0_0_l_0_0_0_0_0_0 = 3.88616e-09
DD_0_0_l_0_0_0_0_0_0_0 = 3.65654e-09
DD_0_0_l_0_0_0_0_0_0_0_0 = 3.05183e-09
DD_0_0_l_0_0_0_0_0_0_0_0_0 = 2.94388e-09
DD_0_0_l_0_0_0_0_0_0_0_0_0_0 = 2.44325e-09
Dr_0_0 = 1.36669e-08
Dr_0_0_l_0 = 1.52685e-08
Dr_0_0_l_0_0 = 1.39405e-08
Dr_0_0_l_0_0_0 = 1.29978e-08
Dr_0_0_l_0_0_0_0 = 1.20335e-08
Dr_0_0_l_0_0_0_0_0 = 1.11157e-08
Dr_0_0_l_0_0_0_0_0_0 = 1.03539e-08
Dr_0_0_l_0_0_0_0_0_0_0 = 9.62997e-09
Dr_0_0_l_0_0_0_0_0_0_0_0 = 8.96482e-09
Dr_0_0_l_0_0_0_0_0_0_0_0_0 = 8.47285e-09
Dr_0_0_l_0_0_0_0_0_0_0_0_0_0 = 7.78375e-09
Dr_0_0_l_0_0_0_0_0_0_0_0_0_0_0 = 7.19718e-09
Hl_0_0 = 0.000196435
Hl_0_0_l_0 = 0.000182724
Hl_0_0_l_0_0 = 0.000162888
Hl_0_0_l_0_0_0 = 0.000152682
Hl_0_0_l_0_0_0_0 = 0.000138773
Hl_0_0_l_0_0_0_0_0 = 0.000131773
Hl_0_0_l_0_0_0_0_0_0 = 0.000120907
Hl_0_0_l_0_0_0_0_0_0_0 = 0.000116293
Hl_0_0_l_0_0_0_0_0_0_0_0 = 0.000106984
Hl_0_0_l_0_0_0_0_0_0_0_0_0 = 0.000104486
Hl_0_0_l_0_0_0_0_0_0_0_0_0_0 = 9.55524e-05
Hr_0_0 = 0.00101206
I = 1
pi2_0_0_0_0 = 2.0035e-07
pi2_0_0_0_0_l_0 = 1.85807e-07
pi2_0_0_0_0_l_0_0 = 1.65499e-07
pi2_0_0_0_0_l_0_0_0 = 1.55008e-07
pi2_0_0_0_0_l_0_0_0_0 = 1.4084e-07
pi2_0_0_0_0_l_0_0_0_0_0 = 1.33666e-07
pi2_0_0_0_0_l_0_0_0_0_0_0 = 1.22631e-07
pi2_0_0_0_0_l_0_0_0_0_0_0_0 = 1.17898e-07
pi2_0_0_0_0_l_0_0_0_0_0_0_0_0 = 1.08467e-07
pi2_0_0_0_0_l_0_0_0_0_0_0_0_0_0 = 1.05885e-07
pi2_0_0_0_0_l_0_0_0_0_0_0_0_0_0_0 = 9.68304e-08
