DD_0_0 = 3.31537e-09
DD_0_0_l_0 = 8.29929e-09
DD_0_0_l_0_0 = 5.84589e-09
Dr_0_0 = 1.56914e-09
Dr_0_0_l_0 = 6.14719e-09
Dr_0_0_l_0_0 = 1.02445e-08
Dr_0_0_l_0_0_0 = 9.46997e-09
Hl_0_0 = 0.000170342
Hl_0_0_l_0 = 0.000183213
Hl_0_0_l_0_0 = 0.000154192
Hr_0_0 = 0.0010121
I = 1
pi2_0_0_0_0 = 1.74523e-07
pi2_0_0_0_0_l_0 = 1.87944e-07
pi2_0_0_0_0_l_0_0 = 1.5749e-07
