DD_0_0 = 8.93972e-09
DD_0_0_l_0 = 7.24634e-09
DD_0_0_l_0_0 = 6.06494e-09
DD_0_0_l_0_0_0 = 5.16381e-09
DD_0_0_l_0_0_0_0 = 4.46314e-09
DD_0_0_l_0_0_0_0_0 = 3.90095e-09
DD_0_0_l_0_0_0_0_0_0 = 3.44299e-09
DD_0_0_l_0_0_0_0_0_0_0 = 3.06372e-09
DD_0_0_l_0_0_0_0_0_0_0_0 = 2.74524e-09
DD_0_0_l_0_0_0_0_0_0_0_0_0 = 2.47568e-09
DD_0_0_l_0_0_0_0_0_0_0_0_0_0 = 2.24406e-09
DD_0_0_l_0_0_0_0_0_0_0_0_0_0_0 = 2.04509e-09
DD_0_0_l_0_0_0_0_0_0_0_0_0_0_0_0 = 1.87063e-09
DD_0_0_l_0_0_0_0_0_0_0_0_0_0_0_0_0 = 1.71961e-09
DD_0_0_l_0_0_0_0_0_0_0_0_0_0_0_0_0_0 = 1.58411e-09
DD_0_0_l_0_0_0_0_0_0_0_0_0_0_0_0_0_0_0 = 1.46751e-09
DD_0_0_l_0_0_0_0_0_0_0_0_0_0_0_0_0_0_0_0 = 1.35853e-09
DD_0_0_l_0_0_0_0_0_0_0_0_0_0_0_0_0_0_0_0_0 = 1.26923e-09
DD_0_0_l_0_0_0_0_0_0_0_0_0_0_0_0_0_0_0_0_0_0 = 1.17528e-09
DD_0_0_l_0_0_0_0_0_0_0_0_0_0_0_0_0_0_0_0_0_0_0 = 1.11504e-09
DD_0_0_l_0_0_0_0_0_0_0_0_0_0_0_0_0_0_0_0_0_0_0_0 = 1.01424e-09
Dr_0_0 = 1.17629e-08
Dr_0_0_l_0 = 1.09446e-08
Dr_0_0_l_0_0 = 1.01495e-08
Dr_0_0_l_0_0_0 = 9.43198e-09
Dr_0_0_l_0_0_0_0 = 8.77212e-09
Dr_0_0_l_0_0_0_0_0 = 8.18277e-09
Dr_0_0_l_0_0_0_0_0_0 = 7.64676e-09
Dr_0_0_l_0_0_0_0_0_0_0 = 7.16611e-09
Dr_0_0_l_0_0_0_0_0_0_0_0 = 6.72886e-09
Dr_0_0_l_0_0_0_0_0_0_0_0_0 = 6.33407e-09
Dr_0_0_l_0_0_0_0_0_0_0_0_0_0 = 5.97369e-09
Dr_0_0_l_0_0_0_0_0_0_0_0_0_0_0 = 5.64601e-09
Dr_0_0_l_0_0_0_0_0_0_0_0_0_0_0_0 = 5.34552e-09
Dr_0_0_l_0_0_0_0_0_0_0_0_0_0_0_0_0 = 5.07077e-09
Dr_0_0_l_0_0_0_0_0_0_0_0_0_0_0_0_0_0 = 4.81704e-09
Dr_0_0_l_0_0_0_0_0_0_0_0_0_0_0_0_0_0_0 = 4.58513e-09
Dr_0_0_l_0_0_0_0_0_0_0_0_0_0_0_0_0_0_0_0 = 4.36694e-09
Dr_0_0_l_0_0_0_0_0_0_0_0_0_0_0_0_0_0_0_0_0 = 4.17302e-09
Dr_0_0_l_0_0_0_0_0_0_0_0_0_0_0_0_0_0_0_0_0_0 = 3.97582e-09
Dr_0_0_l_0_0_0_0_0_0_0_0_0_0_0_0_0_0_0_0_0_0_0 = 3.82959e-09
Dr_0_0_l_0_0_0_0_0_0_0_0_0_0_0_0_0_0_0_0_0_0_0_0 = 3.61142e-09
Dr_0_0_l_0_0_0_0_0_0_0_0_0_0_0_0_0_0_0_0_0_0_0_0_0 = 3.4547e-09
Hl_0_0 = 0.000201643
Hl_0_0_l_0 = 0.000180964
Hl_0_0_l_0_0 = 0.000164743
Hl_0_0_l_0_0_0 = 0.000151365
Hl_0_0_l_0_0_0_0 = 0.000140141
Hl_0_0_l_0_0_0_0_0 = 0.00013054
Hl_0_0_l_0_0_0_0_0_0 = 0.000122223
Hl_0_0_l_0_0_0_0_0_0_0 = 0.000114943
Hl_0_0_l_0_0_0_0_0_0_0_0 = 0.0001085
Hl_0_0_l_0_0_0_0_0_0_0_0_0 = 0.000102772
Hl_0_0_l_0_0_0_0_0_0_0_0_0_0 = 9.76165e-05
Hl_0_0_l_0_0_0_0_0_0_0_0_0_0_0 = 9.29861e-05
Hl_0_0_l_0_0_0_0_0_0_0_0_0_0_0_0 = 8.87546e-05
Hl_0_0_l_0_0_0_0_0_0_0_0_0_0_0_0_0 = 8.49386e-05
Hl_0_0_l_0_0_0_0_0_0_0_0_0_0_0_0_0_0 = 8.13842e-05
Hl_0_0_l_0_0_0_0_0_0_0_0_0_0_0_0_0_0_0 = 7.82075e-05
Hl_0_0_l_0_0_0_0_0_0_0_0_0_0_0_0_0_0_0_0 = 7.5134e-05
Hl_0_0_l_0_0_0_0_0_0_0_0_0_0_0_0_0_0_0_0_0 = 7.25265e-05
Hl_0_0_l_0_0_0_0_0_0_0_0_0_0_0_0_0_0_0_0_0_0 = 6.96913e-05
Hl_0_0_l_0_0_0_0_0_0_0_0_0_0_0_0_0_0_0_0_0_0_0 = 6.78161e-05
Hl_0_0_l_0_0_0_0_0_0_0_0_0_0_0_0_0_0_0_0_0_0_0_0 = 6.45836e-05
Hr_0_0 = 0.00101209
I = 1
pi2_0_0_0_0 = 2.04736e-07
pi2_0_0_0_0_l_0 = 1.83659e-07
pi2_0_0_0_0_l_0_0 = 1.67148e-07
pi2_0_0_0_0_l_0_0_0 = 1.53535e-07
pi2_0_0_0_0_l_0_0_0_0 = 1.4212e-07
pi2_0_0_0_0_l_0_0_0_0_0 = 1.32358e-07
pi2_0_0_0_0_l_0_0_0_0_0_0 = 1.23906e-07
pi2_0_0_0_0_l_0_0_0_0_0_0_0 = 1.16509e-07
pi2_0_0_0_0_l_0_0_0_0_0_0_0_0 = 1.09965e-07
pi2_0_0_0_0_l_0_0_0_0_0_0_0_0_0 = 1.04147e-07
pi2_0_0_0_0_l_0_0_0_0_0_0_0_0_0_0 = 9.89134e-08
pi2_0_0_0_0_l_0_0_0_0_0_0_0_0_0_0_0 = 9.42129e-08
pi2_0_0_0_0_l_0_0_0_0_0_0_0_0_0_0_0_0 = 8.99187e-08
pi2_0_0_0_0_l_0_0_0_0_0_0_0_0_0_0_0_0_0 = 8.6046e-08
pi2_0_0_0_0_l_0_0_0_0_0_0_0_0_0_0_0_0_0_0 = 8.24403e-08
pi2_0_0_0_0_l_0_0_0_0_0_0_0_0_0_0_0_0_0_0_0 = 7.92169e-08
pi2_0_0_0_0_l_0_0_0_0_0_0_0_0_0_0_0_0_0_0_0_0 = 7.61007e-08
pi2_0_0_0_0_l_0_0_0_0_0_0_0_0_0_0_0_0_0_0_0_0_0 = 7.34543e-08
pi2_0_0_0_0_l_0_0_0_0_0_0_0_0_0_0_0_0_0_0_0_0_0_0 = 7.05821e-08
pi2_0_0_0_0_l_0_0_0_0_0_0_0_0_0_0_0_0_0_0_0_0_0_0_0 = 6.86762e-08
pi2_0_0_0_0_l_0_0_0_0_0_0_0_0_0_0_0_0_0_0_0_0_0_0_0_0 = 6.54019e-08
