DD_0_0 = 4.15787e-09
DD_0_0_l_0 = 7.34356e-09
DD_0_0_l_0_0 = 5.16588e-09
Dr_0_0 = 3.48639e-09
Dr_0_0_l_0 = 6.29921e-09
Dr_0_0_l_0_0 = 8.81726e-09
Dr_0_0_l_0_0_0 = 7.92972e-09
Hl_0_0 = 0.000170342
Hl_0_0_l_0 = 0.000183213
Hl_0_0_l_0_0 = 0.000154192
Hr_0_0 = 0.00101211
I = 1
pi2_0_0_0_0 = 1.7389e-07
pi2_0_0_0_0_l_0 = 1.87094e-07
pi2_0_0_0_0_l_0_0 = 1.57044e-07
