DD_0_0 = 7.92266e-09
DD_0_0_l_0 = 7.50267e-09
DD_0_0_l_0_0 = 5.81933e-09
DD_0_0_l_0_0_0 = 5.30254e-09
DD_0_0_l_0_0_0_0 = 4.33013e-09
DD_0_0_l_0_0_0_0_0 = 4.0009e-09
DD_0_0_l_0_0_0_0_0_0 = 3.34468e-09
DD_0_0_l_0_0_0_0_0_0_0 = 3.15046e-09
DD_0_0_l_0_0_0_0_0_0_0_0 = 2.65611e-09
DD_0_0_l_0_0_0_0_0_0_0_0_0 = 2.56412e-09
DD_0_0_l_0_0_0_0_0_0_0_0_0_0 = 2.14741e-09
Dr_0_0 = 9.77075e-09
Dr_0_0_l_0 = 1.06811e-08
Dr_0_0_l_0_0 = 9.87416e-09
Dr_0_0_l_0_0_0 = 9.29182e-09
Dr_0_0_l_0_0_0_0 = 8.7004e-09
Dr_0_0_l_0_0_0_0_0 = 8.09507e-09
Dr_0_0_l_0_0_0_0_0_0 = 7.62111e-09
Dr_0_0_l_0_0_0_0_0_0_0 = 7.11802e-09
Dr_0_0_l_0_0_0_0_0_0_0_0 = 6.69878e-09
Dr_0_0_l_0_0_0_0_0_0_0_0_0 = 6.33798e-09
Dr_0_0_l_0_0_0_0_0_0_0_0_0_0 = 5.89253e-09
Dr_0_0_l_0_0_0_0_0_0_0_0_0_0_0 = 5.47188e-09
Hl_0_0 = 0.000196435
Hl_0_0_l_0 = 0.000182724
Hl_0_0_l_0_0 = 0.000162888
Hl_0_0_l_0_0_0 = 0.000152682
Hl_0_0_l_0_0_0_0 = 0.000138773
Hl_0_0_l_0_0_0_0_0 = 0.000131773
Hl_0_0_l_0_0_0_0_0_0 = 0.000120907
Hl_0_0_l_0_0_0_0_0_0_0 = 0.000116293
Hl_0_0_l_0_0_0_0_0_0_0_0 = 0.000106984
Hl_0_0_l_0_0_0_0_0_0_0_0_0 = 0.000104486
Hl_0_0_l_0_0_0_0_0_0_0_0_0_0 = 9.55524e-05
Hr_0_0 = 0.00101209
I = 1
pi2_0_0_0_0 = 1.9987e-07
pi2_0_0_0_0_l_0 = 1.85594e-07
pi2_0_0_0_0_l_0_0 = 1.65361e-07
pi2_0_0_0_0_l_0_0_0 = 1.54928e-07
pi2_0_0_0_0_l_0_0_0_0 = 1.40778e-07
pi2_0_0_0_0_l_0_0_0_0_0 = 1.33634e-07
pi2_0_0_0_0_l_0_0_0_0_0_0 = 1.22602e-07
pi2_0_0_0_0_l_0_0_0_0_0_0_0 = 1.17888e-07
pi2_0_0_0_0_l_0_0_0_0_0_0_0_0 = 1.08453e-07
pi2_0_0_0_0_l_0_0_0_0_0_0_0_0_0 = 1.05887e-07
pi2_0_0_0_0_l_0_0_0_0_0_0_0_0_0_0 = 9.68306e-08
