DD_0_0 = 2.60474e-09
DD_0_0_l_0 = 2.99104e-09
DD_0_0_l_0_0 = 2.29855e-09
Dr_0_0 = 1.43175e-09
Dr_0_0_l_0 = 1.76604e-09
Dr_0_0_l_0_0 = 2.09982e-09
Dr_0_0_l_0_0_0 = 1.90283e-09
Hl_0_0 = 0.000170342
Hl_0_0_l_0 = 0.000183213
Hl_0_0_l_0_0 = 0.000154192
Hr_0_0 = 0.00101212
I = 1
pi2_0_0_0_0 = 1.72654e-07
pi2_0_0_0_0_l_0 = 1.857e-07
pi2_0_0_0_0_l_0_0 = 1.56236e-07
