DD_0_0 = 3.37626e-09
DD_0_0_l_0 = 2.89592e-09
DD_0_0_l_0_0 = 2.53033e-09
DD_0_0_l_0_0_0 = 2.23703e-09
DD_0_0_l_0_0_0_0 = 1.99747e-09
DD_0_0_l_0_0_0_0_0 = 1.79772e-09
DD_0_0_l_0_0_0_0_0_0 = 1.62891e-09
DD_0_0_l_0_0_0_0_0_0_0 = 1.48465e-09
DD_0_0_l_0_0_0_0_0_0_0_0 = 1.35988e-09
DD_0_0_l_0_0_0_0_0_0_0_0_0 = 1.25143e-09
DD_0_0_l_0_0_0_0_0_0_0_0_0_0 = 1.15592e-09
DD_0_0_l_0_0_0_0_0_0_0_0_0_0_0 = 1.07195e-09
DD_0_0_l_0_0_0_0_0_0_0_0_0_0_0_0 = 9.96762e-10
DD_0_0_l_0_0_0_0_0_0_0_0_0_0_0_0_0 = 9.30344e-10
DD_0_0_l_0_0_0_0_0_0_0_0_0_0_0_0_0_0 = 8.69637e-10
DD_0_0_l_0_0_0_0_0_0_0_0_0_0_0_0_0_0_0 = 8.16464e-10
DD_0_0_l_0_0_0_0_0_0_0_0_0_0_0_0_0_0_0_0 = 7.65911e-10
DD_0_0_l_0_0_0_0_0_0_0_0_0_0_0_0_0_0_0_0_0 = 7.23872e-10
DD_0_0_l_0_0_0_0_0_0_0_0_0_0_0_0_0_0_0_0_0_0 = 6.78883e-10
DD_0_0_l_0_0_0_0_0_0_0_0_0_0_0_0_0_0_0_0_0_0_0 = 6.49733e-10
DD_0_0_l_0_0_0_0_0_0_0_0_0_0_0_0_0_0_0_0_0_0_0_0 = 6.00153e-10
Dr_0_0 = 1.98514e-09
Dr_0_0_l_0 = 1.99234e-09
Dr_0_0_l_0_0 = 1.96847e-09
Dr_0_0_l_0_0_0 = 1.92768e-09
Dr_0_0_l_0_0_0_0 = 1.87762e-09
Dr_0_0_l_0_0_0_0_0 = 1.82317e-09
Dr_0_0_l_0_0_0_0_0_0 = 1.76679e-09
Dr_0_0_l_0_0_0_0_0_0_0 = 1.71027e-09
Dr_0_0_l_0_0_0_0_0_0_0_0 = 1.65456e-09
Dr_0_0_l_0_0_0_0_0_0_0_0_0 = 1.60023e-09
Dr_0_0_l_0_0_0_0_0_0_0_0_0_0 = 1.54778e-09
Dr_0_0_l_0_0_0_0_0_0_0_0_0_0_0 = 1.49712e-09
Dr_0_0_l_0_0_0_0_0_0_0_0_0_0_0_0 = 1.44877e-09
Dr_0_0_l_0_0_0_0_0_0_0_0_0_0_0_0_0 = 1.40216e-09
Dr_0_0_l_0_0_0_0_0_0_0_0_0_0_0_0_0_0 = 1.35801e-09
Dr_0_0_l_0_0_0_0_0_0_0_0_0_0_0_0_0_0_0 = 1.31537e-09
Dr_0_0_l_0_0_0_0_0_0_0_0_0_0_0_0_0_0_0_0 = 1.27514e-09
Dr_0_0_l_0_0_0_0_0_0_0_0_0_0_0_0_0_0_0_0_0 = 1.23652e-09
Dr_0_0_l_0_0_0_0_0_0_0_0_0_0_0_0_0_0_0_0_0_0 = 1.19897e-09
Dr_0_0_l_0_0_0_0_0_0_0_0_0_0_0_0_0_0_0_0_0_0_0 = 1.16651e-09
Dr_0_0_l_0_0_0_0_0_0_0_0_0_0_0_0_0_0_0_0_0_0_0_0 = 1.12468e-09
Dr_0_0_l_0_0_0_0_0_0_0_0_0_0_0_0_0_0_0_0_0_0_0_0_0 = 1.08807e-09
Hl_0_0 = 0.000201643
Hl_0_0_l_0 = 0.000180964
Hl_0_0_l_0_0 = 0.000164743
Hl_0_0_l_0_0_0 = 0.000151365
Hl_0_0_l_0_0_0_0 = 0.000140141
Hl_0_0_l_0_0_0_0_0 = 0.00013054
Hl_0_0_l_0_0_0_0_0_0 = 0.000122223
Hl_0_0_l_0_0_0_0_0_0_0 = 0.000114943
Hl_0_0_l_0_0_0_0_0_0_0_0 = 0.0001085
Hl_0_0_l_0_0_0_0_0_0_0_0_0 = 0.000102772
Hl_0_0_l_0_0_0_0_0_0_0_0_0_0 = 9.76165e-05
Hl_0_0_l_0_0_0_0_0_0_0_0_0_0_0 = 9.29861e-05
Hl_0_0_l_0_0_0_0_0_0_0_0_0_0_0_0 = 8.87546e-05
Hl_0_0_l_0_0_0_0_0_0_0_0_0_0_0_0_0 = 8.49386e-05
Hl_0_0_l_0_0_0_0_0_0_0_0_0_0_0_0_0_0 = 8.13842e-05
Hl_0_0_l_0_0_0_0_0_0_0_0_0_0_0_0_0_0_0 = 7.82075e-05
Hl_0_0_l_0_0_0_0_0_0_0_0_0_0_0_0_0_0_0_0 = 7.5134e-05
Hl_0_0_l_0_0_0_0_0_0_0_0_0_0_0_0_0_0_0_0_0 = 7.25265e-05
Hl_0_0_l_0_0_0_0_0_0_0_0_0_0_0_0_0_0_0_0_0_0 = 6.96913e-05
Hl_0_0_l_0_0_0_0_0_0_0_0_0_0_0_0_0_0_0_0_0_0_0 = 6.78161e-05
Hl_0_0_l_0_0_0_0_0_0_0_0_0_0_0_0_0_0_0_0_0_0_0_0 = 6.45836e-05
Hr_0_0 = 0.00101212
I = 1
pi2_0_0_0_0 = 2.04255e-07
pi2_0_0_0_0_l_0 = 1.83303e-07
pi2_0_0_0_0_l_0_0 = 1.66867e-07
pi2_0_0_0_0_l_0_0_0 = 1.53311e-07
pi2_0_0_0_0_l_0_0_0_0 = 1.41939e-07
pi2_0_0_0_0_l_0_0_0_0_0 = 1.3221e-07
pi2_0_0_0_0_l_0_0_0_0_0_0 = 1.23783e-07
pi2_0_0_0_0_l_0_0_0_0_0_0_0 = 1.16407e-07
pi2_0_0_0_0_l_0_0_0_0_0_0_0_0 = 1.09879e-07
pi2_0_0_0_0_l_0_0_0_0_0_0_0_0_0 = 1.04075e-07
pi2_0_0_0_0_l_0_0_0_0_0_0_0_0_0_0 = 9.88524e-08
pi2_0_0_0_0_l_0_0_0_0_0_0_0_0_0_0_0 = 9.41614e-08
pi2_0_0_0_0_l_0_0_0_0_0_0_0_0_0_0_0_0 = 8.98746e-08
pi2_0_0_0_0_l_0_0_0_0_0_0_0_0_0_0_0_0_0 = 8.60088e-08
pi2_0_0_0_0_l_0_0_0_0_0_0_0_0_0_0_0_0_0_0 = 8.24081e-08
pi2_0_0_0_0_l_0_0_0_0_0_0_0_0_0_0_0_0_0_0_0 = 7.91901e-08
pi2_0_0_0_0_l_0_0_0_0_0_0_0_0_0_0_0_0_0_0_0_0 = 7.60768e-08
pi2_0_0_0_0_l_0_0_0_0_0_0_0_0_0_0_0_0_0_0_0_0_0 = 7.34354e-08
pi2_0_0_0_0_l_0_0_0_0_0_0_0_0_0_0_0_0_0_0_0_0_0_0 = 7.05639e-08
pi2_0_0_0_0_l_0_0_0_0_0_0_0_0_0_0_0_0_0_0_0_0_0_0_0 = 6.86638e-08
pi2_0_0_0_0_l_0_0_0_0_0_0_0_0_0_0_0_0_0_0_0_0_0_0_0_0 = 6.53902e-08
