DD_0_0 = 4.05313e-10
DD_0_0_l_0 = 4.37501e-10
DD_0_0_l_0_0 = 3.63314e-10
Dr_0_0 = 3.73919e-11
Dr_0_0_l_0 = 4.71593e-11
Dr_0_0_l_0_0 = 5.56675e-11
Dr_0_0_l_0_0_0 = 5.28987e-11
Hl_0_0 = 0.000170342
Hl_0_0_l_0 = 0.000183213
Hl_0_0_l_0_0 = 0.000154192
Hr_0_0 = 0.00101213
I = 1
pi2_0_0_0_0 = 1.72413e-07
pi2_0_0_0_0_l_0 = 1.85441e-07
pi2_0_0_0_0_l_0_0 = 1.56065e-07
