DD_0_0 = 5.36061e-10
DD_0_0_l_0 = 4.19361e-10
DD_0_0_l_0_0 = 4.07284e-10
DD_0_0_l_0_0_0 = 3.45927e-10
DD_0_0_l_0_0_0_0 = 3.39282e-10
DD_0_0_l_0_0_0_0_0 = 2.93028e-10
Dr_0_0 = 5.01155e-11
Dr_0_0_l_0 = 4.84561e-11
Dr_0_0_l_0_0 = 5.24084e-11
Dr_0_0_l_0_0_0 = 5.33168e-11
Dr_0_0_l_0_0_0_0 = 5.45604e-11
Dr_0_0_l_0_0_0_0_0 = 5.96465e-11
Dr_0_0_l_0_0_0_0_0_0 = 5.71273e-11
Hl_0_0 = 0.00022221
Hl_0_0_l_0 = 0.000176389
Hl_0_0_l_0_0 = 0.000171693
Hl_0_0_l_0_0_0 = 0.000147576
Hl_0_0_l_0_0_0_0 = 0.000145041
Hl_0_0_l_0_0_0_0_0 = 0.00012679
Hr_0_0 = 0.00101213
I = 1
pi2_0_0_0_0 = 2.24908e-07
pi2_0_0_0_0_l_0 = 1.78531e-07
pi2_0_0_0_0_l_0_0 = 1.73779e-07
pi2_0_0_0_0_l_0_0_0 = 1.49368e-07
pi2_0_0_0_0_l_0_0_0_0 = 1.46803e-07
pi2_0_0_0_0_l_0_0_0_0_0 = 1.2833e-07
