DD_0_0 = 1.11587e-09
DD_0_0_l_0 = 2.2177e-09
DD_0_0_l_0_0 = 1.87539e-09
Dr_0_0 = 9.68658e-10
Dr_0_0_l_0 = 2.0534e-09
Dr_0_0_l_0_0 = 3.03441e-09
Dr_0_0_l_0_0_0 = 3.09125e-09
Hl_0_0 = 8.95192e-05
Hl_0_0_l_0 = 9.55384e-05
Hl_0_0_l_0_0 = 8.69678e-05
Hr_0_0 = 0.00101212
I = 1
pi2_0_0_0_0 = 9.09895e-08
pi2_0_0_0_0_l_0 = 9.72723e-08
pi2_0_0_0_0_l_0_0 = 8.83494e-08
