DD_0_0 = 1.65197e-09
DD_0_0_l_0 = 2.39864e-09
DD_0_0_l_0_0 = 1.94621e-09
DD_0_0_l_0_0_0 = 1.97741e-09
DD_0_0_l_0_0_0_0 = 1.70283e-09
DD_0_0_l_0_0_0_0_0 = 1.66313e-09
DD_0_0_l_0_0_0_0_0_0 = 1.46837e-09
DD_0_0_l_0_0_0_0_0_0_0 = 1.42056e-09
DD_0_0_l_0_0_0_0_0_0_0_0 = 1.27201e-09
DD_0_0_l_0_0_0_0_0_0_0_0_0 = 1.22883e-09
DD_0_0_l_0_0_0_0_0_0_0_0_0_0 = 1.11026e-09
DD_0_0_l_0_0_0_0_0_0_0_0_0_0_0 = 1.07445e-09
DD_0_0_l_0_0_0_0_0_0_0_0_0_0_0_0 = 9.7647e-10
DD_0_0_l_0_0_0_0_0_0_0_0_0_0_0_0_0 = 9.48238e-10
DD_0_0_l_0_0_0_0_0_0_0_0_0_0_0_0_0_0 = 8.64801e-10
DD_0_0_l_0_0_0_0_0_0_0_0_0_0_0_0_0_0_0 = 8.43793e-10
DD_0_0_l_0_0_0_0_0_0_0_0_0_0_0_0_0_0_0_0 = 7.706e-10
DD_0_0_l_0_0_0_0_0_0_0_0_0_0_0_0_0_0_0_0_0 = 7.56518e-10
DD_0_0_l_0_0_0_0_0_0_0_0_0_0_0_0_0_0_0_0_0_0 = 6.9023e-10
DD_0_0_l_0_0_0_0_0_0_0_0_0_0_0_0_0_0_0_0_0_0_0 = 6.83084e-10
DD_0_0_l_0_0_0_0_0_0_0_0_0_0_0_0_0_0_0_0_0_0_0_0 = 6.20814e-10
Dr_0_0 = 1.03133e-09
Dr_0_0_l_0 = 3.17778e-09
Dr_0_0_l_0_0 = 3.1502e-09
Dr_0_0_l_0_0_0 = 3.34349e-09
Dr_0_0_l_0_0_0_0 = 3.26648e-09
Dr_0_0_l_0_0_0_0_0 = 3.22986e-09
Dr_0_0_l_0_0_0_0_0_0 = 3.14225e-09
Dr_0_0_l_0_0_0_0_0_0_0 = 3.05134e-09
Dr_0_0_l_0_0_0_0_0_0_0_0 = 2.9641e-09
Dr_0_0_l_0_0_0_0_0_0_0_0_0 = 2.8617e-09
Dr_0_0_l_0_0_0_0_0_0_0_0_0_0 = 2.77807e-09
Dr_0_0_l_0_0_0_0_0_0_0_0_0_0_0 = 2.67845e-09
Dr_0_0_l_0_0_0_0_0_0_0_0_0_0_0_0 = 2.59871e-09
Dr_0_0_l_0_0_0_0_0_0_0_0_0_0_0_0_0 = 2.50774e-09
Dr_0_0_l_0_0_0_0_0_0_0_0_0_0_0_0_0_0 = 2.43054e-09
Dr_0_0_l_0_0_0_0_0_0_0_0_0_0_0_0_0_0_0 = 2.3516e-09
Dr_0_0_l_0_0_0_0_0_0_0_0_0_0_0_0_0_0_0_0 = 2.27419e-09
Dr_0_0_l_0_0_0_0_0_0_0_0_0_0_0_0_0_0_0_0_0 = 2.21067e-09
Dr_0_0_l_0_0_0_0_0_0_0_0_0_0_0_0_0_0_0_0_0_0 = 2.12831e-09
Dr_0_0_l_0_0_0_0_0_0_0_0_0_0_0_0_0_0_0_0_0_0_0 = 2.08565e-09
Dr_0_0_l_0_0_0_0_0_0_0_0_0_0_0_0_0_0_0_0_0_0_0_0 = 1.98992e-09
Dr_0_0_l_0_0_0_0_0_0_0_0_0_0_0_0_0_0_0_0_0_0_0_0_0 = 1.91935e-09
Hl_0_0 = 9.69625e-05
Hl_0_0_l_0 = 9.5167e-05
Hl_0_0_l_0_0 = 8.94815e-05
Hl_0_0_l_0_0_0 = 8.65915e-05
Hl_0_0_l_0_0_0_0 = 8.20851e-05
Hl_0_0_l_0_0_0_0_0 = 7.94907e-05
Hl_0_0_l_0_0_0_0_0_0 = 7.57287e-05
Hl_0_0_l_0_0_0_0_0_0_0 = 7.35052e-05
Hl_0_0_l_0_0_0_0_0_0_0_0 = 7.02689e-05
Hl_0_0_l_0_0_0_0_0_0_0_0_0 = 6.83875e-05
Hl_0_0_l_0_0_0_0_0_0_0_0_0_0 = 6.55371e-05
Hl_0_0_l_0_0_0_0_0_0_0_0_0_0_0 = 6.39615e-05
Hl_0_0_l_0_0_0_0_0_0_0_0_0_0_0_0 = 6.13949e-05
Hl_0_0_l_0_0_0_0_0_0_0_0_0_0_0_0_0 = 6.00986e-05
Hl_0_0_l_0_0_0_0_0_0_0_0_0_0_0_0_0_0 = 5.77325e-05
Hl_0_0_l_0_0_0_0_0_0_0_0_0_0_0_0_0_0_0 = 5.67044e-05
Hl_0_0_l_0_0_0_0_0_0_0_0_0_0_0_0_0_0_0_0 = 5.44603e-05
Hl_0_0_l_0_0_0_0_0_0_0_0_0_0_0_0_0_0_0_0_0 = 5.3711e-05
Hl_0_0_l_0_0_0_0_0_0_0_0_0_0_0_0_0_0_0_0_0_0 = 5.15013e-05
Hl_0_0_l_0_0_0_0_0_0_0_0_0_0_0_0_0_0_0_0_0_0_0 = 5.10747e-05
Hl_0_0_l_0_0_0_0_0_0_0_0_0_0_0_0_0_0_0_0_0_0_0_0 = 4.87803e-05
Hr_0_0 = 0.0010121
I = 1
pi2_0_0_0_0 = 9.90963e-08
pi2_0_0_0_0_l_0 = 9.6833e-08
pi2_0_0_0_0_l_0_0 = 9.09523e-08
pi2_0_0_0_0_l_0_0_0 = 8.79369e-08
pi2_0_0_0_0_l_0_0_0_0 = 8.33224e-08
pi2_0_0_0_0_l_0_0_0_0_0 = 8.06564e-08
pi2_0_0_0_0_l_0_0_0_0_0_0 = 7.68196e-08
pi2_0_0_0_0_l_0_0_0_0_0_0_0 = 7.45458e-08
pi2_0_0_0_0_l_0_0_0_0_0_0_0_0 = 7.12522e-08
pi2_0_0_0_0_l_0_0_0_0_0_0_0_0_0 = 6.93325e-08
pi2_0_0_0_0_l_0_0_0_0_0_0_0_0_0_0 = 6.64356e-08
pi2_0_0_0_0_l_0_0_0_0_0_0_0_0_0_0_0 = 6.48296e-08
pi2_0_0_0_0_l_0_0_0_0_0_0_0_0_0_0_0_0 = 6.22238e-08
pi2_0_0_0_0_l_0_0_0_0_0_0_0_0_0_0_0_0_0 = 6.09029e-08
pi2_0_0_0_0_l_0_0_0_0_0_0_0_0_0_0_0_0_0_0 = 5.85025e-08
pi2_0_0_0_0_l_0_0_0_0_0_0_0_0_0_0_0_0_0_0_0 = 5.74548e-08
pi2_0_0_0_0_l_0_0_0_0_0_0_0_0_0_0_0_0_0_0_0_0 = 5.51796e-08
pi2_0_0_0_0_l_0_0_0_0_0_0_0_0_0_0_0_0_0_0_0_0_0 = 5.44153e-08
pi2_0_0_0_0_l_0_0_0_0_0_0_0_0_0_0_0_0_0_0_0_0_0_0 = 5.21758e-08
pi2_0_0_0_0_l_0_0_0_0_0_0_0_0_0_0_0_0_0_0_0_0_0_0_0 = 5.17393e-08
pi2_0_0_0_0_l_0_0_0_0_0_0_0_0_0_0_0_0_0_0_0_0_0_0_0_0 = 4.94131e-08
