DD_0_0 = -4.7801e-10
DD_0_0_l_0 = 2.38146e-09
DD_0_0_l_0_0 = 1.50504e-09
DD_0_0_l_0_0_0 = 1.97035e-09
DD_0_0_l_0_0_0_0 = 1.51055e-09
DD_0_0_l_0_0_0_0_0 = 1.65932e-09
DD_0_0_l_0_0_0_0_0_0 = 1.36169e-09
DD_0_0_l_0_0_0_0_0_0_0 = 1.41739e-09
DD_0_0_l_0_0_0_0_0_0_0_0 = 1.20594e-09
DD_0_0_l_0_0_0_0_0_0_0_0_0 = 1.22476e-09
DD_0_0_l_0_0_0_0_0_0_0_0_0_0 = 1.0678e-09
Dr_0_0 = -6.44525e-09
Dr_0_0_l_0 = 4.87694e-10
Dr_0_0_l_0_0 = 9.18436e-10
Dr_0_0_l_0_0_0 = 1.88373e-09
Dr_0_0_l_0_0_0_0 = 2.04408e-09
Dr_0_0_l_0_0_0_0_0 = 2.27623e-09
Dr_0_0_l_0_0_0_0_0_0 = 2.33529e-09
Dr_0_0_l_0_0_0_0_0_0_0 = 2.36836e-09
Dr_0_0_l_0_0_0_0_0_0_0_0 = 2.37812e-09
Dr_0_0_l_0_0_0_0_0_0_0_0_0 = 2.34514e-09
Dr_0_0_l_0_0_0_0_0_0_0_0_0_0 = 2.32618e-09
Dr_0_0_l_0_0_0_0_0_0_0_0_0_0_0 = 2.24959e-09
Hl_0_0 = 8.84616e-05
Hl_0_0_l_0 = 9.55283e-05
Hl_0_0_l_0_0 = 8.65937e-05
Hl_0_0_l_0_0_0 = 8.69819e-05
Hl_0_0_l_0_0_0_0 = 8.029e-05
Hl_0_0_l_0_0_0_0_0 = 7.99068e-05
Hl_0_0_l_0_0_0_0_0_0 = 7.43746e-05
Hl_0_0_l_0_0_0_0_0_0_0 = 7.39526e-05
Hl_0_0_l_0_0_0_0_0_0_0_0 = 6.91323e-05
Hl_0_0_l_0_0_0_0_0_0_0_0_0 = 6.88766e-05
Hl_0_0_l_0_0_0_0_0_0_0_0_0_0 = 6.4508e-05
Hr_0_0 = 0.00101214
I = 1
pi2_0_0_0_0 = 9.22076e-08
pi2_0_0_0_0_l_0 = 9.81273e-08
pi2_0_0_0_0_l_0_0 = 8.8663e-08
pi2_0_0_0_0_l_0_0_0 = 8.88338e-08
pi2_0_0_0_0_l_0_0_0_0 = 8.18772e-08
pi2_0_0_0_0_l_0_0_0_0_0 = 8.14062e-08
pi2_0_0_0_0_l_0_0_0_0_0_0 = 7.5701e-08
pi2_0_0_0_0_l_0_0_0_0_0_0_0 = 7.52362e-08
pi2_0_0_0_0_l_0_0_0_0_0_0_0_0 = 7.02857e-08
pi2_0_0_0_0_l_0_0_0_0_0_0_0_0_0 = 7.00103e-08
pi2_0_0_0_0_l_0_0_0_0_0_0_0_0_0_0 = 6.55331e-08
