DD_0_0 = -4.6737e-10
DD_0_0_l_0 = 2.38086e-09
DD_0_0_l_0_0 = 1.50563e-09
DD_0_0_l_0_0_0 = 1.96933e-09
DD_0_0_l_0_0_0_0 = 1.51005e-09
DD_0_0_l_0_0_0_0_0 = 1.65833e-09
DD_0_0_l_0_0_0_0_0_0 = 1.361e-09
DD_0_0_l_0_0_0_0_0_0_0 = 1.41653e-09
DD_0_0_l_0_0_0_0_0_0_0_0 = 1.20525e-09
DD_0_0_l_0_0_0_0_0_0_0_0_0 = 1.22402e-09
DD_0_0_l_0_0_0_0_0_0_0_0_0_0 = 1.06716e-09
Dr_0_0 = -6.4007e-09
Dr_0_0_l_0 = 5.04762e-10
Dr_0_0_l_0_0 = 9.29687e-10
Dr_0_0_l_0_0_0 = 1.89063e-09
Dr_0_0_l_0_0_0_0 = 2.04852e-09
Dr_0_0_l_0_0_0_0_0 = 2.27929e-09
Dr_0_0_l_0_0_0_0_0_0 = 2.33701e-09
Dr_0_0_l_0_0_0_0_0_0_0 = 2.36958e-09
Dr_0_0_l_0_0_0_0_0_0_0_0 = 2.37852e-09
Dr_0_0_l_0_0_0_0_0_0_0_0_0 = 2.34539e-09
Dr_0_0_l_0_0_0_0_0_0_0_0_0_0 = 2.32585e-09
Dr_0_0_l_0_0_0_0_0_0_0_0_0_0_0 = 2.24903e-09
Hl_0_0 = 8.84616e-05
Hl_0_0_l_0 = 9.55283e-05
Hl_0_0_l_0_0 = 8.65937e-05
Hl_0_0_l_0_0_0 = 8.69819e-05
Hl_0_0_l_0_0_0_0 = 8.029e-05
Hl_0_0_l_0_0_0_0_0 = 7.99068e-05
Hl_0_0_l_0_0_0_0_0_0 = 7.43746e-05
Hl_0_0_l_0_0_0_0_0_0_0 = 7.39526e-05
Hl_0_0_l_0_0_0_0_0_0_0_0 = 6.91323e-05
Hl_0_0_l_0_0_0_0_0_0_0_0_0 = 6.88766e-05
Hl_0_0_l_0_0_0_0_0_0_0_0_0_0 = 6.4508e-05
Hr_0_0 = 0.00101214
I = 1
pi2_0_0_0_0 = 9.21978e-08
pi2_0_0_0_0_l_0 = 9.81213e-08
pi2_0_0_0_0_l_0_0 = 8.86588e-08
pi2_0_0_0_0_l_0_0_0 = 8.88305e-08
pi2_0_0_0_0_l_0_0_0_0 = 8.18747e-08
pi2_0_0_0_0_l_0_0_0_0_0 = 8.1404e-08
pi2_0_0_0_0_l_0_0_0_0_0_0 = 7.56992e-08
pi2_0_0_0_0_l_0_0_0_0_0_0_0 = 7.52345e-08
pi2_0_0_0_0_l_0_0_0_0_0_0_0_0 = 7.02844e-08
pi2_0_0_0_0_l_0_0_0_0_0_0_0_0_0 = 7.0009e-08
pi2_0_0_0_0_l_0_0_0_0_0_0_0_0_0_0 = 6.55322e-08
