DD_0_0 = 1.12776e-09
DD_0_0_l_0 = 2.20527e-09
DD_0_0_l_0_0 = 1.86152e-09
Dr_0_0 = 9.98951e-10
Dr_0_0_l_0 = 2.06078e-09
Dr_0_0_l_0_0 = 3.01312e-09
Dr_0_0_l_0_0_0 = 3.0601e-09
Hl_0_0 = 8.95192e-05
Hl_0_0_l_0 = 9.55384e-05
Hl_0_0_l_0_0 = 8.69678e-05
Hr_0_0 = 0.00101212
I = 1
pi2_0_0_0_0 = 9.09844e-08
pi2_0_0_0_0_l_0 = 9.72588e-08
pi2_0_0_0_0_l_0_0 = 8.83426e-08
