DD_0_0 = -3.64811e-10
DD_0_0_l_0 = 2.37421e-09
DD_0_0_l_0_0 = 1.51084e-09
DD_0_0_l_0_0_0 = 1.95886e-09
DD_0_0_l_0_0_0_0 = 1.50482e-09
DD_0_0_l_0_0_0_0_0 = 1.64841e-09
DD_0_0_l_0_0_0_0_0_0 = 1.35399e-09
DD_0_0_l_0_0_0_0_0_0_0 = 1.40785e-09
DD_0_0_l_0_0_0_0_0_0_0_0 = 1.19833e-09
DD_0_0_l_0_0_0_0_0_0_0_0_0 = 1.21658e-09
DD_0_0_l_0_0_0_0_0_0_0_0_0_0 = 1.06082e-09
Dr_0_0 = -5.9708e-09
Dr_0_0_l_0 = 6.67011e-10
Dr_0_0_l_0_0 = 1.03635e-09
Dr_0_0_l_0_0_0 = 1.95514e-09
Dr_0_0_l_0_0_0_0 = 2.08953e-09
Dr_0_0_l_0_0_0_0_0 = 2.30699e-09
Dr_0_0_l_0_0_0_0_0_0 = 2.35204e-09
Dr_0_0_l_0_0_0_0_0_0_0 = 2.37984e-09
Dr_0_0_l_0_0_0_0_0_0_0_0 = 2.38091e-09
Dr_0_0_l_0_0_0_0_0_0_0_0_0 = 2.34646e-09
Dr_0_0_l_0_0_0_0_0_0_0_0_0_0 = 2.32147e-09
Dr_0_0_l_0_0_0_0_0_0_0_0_0_0_0 = 2.24247e-09
Hl_0_0 = 8.84616e-05
Hl_0_0_l_0 = 9.55283e-05
Hl_0_0_l_0_0 = 8.65937e-05
Hl_0_0_l_0_0_0 = 8.69819e-05
Hl_0_0_l_0_0_0_0 = 8.029e-05
Hl_0_0_l_0_0_0_0_0 = 7.99068e-05
Hl_0_0_l_0_0_0_0_0_0 = 7.43746e-05
Hl_0_0_l_0_0_0_0_0_0_0 = 7.39526e-05
Hl_0_0_l_0_0_0_0_0_0_0_0 = 6.91323e-05
Hl_0_0_l_0_0_0_0_0_0_0_0_0 = 6.88766e-05
Hl_0_0_l_0_0_0_0_0_0_0_0_0_0 = 6.4508e-05
Hr_0_0 = 0.00101214
I = 1
pi2_0_0_0_0 = 9.21015e-08
pi2_0_0_0_0_l_0 = 9.80629e-08
pi2_0_0_0_0_l_0_0 = 8.86189e-08
pi2_0_0_0_0_l_0_0_0 = 8.8798e-08
pi2_0_0_0_0_l_0_0_0_0 = 8.18504e-08
pi2_0_0_0_0_l_0_0_0_0_0 = 8.13825e-08
pi2_0_0_0_0_l_0_0_0_0_0_0 = 7.56825e-08
pi2_0_0_0_0_l_0_0_0_0_0_0_0 = 7.52189e-08
pi2_0_0_0_0_l_0_0_0_0_0_0_0_0 = 7.02721e-08
pi2_0_0_0_0_l_0_0_0_0_0_0_0_0_0 = 6.9997e-08
pi2_0_0_0_0_l_0_0_0_0_0_0_0_0_0_0 = 6.55226e-08
