DD_0_0 = 4.53632e-09
DD_0_0_l_0 = 2.08092e-09
DD_0_0_l_0_0 = 2.40636e-09
DD_0_0_l_0_0_0 = 1.75988e-09
DD_0_0_l_0_0_0_0 = 1.83502e-09
DD_0_0_l_0_0_0_0_0 = 1.50003e-09
Dr_0_0 = 1.06458e-08
Dr_0_0_l_0 = 5.72819e-09
Dr_0_0_l_0_0 = 5.3495e-09
Dr_0_0_l_0_0_0 = 4.44732e-09
Dr_0_0_l_0_0_0_0 = 4.18455e-09
Dr_0_0_l_0_0_0_0_0 = 3.78176e-09
Dr_0_0_l_0_0_0_0_0_0 = 3.40746e-09
Hl_0_0 = 0.000114746
Hl_0_0_l_0 = 9.42539e-05
Hl_0_0_l_0_0 = 9.54865e-05
Hl_0_0_l_0_0_0 = 8.56692e-05
Hl_0_0_l_0_0_0_0 = 8.58111e-05
Hl_0_0_l_0_0_0_0_0 = 7.85399e-05
Hr_0_0 = 0.00101206
I = 1
pi2_0_0_0_0 = 1.14258e-07
pi2_0_0_0_0_l_0 = 9.46886e-08
pi2_0_0_0_0_l_0_0 = 9.60224e-08
pi2_0_0_0_0_l_0_0_0 = 8.63724e-08
pi2_0_0_0_0_l_0_0_0_0 = 8.65012e-08
pi2_0_0_0_0_l_0_0_0_0_0 = 7.92839e-08
