DD_0_0 = 1.20635e-09
DD_0_0_l_0 = 2.08607e-09
DD_0_0_l_0_0 = 1.74012e-09
Dr_0_0 = 1.19335e-09
Dr_0_0_l_0 = 2.06408e-09
Dr_0_0_l_0_0 = 2.79652e-09
Dr_0_0_l_0_0_0 = 2.77692e-09
Hl_0_0 = 8.95192e-05
Hl_0_0_l_0 = 9.55384e-05
Hl_0_0_l_0_0 = 8.69678e-05
Hr_0_0 = 0.00101212
I = 1
pi2_0_0_0_0 = 9.09422e-08
pi2_0_0_0_0_l_0 = 9.71538e-08
pi2_0_0_0_0_l_0_0 = 8.82881e-08
