DD_0_0 = 9.97042e-10
DD_0_0_l_0 = 1.19659e-09
DD_0_0_l_0_0 = 1.0099e-09
Dr_0_0 = 8.25749e-10
Dr_0_0_l_0 = 1.00198e-09
Dr_0_0_l_0_0 = 1.13419e-09
Dr_0_0_l_0_0_0 = 1.07833e-09
Hl_0_0 = 8.95192e-05
Hl_0_0_l_0 = 9.55384e-05
Hl_0_0_l_0_0 = 8.69678e-05
Hr_0_0 = 0.00101212
I = 1
pi2_0_0_0_0 = 9.0711e-08
pi2_0_0_0_0_l_0 = 9.68066e-08
pi2_0_0_0_0_l_0_0 = 8.80934e-08
