DD_0_0 = 9.63181e-10
DD_0_0_l_0 = 1.21192e-09
DD_0_0_l_0_0 = 9.85174e-10
DD_0_0_l_0_0_0 = 1.02998e-09
DD_0_0_l_0_0_0_0 = 8.79435e-10
DD_0_0_l_0_0_0_0_0 = 8.92895e-10
DD_0_0_l_0_0_0_0_0_0 = 7.79308e-10
DD_0_0_l_0_0_0_0_0_0_0 = 7.84036e-10
DD_0_0_l_0_0_0_0_0_0_0_0 = 6.93242e-10
DD_0_0_l_0_0_0_0_0_0_0_0_0 = 6.95086e-10
DD_0_0_l_0_0_0_0_0_0_0_0_0_0 = 6.20565e-10
Dr_0_0 = 6.77092e-10
Dr_0_0_l_0 = 1.11161e-09
Dr_0_0_l_0_0 = 1.00442e-09
Dr_0_0_l_0_0_0 = 1.07069e-09
Dr_0_0_l_0_0_0_0 = 1.02197e-09
Dr_0_0_l_0_0_0_0_0 = 1.02705e-09
Dr_0_0_l_0_0_0_0_0_0 = 9.98093e-10
Dr_0_0_l_0_0_0_0_0_0_0 = 9.82521e-10
Dr_0_0_l_0_0_0_0_0_0_0_0 = 9.62208e-10
Dr_0_0_l_0_0_0_0_0_0_0_0_0 = 9.38904e-10
Dr_0_0_l_0_0_0_0_0_0_0_0_0_0 = 9.22265e-10
Dr_0_0_l_0_0_0_0_0_0_0_0_0_0_0 = 8.88205e-10
Hl_0_0 = 8.84616e-05
Hl_0_0_l_0 = 9.55283e-05
Hl_0_0_l_0_0 = 8.65937e-05
Hl_0_0_l_0_0_0 = 8.69819e-05
Hl_0_0_l_0_0_0_0 = 8.029e-05
Hl_0_0_l_0_0_0_0_0 = 7.99068e-05
Hl_0_0_l_0_0_0_0_0_0 = 7.43746e-05
Hl_0_0_l_0_0_0_0_0_0_0 = 7.39526e-05
Hl_0_0_l_0_0_0_0_0_0_0_0 = 6.91323e-05
Hl_0_0_l_0_0_0_0_0_0_0_0_0 = 6.88766e-05
Hl_0_0_l_0_0_0_0_0_0_0_0_0_0 = 6.4508e-05
Hr_0_0 = 0.00101212
I = 1
pi2_0_0_0_0 = 8.97486e-08
pi2_0_0_0_0_l_0 = 9.67892e-08
pi2_0_0_0_0_l_0_0 = 8.77286e-08
pi2_0_0_0_0_l_0_0_0 = 8.81031e-08
pi2_0_0_0_0_l_0_0_0_0 = 8.13205e-08
pi2_0_0_0_0_l_0_0_0_0_0 = 8.09255e-08
pi2_0_0_0_0_l_0_0_0_0_0_0 = 7.53199e-08
pi2_0_0_0_0_l_0_0_0_0_0_0_0 = 7.48888e-08
pi2_0_0_0_0_l_0_0_0_0_0_0_0_0 = 7.00057e-08
pi2_0_0_0_0_l_0_0_0_0_0_0_0_0_0 = 6.97443e-08
pi2_0_0_0_0_l_0_0_0_0_0_0_0_0_0_0 = 6.53192e-08
