DD_0_0 = 2.66456e-10
DD_0_0_l_0 = 2.13896e-10
DD_0_0_l_0_0 = 2.17284e-10
DD_0_0_l_0_0_0 = 1.92046e-10
DD_0_0_l_0_0_0_0 = 1.92499e-10
DD_0_0_l_0_0_0_0_0 = 1.73883e-10
Dr_0_0 = 4.80463e-11
Dr_0_0_l_0 = 4.2371e-11
Dr_0_0_l_0_0 = 4.5472e-11
Dr_0_0_l_0_0_0 = 4.45838e-11
Dr_0_0_l_0_0_0_0 = 4.54462e-11
Dr_0_0_l_0_0_0_0_0 = 4.84828e-11
Dr_0_0_l_0_0_0_0_0_0 = 4.72824e-11
Hl_0_0 = 0.000114746
Hl_0_0_l_0 = 9.42539e-05
Hl_0_0_l_0_0 = 9.54865e-05
Hl_0_0_l_0_0_0 = 8.56692e-05
Hl_0_0_l_0_0_0_0 = 8.58111e-05
Hl_0_0_l_0_0_0_0_0 = 7.85399e-05
Hr_0_0 = 0.00101213
I = 1
pi2_0_0_0_0 = 1.16137e-07
pi2_0_0_0_0_l_0 = 9.53978e-08
pi2_0_0_0_0_l_0_0 = 9.66454e-08
pi2_0_0_0_0_l_0_0_0 = 8.67091e-08
pi2_0_0_0_0_l_0_0_0_0 = 8.68531e-08
pi2_0_0_0_0_l_0_0_0_0_0 = 7.94935e-08
