DD_0_0 = 4.09543e-10
DD_0_0_l_0 = 5.80534e-10
DD_0_0_l_0_0 = 5.37576e-10
Dr_0_0 = 5.86966e-10
Dr_0_0_l_0 = 7.57129e-10
Dr_0_0_l_0_0 = 9.18534e-10
Dr_0_0_l_0_0_0 = 9.43535e-10
Hl_0_0 = 4.6859e-05
Hl_0_0_l_0 = 4.88285e-05
Hl_0_0_l_0_0 = 4.65116e-05
Hr_0_0 = 0.00101212
I = 1
pi2_0_0_0_0 = 4.74779e-08
pi2_0_0_0_0_l_0 = 4.9518e-08
pi2_0_0_0_0_l_0_0 = 4.71328e-08
