DD_0_0 = -4.57959e-10
DD_0_0_l_0 = 5.85921e-10
DD_0_0_l_0_0 = 3.58164e-10
DD_0_0_l_0_0_0 = 5.39837e-10
DD_0_0_l_0_0_0_0 = 4.32815e-10
DD_0_0_l_0_0_0_0_0 = 4.95049e-10
DD_0_0_l_0_0_0_0_0_0 = 4.30176e-10
DD_0_0_l_0_0_0_0_0_0_0 = 4.54472e-10
DD_0_0_l_0_0_0_0_0_0_0_0 = 4.1012e-10
DD_0_0_l_0_0_0_0_0_0_0_0_0 = 4.18202e-10
DD_0_0_l_0_0_0_0_0_0_0_0_0_0 = 3.85917e-10
Dr_0_0 = -3.30206e-09
Dr_0_0_l_0 = -5.52345e-10
Dr_0_0_l_0_0 = -2.86447e-10
Dr_0_0_l_0_0_0 = 1.3554e-10
Dr_0_0_l_0_0_0_0 = 2.70661e-10
Dr_0_0_l_0_0_0_0_0 = 3.96803e-10
Dr_0_0_l_0_0_0_0_0_0 = 4.80123e-10
Dr_0_0_l_0_0_0_0_0_0_0 = 5.19341e-10
Dr_0_0_l_0_0_0_0_0_0_0_0 = 5.76059e-10
Dr_0_0_l_0_0_0_0_0_0_0_0_0 = 5.80984e-10
Dr_0_0_l_0_0_0_0_0_0_0_0_0_0 = 6.22107e-10
Dr_0_0_l_0_0_0_0_0_0_0_0_0_0_0 = 6.35146e-10
Hl_0_0 = 4.36403e-05
Hl_0_0_l_0 = 4.8909e-05
Hl_0_0_l_0_0 = 4.54346e-05
Hl_0_0_l_0_0_0 = 4.65923e-05
Hl_0_0_l_0_0_0_0 = 4.40687e-05
Hl_0_0_l_0_0_0_0_0 = 4.44912e-05
Hl_0_0_l_0_0_0_0_0_0 = 4.24174e-05
Hl_0_0_l_0_0_0_0_0_0_0 = 4.25765e-05
Hl_0_0_l_0_0_0_0_0_0_0_0 = 4.07775e-05
Hl_0_0_l_0_0_0_0_0_0_0_0_0 = 4.08243e-05
Hl_0_0_l_0_0_0_0_0_0_0_0_0_0 = 3.92149e-05
Hr_0_0 = 0.00101216
I = 1
pi2_0_0_0_0 = 4.52878e-08
pi2_0_0_0_0_l_0 = 5.01554e-08
pi2_0_0_0_0_l_0_0 = 4.64372e-08
pi2_0_0_0_0_l_0_0_0 = 4.7532e-08
pi2_0_0_0_0_l_0_0_0_0 = 4.48853e-08
pi2_0_0_0_0_l_0_0_0_0_0 = 4.5288e-08
pi2_0_0_0_0_l_0_0_0_0_0_0 = 4.31336e-08
pi2_0_0_0_0_l_0_0_0_0_0_0_0 = 4.32858e-08
pi2_0_0_0_0_l_0_0_0_0_0_0_0_0 = 4.14266e-08
pi2_0_0_0_0_l_0_0_0_0_0_0_0_0_0 = 4.14722e-08
pi2_0_0_0_0_l_0_0_0_0_0_0_0_0_0_0 = 3.98152e-08
