DD_0_0 = 4.09873e-10
DD_0_0_l_0 = 5.82398e-10
DD_0_0_l_0_0 = 5.39641e-10
Dr_0_0 = 5.88908e-10
Dr_0_0_l_0 = 7.60231e-10
Dr_0_0_l_0_0 = 9.23646e-10
Dr_0_0_l_0_0_0 = 9.49513e-10
Hl_0_0 = 4.6859e-05
Hl_0_0_l_0 = 4.88285e-05
Hl_0_0_l_0_0 = 4.65116e-05
Hr_0_0 = 0.00101212
I = 1
pi2_0_0_0_0 = 4.74778e-08
pi2_0_0_0_0_l_0 = 4.95189e-08
pi2_0_0_0_0_l_0_0 = 4.71333e-08
