DD_0_0 = 1.4092e-09
DD_0_0_l_0 = 6.48491e-10
DD_0_0_l_0_0 = 7.39392e-10
DD_0_0_l_0_0_0 = 5.76204e-10
DD_0_0_l_0_0_0_0 = 5.97612e-10
DD_0_0_l_0_0_0_0_0 = 5.20722e-10
Dr_0_0 = 4.47511e-09
Dr_0_0_l_0 = 2.35042e-09
Dr_0_0_l_0_0 = 2.20847e-09
Dr_0_0_l_0_0_0 = 1.78221e-09
Dr_0_0_l_0_0_0_0 = 1.71083e-09
Dr_0_0_l_0_0_0_0_0 = 1.51494e-09
Dr_0_0_l_0_0_0_0_0_0 = 1.36873e-09
Hl_0_0 = 5.56991e-05
Hl_0_0_l_0 = 4.86075e-05
Hl_0_0_l_0_0 = 4.94693e-05
Hl_0_0_l_0_0_0 = 4.62897e-05
Hl_0_0_l_0_0_0_0 = 4.65107e-05
Hl_0_0_l_0_0_0_0_0 = 4.41859e-05
Hr_0_0 = 0.00101207
I = 1
pi2_0_0_0_0 = 5.52971e-08
pi2_0_0_0_0_l_0 = 4.87753e-08
pi2_0_0_0_0_l_0_0 = 4.96686e-08
pi2_0_0_0_0_l_0_0_0 = 4.66199e-08
pi2_0_0_0_0_l_0_0_0_0 = 4.68319e-08
pi2_0_0_0_0_l_0_0_0_0_0 = 4.45613e-08
