DD_0_0 = 1.39011e-09
DD_0_0_l_0 = 6.42963e-10
DD_0_0_l_0_0 = 7.33385e-10
DD_0_0_l_0_0_0 = 5.72485e-10
DD_0_0_l_0_0_0_0 = 5.93784e-10
DD_0_0_l_0_0_0_0_0 = 5.17815e-10
Dr_0_0 = 4.37785e-09
Dr_0_0_l_0 = 2.30297e-09
Dr_0_0_l_0_0 = 2.16547e-09
Dr_0_0_l_0_0_0 = 1.75084e-09
Dr_0_0_l_0_0_0_0 = 1.68093e-09
Dr_0_0_l_0_0_0_0_0 = 1.49087e-09
Dr_0_0_l_0_0_0_0_0_0 = 1.34843e-09
Hl_0_0 = 5.56991e-05
Hl_0_0_l_0 = 4.86075e-05
Hl_0_0_l_0_0 = 4.94693e-05
Hl_0_0_l_0_0_0 = 4.62897e-05
Hl_0_0_l_0_0_0_0 = 4.65107e-05
Hl_0_0_l_0_0_0_0_0 = 4.41859e-05
Hr_0_0 = 0.00101207
I = 1
pi2_0_0_0_0 = 5.53228e-08
pi2_0_0_0_0_l_0 = 4.87855e-08
pi2_0_0_0_0_l_0_0 = 4.96787e-08
pi2_0_0_0_0_l_0_0_0 = 4.66258e-08
pi2_0_0_0_0_l_0_0_0_0 = 4.68382e-08
pi2_0_0_0_0_l_0_0_0_0_0 = 4.45656e-08
