DD_0_0 = 1.22526e-09
DD_0_0_l_0 = 5.94872e-10
DD_0_0_l_0_0 = 6.80355e-10
DD_0_0_l_0_0_0 = 5.39137e-10
DD_0_0_l_0_0_0_0 = 5.59355e-10
DD_0_0_l_0_0_0_0_0 = 4.91319e-10
Dr_0_0 = 3.56149e-09
Dr_0_0_l_0 = 1.9039e-09
Dr_0_0_l_0_0 = 1.80404e-09
Dr_0_0_l_0_0_0 = 1.48541e-09
Dr_0_0_l_0_0_0_0 = 1.42802e-09
Dr_0_0_l_0_0_0_0_0 = 1.28592e-09
Dr_0_0_l_0_0_0_0_0_0 = 1.1747e-09
Hl_0_0 = 5.56991e-05
Hl_0_0_l_0 = 4.86075e-05
Hl_0_0_l_0_0 = 4.94693e-05
Hl_0_0_l_0_0_0 = 4.62897e-05
Hl_0_0_l_0_0_0_0 = 4.65107e-05
Hl_0_0_l_0_0_0_0_0 = 4.41859e-05
Hr_0_0 = 0.00101208
I = 1
pi2_0_0_0_0 = 5.55375e-08
pi2_0_0_0_0_l_0 = 4.88715e-08
pi2_0_0_0_0_l_0_0 = 4.97629e-08
pi2_0_0_0_0_l_0_0_0 = 4.66747e-08
pi2_0_0_0_0_l_0_0_0_0 = 4.68905e-08
pi2_0_0_0_0_l_0_0_0_0_0 = 4.46009e-08
