DD_0_0 = 4.05923e-10
DD_0_0_l_0 = 5.62087e-10
DD_0_0_l_0_0 = 5.17589e-10
Dr_0_0 = 5.68097e-10
Dr_0_0_l_0 = 7.2635e-10
Dr_0_0_l_0_0 = 8.6881e-10
Dr_0_0_l_0_0_0 = 8.86056e-10
Hl_0_0 = 4.6859e-05
Hl_0_0_l_0 = 4.88285e-05
Hl_0_0_l_0_0 = 4.65116e-05
Hr_0_0 = 0.00101212
I = 1
pi2_0_0_0_0 = 4.74779e-08
pi2_0_0_0_0_l_0 = 4.95095e-08
pi2_0_0_0_0_l_0_0 = 4.7128e-08
