DD_0_0 = -4.41939e-10
DD_0_0_l_0 = 6.19569e-10
DD_0_0_l_0_0 = 3.3596e-10
DD_0_0_l_0_0_0 = 5.46849e-10
DD_0_0_l_0_0_0_0 = 4.08736e-10
DD_0_0_l_0_0_0_0_0 = 4.93873e-10
DD_0_0_l_0_0_0_0_0_0 = 4.07295e-10
DD_0_0_l_0_0_0_0_0_0_0 = 4.50317e-10
DD_0_0_l_0_0_0_0_0_0_0_0 = 3.88863e-10
DD_0_0_l_0_0_0_0_0_0_0_0_0 = 4.13063e-10
DD_0_0_l_0_0_0_0_0_0_0_0_0_0 = 3.66213e-10
DD_0_0_l_0_0_0_0_0_0_0_0_0_0_0 = 3.80603e-10
DD_0_0_l_0_0_0_0_0_0_0_0_0_0_0_0 = 3.43252e-10
DD_0_0_l_0_0_0_0_0_0_0_0_0_0_0_0_0 = 3.52e-10
DD_0_0_l_0_0_0_0_0_0_0_0_0_0_0_0_0_0 = 3.21337e-10
DD_0_0_l_0_0_0_0_0_0_0_0_0_0_0_0_0_0_0 = 3.2659e-10
DD_0_0_l_0_0_0_0_0_0_0_0_0_0_0_0_0_0_0_0 = 3.00926e-10
DD_0_0_l_0_0_0_0_0_0_0_0_0_0_0_0_0_0_0_0_0 = 3.03868e-10
DD_0_0_l_0_0_0_0_0_0_0_0_0_0_0_0_0_0_0_0_0_0 = 2.82132e-10
DD_0_0_l_0_0_0_0_0_0_0_0_0_0_0_0_0_0_0_0_0_0_0 = 2.83427e-10
DD_0_0_l_0_0_0_0_0_0_0_0_0_0_0_0_0_0_0_0_0_0_0_0 = 2.64924e-10
Dr_0_0 = -3.47766e-09
Dr_0_0_l_0 = -3.4048e-10
Dr_0_0_l_0_0 = -3.10706e-10
Dr_0_0_l_0_0_0 = 2.30663e-10
Dr_0_0_l_0_0_0_0 = 2.48656e-10
Dr_0_0_l_0_0_0_0_0 = 4.43603e-10
Dr_0_0_l_0_0_0_0_0_0 = 4.5326e-10
Dr_0_0_l_0_0_0_0_0_0_0 = 5.40939e-10
Dr_0_0_l_0_0_0_0_0_0_0_0 = 5.4508e-10
Dr_0_0_l_0_0_0_0_0_0_0_0_0 = 5.87911e-10
Dr_0_0_l_0_0_0_0_0_0_0_0_0_0 = 5.88285e-10
Dr_0_0_l_0_0_0_0_0_0_0_0_0_0_0 = 6.09233e-10
Dr_0_0_l_0_0_0_0_0_0_0_0_0_0_0_0 = 6.06927e-10
Dr_0_0_l_0_0_0_0_0_0_0_0_0_0_0_0_0 = 6.16237e-10
Dr_0_0_l_0_0_0_0_0_0_0_0_0_0_0_0_0_0 = 6.11932e-10
Dr_0_0_l_0_0_0_0_0_0_0_0_0_0_0_0_0_0_0 = 6.14791e-10
Dr_0_0_l_0_0_0_0_0_0_0_0_0_0_0_0_0_0_0_0 = 6.08921e-10
Dr_0_0_l_0_0_0_0_0_0_0_0_0_0_0_0_0_0_0_0_0 = 6.08202e-10
Dr_0_0_l_0_0_0_0_0_0_0_0_0_0_0_0_0_0_0_0_0_0 = 6.01035e-10
Dr_0_0_l_0_0_0_0_0_0_0_0_0_0_0_0_0_0_0_0_0_0_0 = 5.98451e-10
Dr_0_0_l_0_0_0_0_0_0_0_0_0_0_0_0_0_0_0_0_0_0_0_0 = 5.90143e-10
Dr_0_0_l_0_0_0_0_0_0_0_0_0_0_0_0_0_0_0_0_0_0_0_0_0 = 5.8077e-10
Hl_0_0 = 4.43433e-05
Hl_0_0_l_0 = 4.88915e-05
Hl_0_0_l_0_0 = 4.56698e-05
Hl_0_0_l_0_0_0 = 4.65747e-05
Hl_0_0_l_0_0_0_0 = 4.4211e-05
Hl_0_0_l_0_0_0_0_0 = 4.44734e-05
Hl_0_0_l_0_0_0_0_0_0 = 4.25205e-05
Hl_0_0_l_0_0_0_0_0_0_0 = 4.25585e-05
Hl_0_0_l_0_0_0_0_0_0_0_0 = 4.08592e-05
Hl_0_0_l_0_0_0_0_0_0_0_0_0 = 4.0806e-05
Hl_0_0_l_0_0_0_0_0_0_0_0_0_0 = 3.92834e-05
Hl_0_0_l_0_0_0_0_0_0_0_0_0_0_0 = 3.9196e-05
Hl_0_0_l_0_0_0_0_0_0_0_0_0_0_0_0 = 3.78048e-05
Hl_0_0_l_0_0_0_0_0_0_0_0_0_0_0_0_0 = 3.77121e-05
Hl_0_0_l_0_0_0_0_0_0_0_0_0_0_0_0_0_0 = 3.64221e-05
Hl_0_0_l_0_0_0_0_0_0_0_0_0_0_0_0_0_0_0 = 3.634e-05
Hl_0_0_l_0_0_0_0_0_0_0_0_0_0_0_0_0_0_0_0 = 3.51293e-05
Hl_0_0_l_0_0_0_0_0_0_0_0_0_0_0_0_0_0_0_0_0 = 3.50679e-05
Hl_0_0_l_0_0_0_0_0_0_0_0_0_0_0_0_0_0_0_0_0_0 = 3.39193e-05
Hl_0_0_l_0_0_0_0_0_0_0_0_0_0_0_0_0_0_0_0_0_0_0 = 3.38858e-05
Hl_0_0_l_0_0_0_0_0_0_0_0_0_0_0_0_0_0_0_0_0_0_0_0 = 3.27849e-05
Hr_0_0 = 0.00101216
I = 1
pi2_0_0_0_0 = 4.62275e-08
pi2_0_0_0_0_l_0 = 5.016e-08
pi2_0_0_0_0_l_0_0 = 4.67299e-08
pi2_0_0_0_0_l_0_0_0 = 4.75221e-08
pi2_0_0_0_0_l_0_0_0_0 = 4.50566e-08
pi2_0_0_0_0_l_0_0_0_0_0 = 4.52731e-08
pi2_0_0_0_0_l_0_0_0_0_0_0 = 4.32553e-08
pi2_0_0_0_0_l_0_0_0_0_0_0_0 = 4.32685e-08
pi2_0_0_0_0_l_0_0_0_0_0_0_0_0 = 4.15218e-08
pi2_0_0_0_0_l_0_0_0_0_0_0_0_0_0 = 4.14533e-08
pi2_0_0_0_0_l_0_0_0_0_0_0_0_0_0_0 = 3.98932e-08
pi2_0_0_0_0_l_0_0_0_0_0_0_0_0_0_0_0 = 3.97957e-08
pi2_0_0_0_0_l_0_0_0_0_0_0_0_0_0_0_0_0 = 3.83731e-08
pi2_0_0_0_0_l_0_0_0_0_0_0_0_0_0_0_0_0_0 = 3.82734e-08
pi2_0_0_0_0_l_0_0_0_0_0_0_0_0_0_0_0_0_0_0 = 3.69563e-08
pi2_0_0_0_0_l_0_0_0_0_0_0_0_0_0_0_0_0_0_0_0 = 3.68695e-08
pi2_0_0_0_0_l_0_0_0_0_0_0_0_0_0_0_0_0_0_0_0_0 = 3.56346e-08
pi2_0_0_0_0_l_0_0_0_0_0_0_0_0_0_0_0_0_0_0_0_0_0 = 3.55702e-08
pi2_0_0_0_0_l_0_0_0_0_0_0_0_0_0_0_0_0_0_0_0_0_0_0 = 3.43995e-08
pi2_0_0_0_0_l_0_0_0_0_0_0_0_0_0_0_0_0_0_0_0_0_0_0_0 = 3.43643e-08
pi2_0_0_0_0_l_0_0_0_0_0_0_0_0_0_0_0_0_0_0_0_0_0_0_0_0 = 3.32428e-08
