DD_0_0 = 3.44285e-10
DD_0_0_l_0 = 4.09727e-10
DD_0_0_l_0_0 = 3.71895e-10
Dr_0_0 = 3.88526e-10
Dr_0_0_l_0 = 4.55287e-10
Dr_0_0_l_0_0 = 5.01315e-10
Dr_0_0_l_0_0_0 = 4.93574e-10
Hl_0_0 = 4.6859e-05
Hl_0_0_l_0 = 4.88285e-05
Hl_0_0_l_0_0 = 4.65116e-05
Hr_0_0 = 0.00101212
I = 1
pi2_0_0_0_0 = 4.74589e-08
pi2_0_0_0_0_l_0 = 4.94572e-08
pi2_0_0_0_0_l_0_0 = 4.70983e-08
