DD_0_0 = 2.38933e-10
DD_0_0_l_0 = 4.38728e-10
DD_0_0_l_0_0 = 3.36943e-10
DD_0_0_l_0_0_0 = 3.89393e-10
DD_0_0_l_0_0_0_0 = 3.30026e-10
DD_0_0_l_0_0_0_0_0 = 3.54209e-10
DD_0_0_l_0_0_0_0_0_0 = 3.1221e-10
DD_0_0_l_0_0_0_0_0_0_0 = 3.25446e-10
DD_0_0_l_0_0_0_0_0_0_0_0 = 2.92932e-10
DD_0_0_l_0_0_0_0_0_0_0_0_0 = 3.00813e-10
DD_0_0_l_0_0_0_0_0_0_0_0_0_0 = 2.74333e-10
DD_0_0_l_0_0_0_0_0_0_0_0_0_0_0 = 2.79253e-10
DD_0_0_l_0_0_0_0_0_0_0_0_0_0_0_0 = 2.56996e-10
DD_0_0_l_0_0_0_0_0_0_0_0_0_0_0_0_0 = 2.60139e-10
DD_0_0_l_0_0_0_0_0_0_0_0_0_0_0_0_0_0 = 2.41045e-10
DD_0_0_l_0_0_0_0_0_0_0_0_0_0_0_0_0_0_0 = 2.43043e-10
DD_0_0_l_0_0_0_0_0_0_0_0_0_0_0_0_0_0_0_0 = 2.26444e-10
DD_0_0_l_0_0_0_0_0_0_0_0_0_0_0_0_0_0_0_0_0 = 2.27643e-10
DD_0_0_l_0_0_0_0_0_0_0_0_0_0_0_0_0_0_0_0_0_0 = 2.13109e-10
DD_0_0_l_0_0_0_0_0_0_0_0_0_0_0_0_0_0_0_0_0_0_0 = 2.13684e-10
DD_0_0_l_0_0_0_0_0_0_0_0_0_0_0_0_0_0_0_0_0_0_0_0 = 2.00942e-10
Dr_0_0 = -1.113e-11
Dr_0_0_l_0 = 4.85608e-10
Dr_0_0_l_0_0 = 3.86707e-10
Dr_0_0_l_0_0_0 = 4.83284e-10
Dr_0_0_l_0_0_0_0 = 4.38963e-10
Dr_0_0_l_0_0_0_0_0 = 4.74382e-10
Dr_0_0_l_0_0_0_0_0_0 = 4.4844e-10
Dr_0_0_l_0_0_0_0_0_0_0 = 4.63162e-10
Dr_0_0_l_0_0_0_0_0_0_0_0 = 4.45452e-10
Dr_0_0_l_0_0_0_0_0_0_0_0_0 = 4.51036e-10
Dr_0_0_l_0_0_0_0_0_0_0_0_0_0 = 4.37595e-10
Dr_0_0_l_0_0_0_0_0_0_0_0_0_0_0 = 4.38633e-10
Dr_0_0_l_0_0_0_0_0_0_0_0_0_0_0_0 = 4.27587e-10
Dr_0_0_l_0_0_0_0_0_0_0_0_0_0_0_0_0 = 4.26279e-10
Dr_0_0_l_0_0_0_0_0_0_0_0_0_0_0_0_0_0 = 4.16609e-10
Dr_0_0_l_0_0_0_0_0_0_0_0_0_0_0_0_0_0_0 = 4.14158e-10
Dr_0_0_l_0_0_0_0_0_0_0_0_0_0_0_0_0_0_0_0 = 4.05242e-10
Dr_0_0_l_0_0_0_0_0_0_0_0_0_0_0_0_0_0_0_0_0 = 4.02381e-10
Dr_0_0_l_0_0_0_0_0_0_0_0_0_0_0_0_0_0_0_0_0_0 = 3.93792e-10
Dr_0_0_l_0_0_0_0_0_0_0_0_0_0_0_0_0_0_0_0_0_0_0 = 3.91016e-10
Dr_0_0_l_0_0_0_0_0_0_0_0_0_0_0_0_0_0_0_0_0_0_0_0 = 3.82424e-10
Dr_0_0_l_0_0_0_0_0_0_0_0_0_0_0_0_0_0_0_0_0_0_0_0_0 = 3.74557e-10
Hl_0_0 = 4.43433e-05
Hl_0_0_l_0 = 4.88915e-05
Hl_0_0_l_0_0 = 4.56698e-05
Hl_0_0_l_0_0_0 = 4.65747e-05
Hl_0_0_l_0_0_0_0 = 4.4211e-05
Hl_0_0_l_0_0_0_0_0 = 4.44734e-05
Hl_0_0_l_0_0_0_0_0_0 = 4.25205e-05
Hl_0_0_l_0_0_0_0_0_0_0 = 4.25585e-05
Hl_0_0_l_0_0_0_0_0_0_0_0 = 4.08592e-05
Hl_0_0_l_0_0_0_0_0_0_0_0_0 = 4.0806e-05
Hl_0_0_l_0_0_0_0_0_0_0_0_0_0 = 3.92834e-05
Hl_0_0_l_0_0_0_0_0_0_0_0_0_0_0 = 3.9196e-05
Hl_0_0_l_0_0_0_0_0_0_0_0_0_0_0_0 = 3.78048e-05
Hl_0_0_l_0_0_0_0_0_0_0_0_0_0_0_0_0 = 3.77121e-05
Hl_0_0_l_0_0_0_0_0_0_0_0_0_0_0_0_0_0 = 3.64221e-05
Hl_0_0_l_0_0_0_0_0_0_0_0_0_0_0_0_0_0_0 = 3.634e-05
Hl_0_0_l_0_0_0_0_0_0_0_0_0_0_0_0_0_0_0_0 = 3.51293e-05
Hl_0_0_l_0_0_0_0_0_0_0_0_0_0_0_0_0_0_0_0_0 = 3.50679e-05
Hl_0_0_l_0_0_0_0_0_0_0_0_0_0_0_0_0_0_0_0_0_0 = 3.39193e-05
Hl_0_0_l_0_0_0_0_0_0_0_0_0_0_0_0_0_0_0_0_0_0_0 = 3.38858e-05
Hl_0_0_l_0_0_0_0_0_0_0_0_0_0_0_0_0_0_0_0_0_0_0_0 = 3.27849e-05
Hr_0_0 = 0.00101213
I = 1
pi2_0_0_0_0 = 4.51069e-08
pi2_0_0_0_0_l_0 = 4.95776e-08
pi2_0_0_0_0_l_0_0 = 4.62999e-08
pi2_0_0_0_0_l_0_0_0 = 4.71934e-08
pi2_0_0_0_0_l_0_0_0_0 = 4.47932e-08
pi2_0_0_0_0_l_0_0_0_0_0 = 4.50503e-08
pi2_0_0_0_0_l_0_0_0_0_0_0 = 4.30691e-08
pi2_0_0_0_0_l_0_0_0_0_0_0_0 = 4.31032e-08
pi2_0_0_0_0_l_0_0_0_0_0_0_0_0 = 4.13802e-08
pi2_0_0_0_0_l_0_0_0_0_0_0_0_0_0 = 4.13238e-08
pi2_0_0_0_0_l_0_0_0_0_0_0_0_0_0_0 = 3.97805e-08
pi2_0_0_0_0_l_0_0_0_0_0_0_0_0_0_0_0 = 3.96905e-08
pi2_0_0_0_0_l_0_0_0_0_0_0_0_0_0_0_0_0 = 3.82807e-08
pi2_0_0_0_0_l_0_0_0_0_0_0_0_0_0_0_0_0_0 = 3.81856e-08
pi2_0_0_0_0_l_0_0_0_0_0_0_0_0_0_0_0_0_0_0 = 3.68787e-08
pi2_0_0_0_0_l_0_0_0_0_0_0_0_0_0_0_0_0_0_0_0 = 3.67948e-08
pi2_0_0_0_0_l_0_0_0_0_0_0_0_0_0_0_0_0_0_0_0_0 = 3.55683e-08
pi2_0_0_0_0_l_0_0_0_0_0_0_0_0_0_0_0_0_0_0_0_0_0 = 3.55056e-08
pi2_0_0_0_0_l_0_0_0_0_0_0_0_0_0_0_0_0_0_0_0_0_0_0 = 3.43421e-08
pi2_0_0_0_0_l_0_0_0_0_0_0_0_0_0_0_0_0_0_0_0_0_0_0_0 = 3.43077e-08
pi2_0_0_0_0_l_0_0_0_0_0_0_0_0_0_0_0_0_0_0_0_0_0_0_0_0 = 3.31925e-08
