DD_0_0 = 8.90969e-11
DD_0_0_l_0 = 1.02899e-10
DD_0_0_l_0_0 = 9.35603e-11
DD_0_0_l_0_0_0 = 9.67313e-11
DD_0_0_l_0_0_0_0 = 9.00433e-11
DD_0_0_l_0_0_0_0_0 = 9.12687e-11
DD_0_0_l_0_0_0_0_0_0 = 8.58338e-11
DD_0_0_l_0_0_0_0_0_0_0 = 8.6348e-11
DD_0_0_l_0_0_0_0_0_0_0_0 = 8.16825e-11
DD_0_0_l_0_0_0_0_0_0_0_0_0 = 8.1875e-11
DD_0_0_l_0_0_0_0_0_0_0_0_0_0 = 7.77659e-11
Dr_0_0 = 2.80968e-11
Dr_0_0_l_0 = 3.47651e-11
Dr_0_0_l_0_0 = 3.30221e-11
Dr_0_0_l_0_0_0 = 3.52188e-11
Dr_0_0_l_0_0_0_0 = 3.43673e-11
Dr_0_0_l_0_0_0_0_0 = 3.55485e-11
Dr_0_0_l_0_0_0_0_0_0 = 3.51346e-11
Dr_0_0_l_0_0_0_0_0_0_0 = 3.57025e-11
Dr_0_0_l_0_0_0_0_0_0_0_0 = 3.574e-11
Dr_0_0_l_0_0_0_0_0_0_0_0_0 = 3.55974e-11
Dr_0_0_l_0_0_0_0_0_0_0_0_0_0 = 3.64263e-11
Dr_0_0_l_0_0_0_0_0_0_0_0_0_0_0 = 3.6234e-11
Hl_0_0 = 4.36403e-05
Hl_0_0_l_0 = 4.8909e-05
Hl_0_0_l_0_0 = 4.54346e-05
Hl_0_0_l_0_0_0 = 4.65923e-05
Hl_0_0_l_0_0_0_0 = 4.40687e-05
Hl_0_0_l_0_0_0_0_0 = 4.44912e-05
Hl_0_0_l_0_0_0_0_0_0 = 4.24174e-05
Hl_0_0_l_0_0_0_0_0_0_0 = 4.25765e-05
Hl_0_0_l_0_0_0_0_0_0_0_0 = 4.07775e-05
Hl_0_0_l_0_0_0_0_0_0_0_0_0 = 4.08243e-05
Hl_0_0_l_0_0_0_0_0_0_0_0_0_0 = 3.92149e-05
Hr_0_0 = 0.00101213
I = 1
pi2_0_0_0_0 = 4.41727e-08
pi2_0_0_0_0_l_0 = 4.95036e-08
pi2_0_0_0_0_l_0_0 = 4.59869e-08
pi2_0_0_0_0_l_0_0_0 = 4.71584e-08
pi2_0_0_0_0_l_0_0_0_0 = 4.46041e-08
pi2_0_0_0_0_l_0_0_0_0_0 = 4.50316e-08
pi2_0_0_0_0_l_0_0_0_0_0_0 = 4.29326e-08
pi2_0_0_0_0_l_0_0_0_0_0_0_0 = 4.30936e-08
pi2_0_0_0_0_l_0_0_0_0_0_0_0_0 = 4.12726e-08
pi2_0_0_0_0_l_0_0_0_0_0_0_0_0_0 = 4.13201e-08
pi2_0_0_0_0_l_0_0_0_0_0_0_0_0_0_0 = 3.9691e-08
