DD_0_0 = 9.08777e-11
DD_0_0_l_0 = 1.02797e-10
DD_0_0_l_0_0 = 9.41537e-11
DD_0_0_l_0_0_0 = 9.66537e-11
DD_0_0_l_0_0_0_0 = 9.04008e-11
DD_0_0_l_0_0_0_0_0 = 9.12011e-11
DD_0_0_l_0_0_0_0_0_0 = 8.60911e-11
DD_0_0_l_0_0_0_0_0_0_0 = 8.62869e-11
DD_0_0_l_0_0_0_0_0_0_0_0 = 8.18817e-11
DD_0_0_l_0_0_0_0_0_0_0_0_0 = 8.18257e-11
DD_0_0_l_0_0_0_0_0_0_0_0_0_0 = 7.79115e-11
DD_0_0_l_0_0_0_0_0_0_0_0_0_0_0 = 7.77555e-11
DD_0_0_l_0_0_0_0_0_0_0_0_0_0_0_0 = 7.42069e-11
DD_0_0_l_0_0_0_0_0_0_0_0_0_0_0_0_0 = 7.40271e-11
DD_0_0_l_0_0_0_0_0_0_0_0_0_0_0_0_0_0 = 7.07614e-11
DD_0_0_l_0_0_0_0_0_0_0_0_0_0_0_0_0_0_0 = 7.06001e-11
DD_0_0_l_0_0_0_0_0_0_0_0_0_0_0_0_0_0_0_0 = 6.7558e-11
DD_0_0_l_0_0_0_0_0_0_0_0_0_0_0_0_0_0_0_0_0 = 6.74403e-11
DD_0_0_l_0_0_0_0_0_0_0_0_0_0_0_0_0_0_0_0_0_0 = 6.45777e-11
DD_0_0_l_0_0_0_0_0_0_0_0_0_0_0_0_0_0_0_0_0_0_0 = 6.45176e-11
DD_0_0_l_0_0_0_0_0_0_0_0_0_0_0_0_0_0_0_0_0_0_0_0 = 6.18033e-11
Dr_0_0 = 2.87948e-11
Dr_0_0_l_0 = 3.4764e-11
Dr_0_0_l_0_0 = 3.32424e-11
Dr_0_0_l_0_0_0 = 3.52343e-11
Dr_0_0_l_0_0_0_0 = 3.44755e-11
Dr_0_0_l_0_0_0_0_0 = 3.56011e-11
Dr_0_0_l_0_0_0_0_0_0 = 3.51413e-11
Dr_0_0_l_0_0_0_0_0_0_0 = 3.58609e-11
Dr_0_0_l_0_0_0_0_0_0_0_0 = 3.55537e-11
Dr_0_0_l_0_0_0_0_0_0_0_0_0 = 3.60262e-11
Dr_0_0_l_0_0_0_0_0_0_0_0_0_0 = 3.58111e-11
Dr_0_0_l_0_0_0_0_0_0_0_0_0_0_0 = 3.61096e-11
Dr_0_0_l_0_0_0_0_0_0_0_0_0_0_0_0 = 3.59604e-11
Dr_0_0_l_0_0_0_0_0_0_0_0_0_0_0_0_0 = 3.61216e-11
Dr_0_0_l_0_0_0_0_0_0_0_0_0_0_0_0_0_0 = 3.60308e-11
Dr_0_0_l_0_0_0_0_0_0_0_0_0_0_0_0_0_0_0 = 3.60691e-11
Dr_0_0_l_0_0_0_0_0_0_0_0_0_0_0_0_0_0_0_0 = 3.60448e-11
Dr_0_0_l_0_0_0_0_0_0_0_0_0_0_0_0_0_0_0_0_0 = 3.59545e-11
Dr_0_0_l_0_0_0_0_0_0_0_0_0_0_0_0_0_0_0_0_0_0 = 3.60248e-11
Dr_0_0_l_0_0_0_0_0_0_0_0_0_0_0_0_0_0_0_0_0_0_0 = 3.57723e-11
Dr_0_0_l_0_0_0_0_0_0_0_0_0_0_0_0_0_0_0_0_0_0_0_0 = 3.59981e-11
Dr_0_0_l_0_0_0_0_0_0_0_0_0_0_0_0_0_0_0_0_0_0_0_0_0 = 3.57565e-11
Hl_0_0 = 4.43433e-05
Hl_0_0_l_0 = 4.88915e-05
Hl_0_0_l_0_0 = 4.56698e-05
Hl_0_0_l_0_0_0 = 4.65747e-05
Hl_0_0_l_0_0_0_0 = 4.4211e-05
Hl_0_0_l_0_0_0_0_0 = 4.44734e-05
Hl_0_0_l_0_0_0_0_0_0 = 4.25205e-05
Hl_0_0_l_0_0_0_0_0_0_0 = 4.25585e-05
Hl_0_0_l_0_0_0_0_0_0_0_0 = 4.08592e-05
Hl_0_0_l_0_0_0_0_0_0_0_0_0 = 4.0806e-05
Hl_0_0_l_0_0_0_0_0_0_0_0_0_0 = 3.92834e-05
Hl_0_0_l_0_0_0_0_0_0_0_0_0_0_0 = 3.9196e-05
Hl_0_0_l_0_0_0_0_0_0_0_0_0_0_0_0 = 3.78048e-05
Hl_0_0_l_0_0_0_0_0_0_0_0_0_0_0_0_0 = 3.77121e-05
Hl_0_0_l_0_0_0_0_0_0_0_0_0_0_0_0_0_0 = 3.64221e-05
Hl_0_0_l_0_0_0_0_0_0_0_0_0_0_0_0_0_0_0 = 3.634e-05
Hl_0_0_l_0_0_0_0_0_0_0_0_0_0_0_0_0_0_0_0 = 3.51293e-05
Hl_0_0_l_0_0_0_0_0_0_0_0_0_0_0_0_0_0_0_0_0 = 3.50679e-05
Hl_0_0_l_0_0_0_0_0_0_0_0_0_0_0_0_0_0_0_0_0_0 = 3.39193e-05
Hl_0_0_l_0_0_0_0_0_0_0_0_0_0_0_0_0_0_0_0_0_0_0 = 3.38858e-05
Hl_0_0_l_0_0_0_0_0_0_0_0_0_0_0_0_0_0_0_0_0_0_0_0 = 3.27849e-05
Hr_0_0 = 0.00101213
I = 1
pi2_0_0_0_0 = 4.4884e-08
pi2_0_0_0_0_l_0 = 4.94858e-08
pi2_0_0_0_0_l_0_0 = 4.6225e-08
pi2_0_0_0_0_l_0_0_0 = 4.71405e-08
pi2_0_0_0_0_l_0_0_0_0 = 4.47481e-08
pi2_0_0_0_0_l_0_0_0_0_0 = 4.50136e-08
pi2_0_0_0_0_l_0_0_0_0_0_0 = 4.3037e-08
pi2_0_0_0_0_l_0_0_0_0_0_0_0 = 4.30753e-08
pi2_0_0_0_0_l_0_0_0_0_0_0_0_0 = 4.13554e-08
pi2_0_0_0_0_l_0_0_0_0_0_0_0_0_0 = 4.13015e-08
pi2_0_0_0_0_l_0_0_0_0_0_0_0_0_0_0 = 3.97604e-08
pi2_0_0_0_0_l_0_0_0_0_0_0_0_0_0_0_0 = 3.96719e-08
pi2_0_0_0_0_l_0_0_0_0_0_0_0_0_0_0_0_0 = 3.82638e-08
pi2_0_0_0_0_l_0_0_0_0_0_0_0_0_0_0_0_0_0 = 3.81699e-08
pi2_0_0_0_0_l_0_0_0_0_0_0_0_0_0_0_0_0_0_0 = 3.68643e-08
pi2_0_0_0_0_l_0_0_0_0_0_0_0_0_0_0_0_0_0_0_0 = 3.67812e-08
pi2_0_0_0_0_l_0_0_0_0_0_0_0_0_0_0_0_0_0_0_0_0 = 3.55558e-08
pi2_0_0_0_0_l_0_0_0_0_0_0_0_0_0_0_0_0_0_0_0_0_0 = 3.54936e-08
pi2_0_0_0_0_l_0_0_0_0_0_0_0_0_0_0_0_0_0_0_0_0_0_0 = 3.43311e-08
pi2_0_0_0_0_l_0_0_0_0_0_0_0_0_0_0_0_0_0_0_0_0_0_0_0 = 3.42971e-08
pi2_0_0_0_0_l_0_0_0_0_0_0_0_0_0_0_0_0_0_0_0_0_0_0_0_0 = 3.31829e-08
