DD_0_0 = 3.60827e-11
DD_0_0_l_0 = 2.58795e-11
DD_0_0_l_0_0 = 2.70621e-11
DD_0_0_l_0_0_0 = 2.50724e-11
DD_0_0_l_0_0_0_0 = 2.53517e-11
DD_0_0_l_0_0_0_0_0 = 2.44662e-11
Dr_0_0 = 1.04063e-10
Dr_0_0_l_0 = 7.00797e-11
Dr_0_0_l_0_0 = 6.82716e-11
Dr_0_0_l_0_0_0 = 6.1342e-11
Dr_0_0_l_0_0_0_0 = 6.04947e-11
Dr_0_0_l_0_0_0_0_0 = 5.73309e-11
Dr_0_0_l_0_0_0_0_0_0 = 5.49682e-11
Hl_0_0 = 1.03215e-05
Hl_0_0_l_0 = 9.94839e-06
Hl_0_0_l_0_0 = 1.00077e-05
Hl_0_0_l_0_0_0 = 9.84988e-06
Hl_0_0_l_0_0_0_0 = 9.86729e-06
Hl_0_0_l_0_0_0_0_0 = 9.75331e-06
Hr_0_0 = 0.00101212
I = 1
pi2_0_0_0_0 = 1.04254e-08
pi2_0_0_0_0_l_0 = 1.00606e-08
pi2_0_0_0_0_l_0_0 = 1.01207e-08
pi2_0_0_0_0_l_0_0_0 = 9.96429e-09
pi2_0_0_0_0_l_0_0_0_0 = 9.98164e-09
pi2_0_0_0_0_l_0_0_0_0_0 = 9.86785e-09
