DD_0_0 = 5.35937e-12
DD_0_0_l_0 = 2.41369e-11
DD_0_0_l_0_0 = 2.08811e-11
DD_0_0_l_0_0_0 = 2.40868e-11
DD_0_0_l_0_0_0_0 = 2.26907e-11
DD_0_0_l_0_0_0_0_0 = 2.37856e-11
DD_0_0_l_0_0_0_0_0_0 = 2.29856e-11
DD_0_0_l_0_0_0_0_0_0_0 = 2.34141e-11
DD_0_0_l_0_0_0_0_0_0_0_0 = 2.28764e-11
DD_0_0_l_0_0_0_0_0_0_0_0_0 = 2.30194e-11
DD_0_0_l_0_0_0_0_0_0_0_0_0_0 = 2.26191e-11
Dr_0_0 = -3.96767e-11
Dr_0_0_l_0 = 1.1557e-11
Dr_0_0_l_0_0 = 1.87932e-11
Dr_0_0_l_0_0_0 = 2.66124e-11
Dr_0_0_l_0_0_0_0 = 3.04142e-11
Dr_0_0_l_0_0_0_0_0 = 3.27766e-11
Dr_0_0_l_0_0_0_0_0_0 = 3.52115e-11
Dr_0_0_l_0_0_0_0_0_0_0 = 3.59854e-11
Dr_0_0_l_0_0_0_0_0_0_0_0 = 3.7705e-11
Dr_0_0_l_0_0_0_0_0_0_0_0_0 = 3.7856e-11
Dr_0_0_l_0_0_0_0_0_0_0_0_0_0 = 3.91429e-11
Dr_0_0_l_0_0_0_0_0_0_0_0_0_0_0 = 3.99515e-11
Hl_0_0 = 9.52868e-06
Hl_0_0_l_0 = 9.95236e-06
Hl_0_0_l_0_0 = 9.74337e-06
Hl_0_0_l_0_0_0 = 9.85385e-06
Hl_0_0_l_0_0_0_0 = 9.70865e-06
Hl_0_0_l_0_0_0_0_0 = 9.75727e-06
Hl_0_0_l_0_0_0_0_0_0 = 9.63993e-06
Hl_0_0_l_0_0_0_0_0_0_0 = 9.66258e-06
Hl_0_0_l_0_0_0_0_0_0_0_0 = 9.5611e-06
Hl_0_0_l_0_0_0_0_0_0_0_0_0 = 9.56971e-06
Hl_0_0_l_0_0_0_0_0_0_0_0_0_0 = 9.47862e-06
Hr_0_0 = 0.00101214
I = 1
pi2_0_0_0_0 = 9.66601e-09
pi2_0_0_0_0_l_0 = 1.00874e-08
pi2_0_0_0_0_l_0_0 = 9.8712e-09
pi2_0_0_0_0_l_0_0_0 = 9.98192e-09
pi2_0_0_0_0_l_0_0_0_0 = 9.83278e-09
pi2_0_0_0_0_l_0_0_0_0_0 = 9.8817e-09
pi2_0_0_0_0_l_0_0_0_0_0_0 = 9.76161e-09
pi2_0_0_0_0_l_0_0_0_0_0_0_0 = 9.78448e-09
pi2_0_0_0_0_l_0_0_0_0_0_0_0_0 = 9.68086e-09
pi2_0_0_0_0_l_0_0_0_0_0_0_0_0_0 = 9.68961e-09
pi2_0_0_0_0_l_0_0_0_0_0_0_0_0_0_0 = 9.59677e-09
