DD_0_0 = 2.13443e-11
DD_0_0_l_0 = 2.26918e-11
DD_0_0_l_0_0 = 2.23195e-11
Dr_0_0 = 3.68498e-11
Dr_0_0_l_0 = 3.82683e-11
Dr_0_0_l_0_0 = 3.95075e-11
Dr_0_0_l_0_0_0 = 3.97044e-11
Hl_0_0 = 9.85517e-06
Hl_0_0_l_0 = 9.95072e-06
Hl_0_0_l_0_0 = 9.85221e-06
Hr_0_0 = 0.00101213
I = 1
pi2_0_0_0_0 = 9.97506e-09
pi2_0_0_0_0_l_0 = 1.00722e-08
pi2_0_0_0_0_l_0_0 = 9.97212e-09
