DD_0_0 = 1.02184e-11
DD_0_0_l_0 = 2.3088e-11
DD_0_0_l_0_0 = 2.00465e-11
DD_0_0_l_0_0_0 = 2.24438e-11
DD_0_0_l_0_0_0_0 = 2.11035e-11
DD_0_0_l_0_0_0_0_0 = 2.19649e-11
DD_0_0_l_0_0_0_0_0_0 = 2.11866e-11
DD_0_0_l_0_0_0_0_0_0_0 = 2.15353e-11
DD_0_0_l_0_0_0_0_0_0_0_0 = 2.10102e-11
DD_0_0_l_0_0_0_0_0_0_0_0_0 = 2.11295e-11
DD_0_0_l_0_0_0_0_0_0_0_0_0_0 = 2.074e-11
Dr_0_0 = -1.42679e-11
Dr_0_0_l_0 = 2.21531e-11
Dr_0_0_l_0_0 = 2.42464e-11
Dr_0_0_l_0_0_0 = 2.97919e-11
Dr_0_0_l_0_0_0_0 = 3.11508e-11
Dr_0_0_l_0_0_0_0_0 = 3.27981e-11
Dr_0_0_l_0_0_0_0_0_0 = 3.37684e-11
Dr_0_0_l_0_0_0_0_0_0_0 = 3.42814e-11
Dr_0_0_l_0_0_0_0_0_0_0_0 = 3.50117e-11
Dr_0_0_l_0_0_0_0_0_0_0_0_0 = 3.5082e-11
Dr_0_0_l_0_0_0_0_0_0_0_0_0_0 = 3.56503e-11
Dr_0_0_l_0_0_0_0_0_0_0_0_0_0_0 = 3.594e-11
Hl_0_0 = 9.52868e-06
Hl_0_0_l_0 = 9.95236e-06
Hl_0_0_l_0_0 = 9.74337e-06
Hl_0_0_l_0_0_0 = 9.85385e-06
Hl_0_0_l_0_0_0_0 = 9.70865e-06
Hl_0_0_l_0_0_0_0_0 = 9.75727e-06
Hl_0_0_l_0_0_0_0_0_0 = 9.63993e-06
Hl_0_0_l_0_0_0_0_0_0_0 = 9.66258e-06
Hl_0_0_l_0_0_0_0_0_0_0_0 = 9.5611e-06
Hl_0_0_l_0_0_0_0_0_0_0_0_0 = 9.56971e-06
Hl_0_0_l_0_0_0_0_0_0_0_0_0_0 = 9.47862e-06
Hr_0_0 = 0.00101213
I = 1
pi2_0_0_0_0 = 9.66009e-09
pi2_0_0_0_0_l_0 = 1.00825e-08
pi2_0_0_0_0_l_0_0 = 9.86804e-09
pi2_0_0_0_0_l_0_0_0 = 9.97891e-09
pi2_0_0_0_0_l_0_0_0_0 = 9.83059e-09
pi2_0_0_0_0_l_0_0_0_0_0 = 9.87953e-09
pi2_0_0_0_0_l_0_0_0_0_0_0 = 9.75994e-09
pi2_0_0_0_0_l_0_0_0_0_0_0_0 = 9.78278e-09
pi2_0_0_0_0_l_0_0_0_0_0_0_0_0 = 9.6795e-09
pi2_0_0_0_0_l_0_0_0_0_0_0_0_0_0 = 9.68822e-09
pi2_0_0_0_0_l_0_0_0_0_0_0_0_0_0_0 = 9.59561e-09
