DD_0_0 = 1.12894e-11
DD_0_0_l_0 = 1.27697e-11
DD_0_0_l_0_0 = 1.20297e-11
DD_0_0_l_0_0_0 = 1.24705e-11
DD_0_0_l_0_0_0_0 = 1.2027e-11
DD_0_0_l_0_0_0_0_0 = 1.22339e-11
DD_0_0_l_0_0_0_0_0_0 = 1.19201e-11
DD_0_0_l_0_0_0_0_0_0_0 = 1.2021e-11
DD_0_0_l_0_0_0_0_0_0_0_0 = 1.17812e-11
DD_0_0_l_0_0_0_0_0_0_0_0_0 = 1.18211e-11
DD_0_0_l_0_0_0_0_0_0_0_0_0_0 = 1.16301e-11
Dr_0_0 = 9.80216e-12
Dr_0_0_l_0 = 1.25715e-11
Dr_0_0_l_0_0 = 1.18034e-11
Dr_0_0_l_0_0_0 = 1.24217e-11
Dr_0_0_l_0_0_0_0 = 1.21252e-11
Dr_0_0_l_0_0_0_0_0 = 1.23393e-11
Dr_0_0_l_0_0_0_0_0_0 = 1.22197e-11
Dr_0_0_l_0_0_0_0_0_0_0 = 1.22763e-11
Dr_0_0_l_0_0_0_0_0_0_0_0 = 1.22418e-11
Dr_0_0_l_0_0_0_0_0_0_0_0_0 = 1.22208e-11
Dr_0_0_l_0_0_0_0_0_0_0_0_0_0 = 1.22322e-11
Dr_0_0_l_0_0_0_0_0_0_0_0_0_0_0 = 1.21995e-11
Hl_0_0 = 9.52868e-06
Hl_0_0_l_0 = 9.95236e-06
Hl_0_0_l_0_0 = 9.74337e-06
Hl_0_0_l_0_0_0 = 9.85385e-06
Hl_0_0_l_0_0_0_0 = 9.70865e-06
Hl_0_0_l_0_0_0_0_0 = 9.75727e-06
Hl_0_0_l_0_0_0_0_0_0 = 9.63993e-06
Hl_0_0_l_0_0_0_0_0_0_0 = 9.66258e-06
Hl_0_0_l_0_0_0_0_0_0_0_0 = 9.5611e-06
Hl_0_0_l_0_0_0_0_0_0_0_0_0 = 9.56971e-06
Hl_0_0_l_0_0_0_0_0_0_0_0_0_0 = 9.47862e-06
Hr_0_0 = 0.00101213
I = 1
pi2_0_0_0_0 = 9.64549e-09
pi2_0_0_0_0_l_0 = 1.00735e-08
pi2_0_0_0_0_l_0_0 = 9.86191e-09
pi2_0_0_0_0_l_0_0_0 = 9.97361e-09
pi2_0_0_0_0_l_0_0_0_0 = 9.8266e-09
pi2_0_0_0_0_l_0_0_0_0_0 = 9.87578e-09
pi2_0_0_0_0_l_0_0_0_0_0_0 = 9.75698e-09
pi2_0_0_0_0_l_0_0_0_0_0_0_0 = 9.77989e-09
pi2_0_0_0_0_l_0_0_0_0_0_0_0_0 = 9.67715e-09
pi2_0_0_0_0_l_0_0_0_0_0_0_0_0_0 = 9.68587e-09
pi2_0_0_0_0_l_0_0_0_0_0_0_0_0_0_0 = 9.59365e-09
