DD_0_0 = 1.03653e-11
DD_0_0_l_0 = 1.2935e-11
DD_0_0_l_0_0 = 1.17123e-11
DD_0_0_l_0_0_0 = 1.25719e-11
DD_0_0_l_0_0_0_0 = 1.18328e-11
DD_0_0_l_0_0_0_0_0 = 1.23088e-11
DD_0_0_l_0_0_0_0_0_0 = 1.17787e-11
DD_0_0_l_0_0_0_0_0_0_0 = 1.20818e-11
DD_0_0_l_0_0_0_0_0_0_0_0 = 1.16689e-11
DD_0_0_l_0_0_0_0_0_0_0_0_0 = 1.18733e-11
DD_0_0_l_0_0_0_0_0_0_0_0_0_0 = 1.15361e-11
DD_0_0_l_0_0_0_0_0_0_0_0_0_0_0 = 1.16766e-11
DD_0_0_l_0_0_0_0_0_0_0_0_0_0_0_0 = 1.13927e-11
DD_0_0_l_0_0_0_0_0_0_0_0_0_0_0_0_0 = 1.14885e-11
DD_0_0_l_0_0_0_0_0_0_0_0_0_0_0_0_0_0 = 1.12446e-11
DD_0_0_l_0_0_0_0_0_0_0_0_0_0_0_0_0_0_0 = 1.13074e-11
DD_0_0_l_0_0_0_0_0_0_0_0_0_0_0_0_0_0_0_0 = 1.10948e-11
DD_0_0_l_0_0_0_0_0_0_0_0_0_0_0_0_0_0_0_0_0 = 1.11321e-11
DD_0_0_l_0_0_0_0_0_0_0_0_0_0_0_0_0_0_0_0_0_0 = 1.09451e-11
DD_0_0_l_0_0_0_0_0_0_0_0_0_0_0_0_0_0_0_0_0_0_0 = 1.09619e-11
DD_0_0_l_0_0_0_0_0_0_0_0_0_0_0_0_0_0_0_0_0_0_0_0 = 1.07964e-11
Dr_0_0 = 7.74848e-12
Dr_0_0_l_0 = 1.282e-11
Dr_0_0_l_0_0 = 1.1156e-11
Dr_0_0_l_0_0_0 = 1.25653e-11
Dr_0_0_l_0_0_0_0 = 1.17506e-11
Dr_0_0_l_0_0_0_0_0 = 1.2438e-11
Dr_0_0_l_0_0_0_0_0_0 = 1.19598e-11
Dr_0_0_l_0_0_0_0_0_0_0 = 1.235e-11
Dr_0_0_l_0_0_0_0_0_0_0_0 = 1.2045e-11
Dr_0_0_l_0_0_0_0_0_0_0_0_0 = 1.22784e-11
Dr_0_0_l_0_0_0_0_0_0_0_0_0_0 = 1.20754e-11
Dr_0_0_l_0_0_0_0_0_0_0_0_0_0_0 = 1.22147e-11
Dr_0_0_l_0_0_0_0_0_0_0_0_0_0_0_0 = 1.2077e-11
Dr_0_0_l_0_0_0_0_0_0_0_0_0_0_0_0_0 = 1.21553e-11
Dr_0_0_l_0_0_0_0_0_0_0_0_0_0_0_0_0_0 = 1.20617e-11
Dr_0_0_l_0_0_0_0_0_0_0_0_0_0_0_0_0_0_0 = 1.20983e-11
Dr_0_0_l_0_0_0_0_0_0_0_0_0_0_0_0_0_0_0_0 = 1.20357e-11
Dr_0_0_l_0_0_0_0_0_0_0_0_0_0_0_0_0_0_0_0_0 = 1.20428e-11
Dr_0_0_l_0_0_0_0_0_0_0_0_0_0_0_0_0_0_0_0_0_0 = 1.20024e-11
Dr_0_0_l_0_0_0_0_0_0_0_0_0_0_0_0_0_0_0_0_0_0_0 = 1.19881e-11
Dr_0_0_l_0_0_0_0_0_0_0_0_0_0_0_0_0_0_0_0_0_0_0_0 = 1.1964e-11
Dr_0_0_l_0_0_0_0_0_0_0_0_0_0_0_0_0_0_0_0_0_0_0_0_0 = 1.19239e-11
Hl_0_0 = 9.22363e-06
Hl_0_0_l_0 = 9.95388e-06
Hl_0_0_l_0_0 = 9.64167e-06
Hl_0_0_l_0_0_0 = 9.85537e-06
Hl_0_0_l_0_0_0_0 = 9.64761e-06
Hl_0_0_l_0_0_0_0_0 = 9.7588e-06
Hl_0_0_l_0_0_0_0_0_0 = 9.59631e-06
Hl_0_0_l_0_0_0_0_0_0_0 = 9.66411e-06
Hl_0_0_l_0_0_0_0_0_0_0_0 = 9.52714e-06
Hl_0_0_l_0_0_0_0_0_0_0_0_0 = 9.57124e-06
Hl_0_0_l_0_0_0_0_0_0_0_0_0_0 = 9.45081e-06
Hl_0_0_l_0_0_0_0_0_0_0_0_0_0_0 = 9.48015e-06
Hl_0_0_l_0_0_0_0_0_0_0_0_0_0_0_0 = 9.37141e-06
Hl_0_0_l_0_0_0_0_0_0_0_0_0_0_0_0_0 = 9.39078e-06
Hl_0_0_l_0_0_0_0_0_0_0_0_0_0_0_0_0_0 = 9.2908e-06
Hl_0_0_l_0_0_0_0_0_0_0_0_0_0_0_0_0_0_0 = 9.30309e-06
Hl_0_0_l_0_0_0_0_0_0_0_0_0_0_0_0_0_0_0_0 = 9.20997e-06
Hl_0_0_l_0_0_0_0_0_0_0_0_0_0_0_0_0_0_0_0_0 = 9.21703e-06
Hl_0_0_l_0_0_0_0_0_0_0_0_0_0_0_0_0_0_0_0_0_0 = 9.12947e-06
Hl_0_0_l_0_0_0_0_0_0_0_0_0_0_0_0_0_0_0_0_0_0_0 = 9.13255e-06
Hl_0_0_l_0_0_0_0_0_0_0_0_0_0_0_0_0_0_0_0_0_0_0_0 = 9.0496e-06
Hr_0_0 = 0.00101213
I = 1
pi2_0_0_0_0 = 9.33788e-09
pi2_0_0_0_0_l_0 = 1.00754e-08
pi2_0_0_0_0_l_0_0 = 9.75933e-09
pi2_0_0_0_0_l_0_0_0 = 9.97535e-09
pi2_0_0_0_0_l_0_0_0_0 = 9.76503e-09
pi2_0_0_0_0_l_0_0_0_0_0 = 9.87746e-09
pi2_0_0_0_0_l_0_0_0_0_0_0 = 9.71297e-09
pi2_0_0_0_0_l_0_0_0_0_0_0_0 = 9.78154e-09
pi2_0_0_0_0_l_0_0_0_0_0_0_0_0 = 9.64289e-09
pi2_0_0_0_0_l_0_0_0_0_0_0_0_0_0 = 9.6875e-09
pi2_0_0_0_0_l_0_0_0_0_0_0_0_0_0_0 = 9.56559e-09
pi2_0_0_0_0_l_0_0_0_0_0_0_0_0_0_0_0 = 9.59527e-09
pi2_0_0_0_0_l_0_0_0_0_0_0_0_0_0_0_0_0 = 9.48519e-09
pi2_0_0_0_0_l_0_0_0_0_0_0_0_0_0_0_0_0_0 = 9.50479e-09
pi2_0_0_0_0_l_0_0_0_0_0_0_0_0_0_0_0_0_0_0 = 9.40358e-09
pi2_0_0_0_0_l_0_0_0_0_0_0_0_0_0_0_0_0_0_0_0 = 9.41602e-09
pi2_0_0_0_0_l_0_0_0_0_0_0_0_0_0_0_0_0_0_0_0_0 = 9.32175e-09
pi2_0_0_0_0_l_0_0_0_0_0_0_0_0_0_0_0_0_0_0_0_0_0 = 9.32889e-09
pi2_0_0_0_0_l_0_0_0_0_0_0_0_0_0_0_0_0_0_0_0_0_0_0 = 9.24026e-09
pi2_0_0_0_0_l_0_0_0_0_0_0_0_0_0_0_0_0_0_0_0_0_0_0_0 = 9.24337e-09
pi2_0_0_0_0_l_0_0_0_0_0_0_0_0_0_0_0_0_0_0_0_0_0_0_0_0 = 9.15942e-09
