DD_0_0 = 1.13539e-07
DD_0_0_l_0 = 4.70885e-08
DD_0_0_l_0_0 = 3.44286e-08
DD_0_0_l_0_0_0 = 2.23533e-08
DD_0_0_l_0_0_0_0 = 1.78375e-08
DD_0_0_l_0_0_0_0_0 = 1.3219e-08
DD_0_0_l_0_0_0_0_0_0 = 1.10708e-08
DD_0_0_l_0_0_0_0_0_0_0 = 8.77368e-09
DD_0_0_l_0_0_0_0_0_0_0_0 = 7.57867e-09
DD_0_0_l_0_0_0_0_0_0_0_0_0 = 6.2603e-09
DD_0_0_l_0_0_0_0_0_0_0_0_0_0 = 5.52566e-09
DD_0_0_l_0_0_0_0_0_0_0_0_0_0_0 = 4.69602e-09
DD_0_0_l_0_0_0_0_0_0_0_0_0_0_0_0 = 4.21168e-09
DD_0_0_l_0_0_0_0_0_0_0_0_0_0_0_0_0 = 3.65463e-09
DD_0_0_l_0_0_0_0_0_0_0_0_0_0_0_0_0_0 = 3.3183e-09
DD_0_0_l_0_0_0_0_0_0_0_0_0_0_0_0_0_0_0 = 2.92573e-09
DD_0_0_l_0_0_0_0_0_0_0_0_0_0_0_0_0_0_0_0 = 2.68262e-09
DD_0_0_l_0_0_0_0_0_0_0_0_0_0_0_0_0_0_0_0_0 = 2.39538e-09
DD_0_0_l_0_0_0_0_0_0_0_0_0_0_0_0_0_0_0_0_0_0 = 2.21393e-09
DD_0_0_l_0_0_0_0_0_0_0_0_0_0_0_0_0_0_0_0_0_0_0 = 1.99732e-09
DD_0_0_l_0_0_0_0_0_0_0_0_0_0_0_0_0_0_0_0_0_0_0_0 = 1.8583e-09
Dr_0_0 = -4.71626e-18
Dr_0_0_l_0 = 4.53105e-08
Dr_0_0_l_0_0 = 3.01291e-08
Dr_0_0_l_0_0_0 = 3.325e-08
Dr_0_0_l_0_0_0_0 = 2.53078e-08
Dr_0_0_l_0_0_0_0_0 = 2.52687e-08
Dr_0_0_l_0_0_0_0_0_0 = 2.04182e-08
Dr_0_0_l_0_0_0_0_0_0_0 = 1.99523e-08
Dr_0_0_l_0_0_0_0_0_0_0_0 = 1.6706e-08
Dr_0_0_l_0_0_0_0_0_0_0_0_0 = 1.62396e-08
Dr_0_0_l_0_0_0_0_0_0_0_0_0_0 = 1.39287e-08
Dr_0_0_l_0_0_0_0_0_0_0_0_0_0_0 = 1.35347e-08
Dr_0_0_l_0_0_0_0_0_0_0_0_0_0_0_0 = 1.18145e-08
Dr_0_0_l_0_0_0_0_0_0_0_0_0_0_0_0_0 = 1.14947e-08
Dr_0_0_l_0_0_0_0_0_0_0_0_0_0_0_0_0_0 = 1.01698e-08
Dr_0_0_l_0_0_0_0_0_0_0_0_0_0_0_0_0_0_0 = 9.91235e-09
Dr_0_0_l_0_0_0_0_0_0_0_0_0_0_0_0_0_0_0_0 = 8.86408e-09
Dr_0_0_l_0_0_0_0_0_0_0_0_0_0_0_0_0_0_0_0_0 = 8.6563e-09
Dr_0_0_l_0_0_0_0_0_0_0_0_0_0_0_0_0_0_0_0_0_0 = 7.80868e-09
Dr_0_0_l_0_0_0_0_0_0_0_0_0_0_0_0_0_0_0_0_0_0_0 = 7.63989e-09
Dr_0_0_l_0_0_0_0_0_0_0_0_0_0_0_0_0_0_0_0_0_0_0_0 = 6.94206e-09
Dr_0_0_l_0_0_0_0_0_0_0_0_0_0_0_0_0_0_0_0_0_0_0_0_0 = 6.80392e-09
Hl_0_0 = 0.00101213
Hl_0_0_l_0 = 0.000567479
Hl_0_0_l_0_0 = 0.000462527
Hl_0_0_l_0_0_0 = 0.00035723
Hl_0_0_l_0_0_0_0 = 0.000310939
Hl_0_0_l_0_0_0_0_0 = 0.000261859
Hl_0_0_l_0_0_0_0_0_0 = 0.000235676
Hl_0_0_l_0_0_0_0_0_0_0 = 0.000206998
Hl_0_0_l_0_0_0_0_0_0_0_0 = 0.000190131
Hl_0_0_l_0_0_0_0_0_0_0_0_0 = 0.000171255
Hl_0_0_l_0_0_0_0_0_0_0_0_0_0 = 0.000159474
Hl_0_0_l_0_0_0_0_0_0_0_0_0_0_0 = 0.000146086
Hl_0_0_l_0_0_0_0_0_0_0_0_0_0_0_0 = 0.000137387
Hl_0_0_l_0_0_0_0_0_0_0_0_0_0_0_0_0 = 0.00012739
Hl_0_0_l_0_0_0_0_0_0_0_0_0_0_0_0_0_0 = 0.000120703
Hl_0_0_l_0_0_0_0_0_0_0_0_0_0_0_0_0_0_0 = 0.000112948
Hl_0_0_l_0_0_0_0_0_0_0_0_0_0_0_0_0_0_0_0 = 0.000107646
Hl_0_0_l_0_0_0_0_0_0_0_0_0_0_0_0_0_0_0_0_0 = 0.000101455
Hl_0_0_l_0_0_0_0_0_0_0_0_0_0_0_0_0_0_0_0_0_0 = 9.71473e-05
Hl_0_0_l_0_0_0_0_0_0_0_0_0_0_0_0_0_0_0_0_0_0_0 = 9.20881e-05
Hl_0_0_l_0_0_0_0_0_0_0_0_0_0_0_0_0_0_0_0_0_0_0_0 = 8.85194e-05
Hr_0_0 = 0.00101213
I = 1
pi2_0_0_0_0 = 1.0347e-06
pi2_0_0_0_0_l_0 = 5.80354e-07
pi2_0_0_0_0_l_0_0 = 4.71567e-07
pi2_0_0_0_0_l_0_0_0 = 3.64129e-07
pi2_0_0_0_0_l_0_0_0_0 = 3.16373e-07
pi2_0_0_0_0_l_0_0_0_0_0 = 2.66402e-07
pi2_0_0_0_0_l_0_0_0_0_0_0 = 2.39474e-07
pi2_0_0_0_0_l_0_0_0_0_0_0_0 = 2.10328e-07
pi2_0_0_0_0_l_0_0_0_0_0_0_0_0 = 1.93018e-07
pi2_0_0_0_0_l_0_0_0_0_0_0_0_0_0 = 1.73861e-07
pi2_0_0_0_0_l_0_0_0_0_0_0_0_0_0_0 = 1.61789e-07
pi2_0_0_0_0_l_0_0_0_0_0_0_0_0_0_0_0 = 1.48218e-07
pi2_0_0_0_0_l_0_0_0_0_0_0_0_0_0_0_0_0 = 1.39315e-07
pi2_0_0_0_0_l_0_0_0_0_0_0_0_0_0_0_0_0_0 = 1.2919e-07
pi2_0_0_0_0_l_0_0_0_0_0_0_0_0_0_0_0_0_0_0 = 1.22352e-07
pi2_0_0_0_0_l_0_0_0_0_0_0_0_0_0_0_0_0_0_0_0 = 1.14504e-07
pi2_0_0_0_0_l_0_0_0_0_0_0_0_0_0_0_0_0_0_0_0_0 = 1.09086e-07
pi2_0_0_0_0_l_0_0_0_0_0_0_0_0_0_0_0_0_0_0_0_0_0 = 1.02823e-07
pi2_0_0_0_0_l_0_0_0_0_0_0_0_0_0_0_0_0_0_0_0_0_0_0 = 9.84246e-08
pi2_0_0_0_0_l_0_0_0_0_0_0_0_0_0_0_0_0_0_0_0_0_0_0_0 = 9.33098e-08
pi2_0_0_0_0_l_0_0_0_0_0_0_0_0_0_0_0_0_0_0_0_0_0_0_0_0 = 8.9667e-08
