DD_0_0 = 2.28454e-08
DD_0_0_l_0 = 1.19032e-08
DD_0_0_l_0_0 = 9.24237e-09
Dr_0_0 = 8.39225e-24
Dr_0_0_l_0 = 3.35742e-09
Dr_0_0_l_0_0 = 3.20116e-09
Dr_0_0_l_0_0_0 = 3.58446e-09
Hl_0_0 = 0.00101213
Hl_0_0_l_0 = 0.000567479
Hl_0_0_l_0_0 = 0.000462527
Hr_0_0 = 0.00101213
I = 1
pi2_0_0_0_0 = 1.02563e-06
pi2_0_0_0_0_l_0 = 5.75105e-07
pi2_0_0_0_0_l_0_0 = 4.68733e-07
