DD_0_0 = 2.28454e-08
DD_0_0_l_0 = 1.19032e-08
DD_0_0_l_0_0 = 9.24237e-09
DD_0_0_l_0_0_0 = 6.74872e-09
DD_0_0_l_0_0_0_0 = 5.62932e-09
DD_0_0_l_0_0_0_0_0 = 4.51879e-09
Dr_0_0 = 9.95908e-24
Dr_0_0_l_0 = 3.35742e-09
Dr_0_0_l_0_0 = 3.20116e-09
Dr_0_0_l_0_0_0 = 3.58446e-09
Dr_0_0_l_0_0_0_0 = 3.29661e-09
Dr_0_0_l_0_0_0_0_0 = 3.32936e-09
Dr_0_0_l_0_0_0_0_0_0 = 3.0668e-09
Hl_0_0 = 0.00101213
Hl_0_0_l_0 = 0.000567479
Hl_0_0_l_0_0 = 0.000462527
Hl_0_0_l_0_0_0 = 0.00035723
Hl_0_0_l_0_0_0_0 = 0.000310939
Hl_0_0_l_0_0_0_0_0 = 0.000261859
Hr_0_0 = 0.00101213
I = 1
pi2_0_0_0_0 = 1.02563e-06
pi2_0_0_0_0_l_0 = 5.75105e-07
pi2_0_0_0_0_l_0_0 = 4.68733e-07
pi2_0_0_0_0_l_0_0_0 = 3.61995e-07
pi2_0_0_0_0_l_0_0_0_0 = 3.15075e-07
pi2_0_0_0_0_l_0_0_0_0_0 = 2.65319e-07
