DD_0_0 = 2.52991e-09
DD_0_0_l_0 = 1.40624e-09
DD_0_0_l_0_0 = 1.13853e-09
DD_0_0_l_0_0_0 = 8.72519e-10
DD_0_0_l_0_0_0_0 = 7.54453e-10
DD_0_0_l_0_0_0_0_0 = 6.30655e-10
Dr_0_0 = 1.23316e-70
Dr_0_0_l_0 = 4.87951e-11
Dr_0_0_l_0_0 = 5.35862e-11
Dr_0_0_l_0_0_0 = 6.45472e-11
Dr_0_0_l_0_0_0_0 = 6.5278e-11
Dr_0_0_l_0_0_0_0_0 = 6.99994e-11
Dr_0_0_l_0_0_0_0_0_0 = 6.95495e-11
Hl_0_0 = 0.00101213
Hl_0_0_l_0 = 0.000567479
Hl_0_0_l_0_0 = 0.000462527
Hl_0_0_l_0_0_0 = 0.00035723
Hl_0_0_l_0_0_0_0 = 0.000310939
Hl_0_0_l_0_0_0_0_0 = 0.000261859
Hr_0_0 = 0.00101213
I = 1
pi2_0_0_0_0 = 1.02443e-06
pi2_0_0_0_0_l_0 = 5.74372e-07
pi2_0_0_0_0_l_0_0 = 4.68148e-07
pi2_0_0_0_0_l_0_0_0 = 3.6157e-07
pi2_0_0_0_0_l_0_0_0_0 = 3.14717e-07
pi2_0_0_0_0_l_0_0_0_0_0 = 2.6504e-07
