DD_0_0 = 1.83562e-07
DD_0_0_l_0 = 6.67151e-08
DD_0_0_l_0_0 = 4.92468e-08
DD_0_0_l_0_0_0 = 2.99651e-08
DD_0_0_l_0_0_0_0 = 2.40273e-08
DD_0_0_l_0_0_0_0_0 = 1.7069e-08
DD_0_0_l_0_0_0_0_0_0 = 1.43437e-08
DD_0_0_l_0_0_0_0_0_0_0 = 1.10205e-08
DD_0_0_l_0_0_0_0_0_0_0_0 = 9.54636e-09
DD_0_0_l_0_0_0_0_0_0_0_0_0 = 7.69704e-09
DD_0_0_l_0_0_0_0_0_0_0_0_0_0 = 6.79006e-09
Dr_0_0 = 8.51532e-09
Dr_0_0_l_0 = 8.98848e-08
Dr_0_0_l_0_0 = 5.09616e-08
Dr_0_0_l_0_0_0 = 5.83986e-08
Dr_0_0_l_0_0_0_0 = 4.0331e-08
Dr_0_0_l_0_0_0_0_0 = 4.17431e-08
Dr_0_0_l_0_0_0_0_0_0 = 3.1388e-08
Dr_0_0_l_0_0_0_0_0_0_0 = 3.16812e-08
Dr_0_0_l_0_0_0_0_0_0_0_0 = 2.50236e-08
Dr_0_0_l_0_0_0_0_0_0_0_0_0 = 2.50566e-08
Dr_0_0_l_0_0_0_0_0_0_0_0_0_0 = 2.04526e-08
Dr_0_0_l_0_0_0_0_0_0_0_0_0_0_0 = 2.03668e-08
Hl_0_0 = 0.000974824
Hl_0_0_l_0 = 0.000556889
Hl_0_0_l_0_0 = 0.000453353
Hl_0_0_l_0_0_0 = 0.000352544
Hl_0_0_l_0_0_0_0 = 0.000306592
Hl_0_0_l_0_0_0_0_0 = 0.000259203
Hl_0_0_l_0_0_0_0_0_0 = 0.000233113
Hl_0_0_l_0_0_0_0_0_0_0 = 0.000205285
Hl_0_0_l_0_0_0_0_0_0_0_0 = 0.000188434
Hl_0_0_l_0_0_0_0_0_0_0_0_0 = 0.000170062
Hl_0_0_l_0_0_0_0_0_0_0_0_0_0 = 0.000158033
Hr_0_0 = 0.00101213
I = 1
pi2_0_0_0_0 = 1.00503e-06
pi2_0_0_0_0_l_0 = 5.72649e-07
pi2_0_0_0_0_l_0_0 = 4.63615e-07
pi2_0_0_0_0_l_0_0_0 = 3.60372e-07
pi2_0_0_0_0_l_0_0_0_0 = 3.12348e-07
pi2_0_0_0_0_l_0_0_0_0_0 = 2.6412e-07
pi2_0_0_0_0_l_0_0_0_0_0_0 = 2.3698e-07
pi2_0_0_0_0_l_0_0_0_0_0_0_0 = 2.08778e-07
pi2_0_0_0_0_l_0_0_0_0_0_0_0_0 = 1.91301e-07
pi2_0_0_0_0_l_0_0_0_0_0_0_0_0_0 = 1.72738e-07
pi2_0_0_0_0_l_0_0_0_0_0_0_0_0_0_0 = 1.60292e-07
