DD_0_0 = 1.83544e-07
DD_0_0_l_0 = 6.69182e-08
DD_0_0_l_0_0 = 4.80813e-08
Dr_0_0 = 8.51544e-09
Dr_0_0_l_0 = 8.98496e-08
Dr_0_0_l_0_0 = 5.19987e-08
Dr_0_0_l_0_0_0 = 5.74159e-08
Hl_0_0 = 0.000974812
Hl_0_0_l_0 = 0.000557182
Hl_0_0_l_0_0 = 0.000448139
Hr_0_0 = 0.00101213
I = 1
pi2_0_0_0_0 = 1.00502e-06
pi2_0_0_0_0_l_0 = 5.73157e-07
pi2_0_0_0_0_l_0_0 = 4.58147e-07
