DD_0_0 = 1.83562e-07
DD_0_0_l_0 = 6.67151e-08
DD_0_0_l_0_0 = 4.92468e-08
DD_0_0_l_0_0_0 = 2.99651e-08
DD_0_0_l_0_0_0_0 = 2.40273e-08
DD_0_0_l_0_0_0_0_0 = 1.7069e-08
DD_0_0_l_0_0_0_0_0_0 = 1.43437e-08
DD_0_0_l_0_0_0_0_0_0_0 = 1.10205e-08
DD_0_0_l_0_0_0_0_0_0_0_0 = 9.54637e-09
DD_0_0_l_0_0_0_0_0_0_0_0_0 = 7.69655e-09
DD_0_0_l_0_0_0_0_0_0_0_0_0_0 = 6.8107e-09
DD_0_0_l_0_0_0_0_0_0_0_0_0_0_0 = 5.67445e-09
DD_0_0_l_0_0_0_0_0_0_0_0_0_0_0_0 = 5.10137e-09
DD_0_0_l_0_0_0_0_0_0_0_0_0_0_0_0_0 = 4.35339e-09
DD_0_0_l_0_0_0_0_0_0_0_0_0_0_0_0_0_0 = 3.96179e-09
DD_0_0_l_0_0_0_0_0_0_0_0_0_0_0_0_0_0_0 = 3.44333e-09
DD_0_0_l_0_0_0_0_0_0_0_0_0_0_0_0_0_0_0_0 = 3.16417e-09
DD_0_0_l_0_0_0_0_0_0_0_0_0_0_0_0_0_0_0_0_0 = 2.79012e-09
DD_0_0_l_0_0_0_0_0_0_0_0_0_0_0_0_0_0_0_0_0_0 = 2.58427e-09
DD_0_0_l_0_0_0_0_0_0_0_0_0_0_0_0_0_0_0_0_0_0_0 = 2.30565e-09
DD_0_0_l_0_0_0_0_0_0_0_0_0_0_0_0_0_0_0_0_0_0_0_0 = 2.14758e-09
Dr_0_0 = 8.51532e-09
Dr_0_0_l_0 = 8.98848e-08
Dr_0_0_l_0_0 = 5.09616e-08
Dr_0_0_l_0_0_0 = 5.83986e-08
Dr_0_0_l_0_0_0_0 = 4.0331e-08
Dr_0_0_l_0_0_0_0_0 = 4.17431e-08
Dr_0_0_l_0_0_0_0_0_0 = 3.1388e-08
Dr_0_0_l_0_0_0_0_0_0_0 = 3.16812e-08
Dr_0_0_l_0_0_0_0_0_0_0_0 = 2.50236e-08
Dr_0_0_l_0_0_0_0_0_0_0_0_0 = 2.50567e-08
Dr_0_0_l_0_0_0_0_0_0_0_0_0_0 = 2.04476e-08
Dr_0_0_l_0_0_0_0_0_0_0_0_0_0_0 = 2.04244e-08
Dr_0_0_l_0_0_0_0_0_0_0_0_0_0_0_0 = 1.70627e-08
Dr_0_0_l_0_0_0_0_0_0_0_0_0_0_0_0_0 = 1.70375e-08
Dr_0_0_l_0_0_0_0_0_0_0_0_0_0_0_0_0_0 = 1.44882e-08
Dr_0_0_l_0_0_0_0_0_0_0_0_0_0_0_0_0_0_0 = 1.44741e-08
Dr_0_0_l_0_0_0_0_0_0_0_0_0_0_0_0_0_0_0_0 = 1.24816e-08
Dr_0_0_l_0_0_0_0_0_0_0_0_0_0_0_0_0_0_0_0_0 = 1.24802e-08
Dr_0_0_l_0_0_0_0_0_0_0_0_0_0_0_0_0_0_0_0_0_0 = 1.08846e-08
Dr_0_0_l_0_0_0_0_0_0_0_0_0_0_0_0_0_0_0_0_0_0_0 = 1.0894e-08
Dr_0_0_l_0_0_0_0_0_0_0_0_0_0_0_0_0_0_0_0_0_0_0_0 = 9.59102e-09
Dr_0_0_l_0_0_0_0_0_0_0_0_0_0_0_0_0_0_0_0_0_0_0_0_0 = 9.59848e-09
Hl_0_0 = 0.000974824
Hl_0_0_l_0 = 0.000556889
Hl_0_0_l_0_0 = 0.000453353
Hl_0_0_l_0_0_0 = 0.000352544
Hl_0_0_l_0_0_0_0 = 0.000306592
Hl_0_0_l_0_0_0_0_0 = 0.000259203
Hl_0_0_l_0_0_0_0_0_0 = 0.000233113
Hl_0_0_l_0_0_0_0_0_0_0 = 0.000205285
Hl_0_0_l_0_0_0_0_0_0_0_0 = 0.000188434
Hl_0_0_l_0_0_0_0_0_0_0_0_0 = 0.000170057
Hl_0_0_l_0_0_0_0_0_0_0_0_0_0 = 0.000158265
Hl_0_0_l_0_0_0_0_0_0_0_0_0_0_0 = 0.000145201
Hl_0_0_l_0_0_0_0_0_0_0_0_0_0_0_0 = 0.000136482
Hl_0_0_l_0_0_0_0_0_0_0_0_0_0_0_0_0 = 0.000126709
Hl_0_0_l_0_0_0_0_0_0_0_0_0_0_0_0_0_0 = 0.000119999
Hl_0_0_l_0_0_0_0_0_0_0_0_0_0_0_0_0_0_0 = 0.000112408
Hl_0_0_l_0_0_0_0_0_0_0_0_0_0_0_0_0_0_0_0 = 0.000107083
Hl_0_0_l_0_0_0_0_0_0_0_0_0_0_0_0_0_0_0_0_0 = 0.000101016
Hl_0_0_l_0_0_0_0_0_0_0_0_0_0_0_0_0_0_0_0_0_0 = 9.66865e-05
Hl_0_0_l_0_0_0_0_0_0_0_0_0_0_0_0_0_0_0_0_0_0_0 = 9.17247e-05
Hl_0_0_l_0_0_0_0_0_0_0_0_0_0_0_0_0_0_0_0_0_0_0_0 = 8.80964e-05
Hr_0_0 = 0.00101213
I = 1
pi2_0_0_0_0 = 1.00503e-06
pi2_0_0_0_0_l_0 = 5.72649e-07
pi2_0_0_0_0_l_0_0 = 4.63615e-07
pi2_0_0_0_0_l_0_0_0 = 3.60372e-07
pi2_0_0_0_0_l_0_0_0_0 = 3.12348e-07
pi2_0_0_0_0_l_0_0_0_0_0 = 2.6412e-07
pi2_0_0_0_0_l_0_0_0_0_0_0 = 2.3698e-07
pi2_0_0_0_0_l_0_0_0_0_0_0_0 = 2.08778e-07
pi2_0_0_0_0_l_0_0_0_0_0_0_0_0 = 1.91302e-07
pi2_0_0_0_0_l_0_0_0_0_0_0_0_0_0 = 1.72733e-07
pi2_0_0_0_0_l_0_0_0_0_0_0_0_0_0_0 = 1.60529e-07
pi2_0_0_0_0_l_0_0_0_0_0_0_0_0_0_0_0 = 1.47357e-07
pi2_0_0_0_0_l_0_0_0_0_0_0_0_0_0_0_0_0 = 1.38347e-07
pi2_0_0_0_0_l_0_0_0_0_0_0_0_0_0_0_0_0_0 = 1.28509e-07
pi2_0_0_0_0_l_0_0_0_0_0_0_0_0_0_0_0_0_0_0 = 1.21583e-07
pi2_0_0_0_0_l_0_0_0_0_0_0_0_0_0_0_0_0_0_0_0 = 1.13952e-07
pi2_0_0_0_0_l_0_0_0_0_0_0_0_0_0_0_0_0_0_0_0_0 = 1.0846e-07
pi2_0_0_0_0_l_0_0_0_0_0_0_0_0_0_0_0_0_0_0_0_0_0 = 1.02366e-07
pi2_0_0_0_0_l_0_0_0_0_0_0_0_0_0_0_0_0_0_0_0_0_0_0 = 9.79046e-08
pi2_0_0_0_0_l_0_0_0_0_0_0_0_0_0_0_0_0_0_0_0_0_0_0_0 = 9.29252e-08
pi2_0_0_0_0_l_0_0_0_0_0_0_0_0_0_0_0_0_0_0_0_0_0_0_0_0 = 8.91886e-08
