DD_0_0 = 1.82457e-07
DD_0_0_l_0 = 6.64492e-08
DD_0_0_l_0_0 = 4.90325e-08
DD_0_0_l_0_0_0 = 2.98655e-08
DD_0_0_l_0_0_0_0 = 2.39419e-08
DD_0_0_l_0_0_0_0_0 = 1.70199e-08
DD_0_0_l_0_0_0_0_0_0 = 1.42999e-08
DD_0_0_l_0_0_0_0_0_0_0 = 1.09924e-08
DD_0_0_l_0_0_0_0_0_0_0_0 = 9.52063e-09
DD_0_0_l_0_0_0_0_0_0_0_0_0 = 7.67933e-09
DD_0_0_l_0_0_0_0_0_0_0_0_0_0 = 6.77363e-09
Dr_0_0 = 8.45159e-09
Dr_0_0_l_0 = 8.92022e-08
Dr_0_0_l_0_0 = 5.06932e-08
Dr_0_0_l_0_0_0 = 5.80342e-08
Dr_0_0_l_0_0_0_0 = 4.01388e-08
Dr_0_0_l_0_0_0_0_0 = 4.15118e-08
Dr_0_0_l_0_0_0_0_0_0 = 3.1249e-08
Dr_0_0_l_0_0_0_0_0_0_0 = 3.15199e-08
Dr_0_0_l_0_0_0_0_0_0_0_0 = 2.49193e-08
Dr_0_0_l_0_0_0_0_0_0_0_0_0 = 2.49372e-08
Dr_0_0_l_0_0_0_0_0_0_0_0_0_0 = 2.03713e-08
Dr_0_0_l_0_0_0_0_0_0_0_0_0_0_0 = 2.02751e-08
Hl_0_0 = 0.000974824
Hl_0_0_l_0 = 0.000556889
Hl_0_0_l_0_0 = 0.000453353
Hl_0_0_l_0_0_0 = 0.000352544
Hl_0_0_l_0_0_0_0 = 0.000306592
Hl_0_0_l_0_0_0_0_0 = 0.000259203
Hl_0_0_l_0_0_0_0_0_0 = 0.000233113
Hl_0_0_l_0_0_0_0_0_0_0 = 0.000205285
Hl_0_0_l_0_0_0_0_0_0_0_0 = 0.000188434
Hl_0_0_l_0_0_0_0_0_0_0_0_0 = 0.000170062
Hl_0_0_l_0_0_0_0_0_0_0_0_0_0 = 0.000158033
Hr_0_0 = 0.00101213
I = 1
pi2_0_0_0_0 = 1.00492e-06
pi2_0_0_0_0_l_0 = 5.72609e-07
pi2_0_0_0_0_l_0_0 = 4.636e-07
pi2_0_0_0_0_l_0_0_0 = 3.6036e-07
pi2_0_0_0_0_l_0_0_0_0 = 3.12345e-07
pi2_0_0_0_0_l_0_0_0_0_0 = 2.64115e-07
pi2_0_0_0_0_l_0_0_0_0_0_0 = 2.3698e-07
pi2_0_0_0_0_l_0_0_0_0_0_0_0 = 2.08775e-07
pi2_0_0_0_0_l_0_0_0_0_0_0_0_0 = 1.91302e-07
pi2_0_0_0_0_l_0_0_0_0_0_0_0_0_0 = 1.72737e-07
pi2_0_0_0_0_l_0_0_0_0_0_0_0_0_0_0 = 1.60294e-07
