DD_0_0 = 1.82457e-07
DD_0_0_l_0 = 6.64492e-08
DD_0_0_l_0_0 = 4.90325e-08
DD_0_0_l_0_0_0 = 2.98655e-08
DD_0_0_l_0_0_0_0 = 2.39419e-08
DD_0_0_l_0_0_0_0_0 = 1.70199e-08
DD_0_0_l_0_0_0_0_0_0 = 1.42999e-08
DD_0_0_l_0_0_0_0_0_0_0 = 1.09924e-08
DD_0_0_l_0_0_0_0_0_0_0_0 = 9.52064e-09
DD_0_0_l_0_0_0_0_0_0_0_0_0 = 7.67885e-09
DD_0_0_l_0_0_0_0_0_0_0_0_0_0 = 6.79419e-09
DD_0_0_l_0_0_0_0_0_0_0_0_0_0_0 = 5.66254e-09
DD_0_0_l_0_0_0_0_0_0_0_0_0_0_0_0 = 5.09011e-09
DD_0_0_l_0_0_0_0_0_0_0_0_0_0_0_0_0 = 4.34497e-09
DD_0_0_l_0_0_0_0_0_0_0_0_0_0_0_0_0_0 = 3.95374e-09
DD_0_0_l_0_0_0_0_0_0_0_0_0_0_0_0_0_0_0 = 3.43715e-09
DD_0_0_l_0_0_0_0_0_0_0_0_0_0_0_0_0_0_0_0 = 3.15821e-09
DD_0_0_l_0_0_0_0_0_0_0_0_0_0_0_0_0_0_0_0_0 = 2.78545e-09
DD_0_0_l_0_0_0_0_0_0_0_0_0_0_0_0_0_0_0_0_0_0 = 2.57973e-09
DD_0_0_l_0_0_0_0_0_0_0_0_0_0_0_0_0_0_0_0_0_0_0 = 2.30203e-09
DD_0_0_l_0_0_0_0_0_0_0_0_0_0_0_0_0_0_0_0_0_0_0_0 = 2.14404e-09
Dr_0_0 = 8.45159e-09
Dr_0_0_l_0 = 8.92022e-08
Dr_0_0_l_0_0 = 5.06932e-08
Dr_0_0_l_0_0_0 = 5.80342e-08
Dr_0_0_l_0_0_0_0 = 4.01388e-08
Dr_0_0_l_0_0_0_0_0 = 4.15118e-08
Dr_0_0_l_0_0_0_0_0_0 = 3.1249e-08
Dr_0_0_l_0_0_0_0_0_0_0 = 3.15199e-08
Dr_0_0_l_0_0_0_0_0_0_0_0 = 2.49193e-08
Dr_0_0_l_0_0_0_0_0_0_0_0_0 = 2.49373e-08
Dr_0_0_l_0_0_0_0_0_0_0_0_0_0 = 2.03665e-08
Dr_0_0_l_0_0_0_0_0_0_0_0_0_0_0 = 2.03323e-08
Dr_0_0_l_0_0_0_0_0_0_0_0_0_0_0_0 = 1.69978e-08
Dr_0_0_l_0_0_0_0_0_0_0_0_0_0_0_0_0 = 1.6964e-08
Dr_0_0_l_0_0_0_0_0_0_0_0_0_0_0_0_0_0 = 1.44351e-08
Dr_0_0_l_0_0_0_0_0_0_0_0_0_0_0_0_0_0_0 = 1.44142e-08
Dr_0_0_l_0_0_0_0_0_0_0_0_0_0_0_0_0_0_0_0 = 1.24373e-08
Dr_0_0_l_0_0_0_0_0_0_0_0_0_0_0_0_0_0_0_0_0 = 1.24303e-08
Dr_0_0_l_0_0_0_0_0_0_0_0_0_0_0_0_0_0_0_0_0_0 = 1.08471e-08
Dr_0_0_l_0_0_0_0_0_0_0_0_0_0_0_0_0_0_0_0_0_0_0 = 1.08517e-08
Dr_0_0_l_0_0_0_0_0_0_0_0_0_0_0_0_0_0_0_0_0_0_0_0 = 9.55884e-09
Dr_0_0_l_0_0_0_0_0_0_0_0_0_0_0_0_0_0_0_0_0_0_0_0_0 = 9.56234e-09
Hl_0_0 = 0.000974824
Hl_0_0_l_0 = 0.000556889
Hl_0_0_l_0_0 = 0.000453353
Hl_0_0_l_0_0_0 = 0.000352544
Hl_0_0_l_0_0_0_0 = 0.000306592
Hl_0_0_l_0_0_0_0_0 = 0.000259203
Hl_0_0_l_0_0_0_0_0_0 = 0.000233113
Hl_0_0_l_0_0_0_0_0_0_0 = 0.000205285
Hl_0_0_l_0_0_0_0_0_0_0_0 = 0.000188434
Hl_0_0_l_0_0_0_0_0_0_0_0_0 = 0.000170057
Hl_0_0_l_0_0_0_0_0_0_0_0_0_0 = 0.000158265
Hl_0_0_l_0_0_0_0_0_0_0_0_0_0_0 = 0.000145201
Hl_0_0_l_0_0_0_0_0_0_0_0_0_0_0_0 = 0.000136482
Hl_0_0_l_0_0_0_0_0_0_0_0_0_0_0_0_0 = 0.000126709
Hl_0_0_l_0_0_0_0_0_0_0_0_0_0_0_0_0_0 = 0.000119999
Hl_0_0_l_0_0_0_0_0_0_0_0_0_0_0_0_0_0_0 = 0.000112408
Hl_0_0_l_0_0_0_0_0_0_0_0_0_0_0_0_0_0_0_0 = 0.000107083
Hl_0_0_l_0_0_0_0_0_0_0_0_0_0_0_0_0_0_0_0_0 = 0.000101016
Hl_0_0_l_0_0_0_0_0_0_0_0_0_0_0_0_0_0_0_0_0_0 = 9.66865e-05
Hl_0_0_l_0_0_0_0_0_0_0_0_0_0_0_0_0_0_0_0_0_0_0 = 9.17247e-05
Hl_0_0_l_0_0_0_0_0_0_0_0_0_0_0_0_0_0_0_0_0_0_0_0 = 8.80964e-05
Hr_0_0 = 0.00101213
I = 1
pi2_0_0_0_0 = 1.00492e-06
pi2_0_0_0_0_l_0 = 5.72609e-07
pi2_0_0_0_0_l_0_0 = 4.636e-07
pi2_0_0_0_0_l_0_0_0 = 3.6036e-07
pi2_0_0_0_0_l_0_0_0_0 = 3.12345e-07
pi2_0_0_0_0_l_0_0_0_0_0 = 2.64115e-07
pi2_0_0_0_0_l_0_0_0_0_0_0 = 2.3698e-07
pi2_0_0_0_0_l_0_0_0_0_0_0_0 = 2.08775e-07
pi2_0_0_0_0_l_0_0_0_0_0_0_0_0 = 1.91302e-07
pi2_0_0_0_0_l_0_0_0_0_0_0_0_0_0 = 1.72732e-07
pi2_0_0_0_0_l_0_0_0_0_0_0_0_0_0_0 = 1.6053e-07
pi2_0_0_0_0_l_0_0_0_0_0_0_0_0_0_0_0 = 1.47356e-07
pi2_0_0_0_0_l_0_0_0_0_0_0_0_0_0_0_0_0 = 1.38348e-07
pi2_0_0_0_0_l_0_0_0_0_0_0_0_0_0_0_0_0_0 = 1.28509e-07
pi2_0_0_0_0_l_0_0_0_0_0_0_0_0_0_0_0_0_0_0 = 1.21584e-07
pi2_0_0_0_0_l_0_0_0_0_0_0_0_0_0_0_0_0_0_0_0 = 1.13952e-07
pi2_0_0_0_0_l_0_0_0_0_0_0_0_0_0_0_0_0_0_0_0_0 = 1.08461e-07
pi2_0_0_0_0_l_0_0_0_0_0_0_0_0_0_0_0_0_0_0_0_0_0 = 1.02366e-07
pi2_0_0_0_0_l_0_0_0_0_0_0_0_0_0_0_0_0_0_0_0_0_0_0 = 9.79056e-08
pi2_0_0_0_0_l_0_0_0_0_0_0_0_0_0_0_0_0_0_0_0_0_0_0_0 = 9.29255e-08
pi2_0_0_0_0_l_0_0_0_0_0_0_0_0_0_0_0_0_0_0_0_0_0_0_0_0 = 8.91895e-08
