DD_0_0 = 1.82457e-07
DD_0_0_l_0 = 6.64492e-08
DD_0_0_l_0_0 = 4.90325e-08
DD_0_0_l_0_0_0 = 2.98659e-08
DD_0_0_l_0_0_0_0 = 2.39389e-08
DD_0_0_l_0_0_0_0_0 = 1.6928e-08
Dr_0_0 = 8.45159e-09
Dr_0_0_l_0 = 8.92022e-08
Dr_0_0_l_0_0 = 5.06932e-08
Dr_0_0_l_0_0_0 = 5.8034e-08
Dr_0_0_l_0_0_0_0 = 4.0144e-08
Dr_0_0_l_0_0_0_0_0 = 4.13463e-08
Dr_0_0_l_0_0_0_0_0_0 = 3.1222e-08
Hl_0_0 = 0.000974824
Hl_0_0_l_0 = 0.000556889
Hl_0_0_l_0_0 = 0.000453353
Hl_0_0_l_0_0_0 = 0.000352542
Hl_0_0_l_0_0_0_0 = 0.000306623
Hl_0_0_l_0_0_0_0_0 = 0.00025838
Hr_0_0 = 0.00101213
I = 1
pi2_0_0_0_0 = 1.00492e-06
pi2_0_0_0_0_l_0 = 5.72609e-07
pi2_0_0_0_0_l_0_0 = 4.636e-07
pi2_0_0_0_0_l_0_0_0 = 3.6036e-07
pi2_0_0_0_0_l_0_0_0_0 = 3.12351e-07
pi2_0_0_0_0_l_0_0_0_0_0 = 2.6328e-07
