DD_0_0 = 1.72041e-07
DD_0_0_l_0 = 6.38943e-08
DD_0_0_l_0_0 = 4.69921e-08
DD_0_0_l_0_0_0 = 2.89054e-08
DD_0_0_l_0_0_0_0 = 2.31242e-08
DD_0_0_l_0_0_0_0_0 = 1.65451e-08
DD_0_0_l_0_0_0_0_0_0 = 1.38793e-08
DD_0_0_l_0_0_0_0_0_0_0 = 1.072e-08
DD_0_0_l_0_0_0_0_0_0_0_0 = 9.27285e-09
DD_0_0_l_0_0_0_0_0_0_0_0_0 = 7.50752e-09
DD_0_0_l_0_0_0_0_0_0_0_0_0_0 = 6.61514e-09
Dr_0_0 = 7.8519e-09
Dr_0_0_l_0 = 8.27817e-08
Dr_0_0_l_0_0 = 4.81201e-08
Dr_0_0_l_0_0_0 = 5.45827e-08
Dr_0_0_l_0_0_0_0 = 3.82911e-08
Dr_0_0_l_0_0_0_0_0 = 3.93125e-08
Dr_0_0_l_0_0_0_0_0_0 = 2.99117e-08
Dr_0_0_l_0_0_0_0_0_0_0 = 2.99831e-08
Dr_0_0_l_0_0_0_0_0_0_0_0 = 2.39134e-08
Dr_0_0_l_0_0_0_0_0_0_0_0_0 = 2.37976e-08
Dr_0_0_l_0_0_0_0_0_0_0_0_0_0 = 1.95867e-08
Dr_0_0_l_0_0_0_0_0_0_0_0_0_0_0 = 1.93982e-08
Hl_0_0 = 0.000974824
Hl_0_0_l_0 = 0.000556889
Hl_0_0_l_0_0 = 0.000453353
Hl_0_0_l_0_0_0 = 0.000352544
Hl_0_0_l_0_0_0_0 = 0.000306592
Hl_0_0_l_0_0_0_0_0 = 0.000259203
Hl_0_0_l_0_0_0_0_0_0 = 0.000233113
Hl_0_0_l_0_0_0_0_0_0_0 = 0.000205285
Hl_0_0_l_0_0_0_0_0_0_0_0 = 0.000188434
Hl_0_0_l_0_0_0_0_0_0_0_0_0 = 0.000170062
Hl_0_0_l_0_0_0_0_0_0_0_0_0_0 = 0.000158033
Hr_0_0 = 0.00101213
I = 1
pi2_0_0_0_0 = 1.00382e-06
pi2_0_0_0_0_l_0 = 5.72219e-07
pi2_0_0_0_0_l_0_0 = 4.63449e-07
pi2_0_0_0_0_l_0_0_0 = 3.60237e-07
pi2_0_0_0_0_l_0_0_0_0 = 3.12313e-07
pi2_0_0_0_0_l_0_0_0_0_0 = 2.64067e-07
pi2_0_0_0_0_l_0_0_0_0_0_0 = 2.36978e-07
pi2_0_0_0_0_l_0_0_0_0_0_0_0 = 2.08755e-07
pi2_0_0_0_0_l_0_0_0_0_0_0_0_0 = 1.9131e-07
pi2_0_0_0_0_l_0_0_0_0_0_0_0_0_0 = 1.72728e-07
pi2_0_0_0_0_l_0_0_0_0_0_0_0_0_0_0 = 1.60304e-07
