DD_0_0 = 1.72026e-07
DD_0_0_l_0 = 6.40783e-08
DD_0_0_l_0_0 = 4.59053e-08
Dr_0_0 = 7.85202e-09
Dr_0_0_l_0 = 8.275e-08
Dr_0_0_l_0_0 = 4.90757e-08
Dr_0_0_l_0_0_0 = 5.36964e-08
Hl_0_0 = 0.000974812
Hl_0_0_l_0 = 0.000557182
Hl_0_0_l_0_0 = 0.000448139
Hr_0_0 = 0.00101213
I = 1
pi2_0_0_0_0 = 1.00381e-06
pi2_0_0_0_0_l_0 = 5.72711e-07
pi2_0_0_0_0_l_0_0 = 4.57996e-07
