DD_0_0 = 2.39605e-09
DD_0_0_l_0 = 4.32809e-10
DD_0_0_l_0_0 = 4.59098e-10
Dr_0_0 = 7.97468e-11
Dr_0_0_l_0 = 1.60214e-09
Dr_0_0_l_0_0 = 4.11842e-10
Dr_0_0_l_0_0_0 = 7.90123e-10
Hl_0_0 = 9.6666e-05
Hl_0_0_l_0 = 3.33306e-05
Hl_0_0_l_0_0 = 3.22571e-05
Hr_0_0 = 9.9999e-05
I = 1
pi2_0_0_0_0 = 1.04644e-08
pi2_0_0_0_0_l_0 = 3.47823e-09
pi2_0_0_0_0_l_0_0 = 3.33544e-09
