DD_0_0 = 2.39629e-09
DD_0_0_l_0 = 4.30805e-10
DD_0_0_l_0_0 = 4.69387e-10
DD_0_0_l_0_0_0 = 1.82175e-10
DD_0_0_l_0_0_0_0 = 1.96924e-10
DD_0_0_l_0_0_0_0_0 = 1.00105e-10
Dr_0_0 = 7.975e-11
Dr_0_0_l_0 = 1.60248e-09
Dr_0_0_l_0_0 = 4.02146e-10
Dr_0_0_l_0_0_0 = 8.04773e-10
Dr_0_0_l_0_0_0_0 = 2.98829e-10
Dr_0_0_l_0_0_0_0_0 = 4.96931e-10
Dr_0_0_l_0_0_0_0_0_0 = 2.2465e-10
Hl_0_0 = 9.6668e-05
Hl_0_0_l_0 = 3.33102e-05
Hl_0_0_l_0_0 = 3.2666e-05
Hl_0_0_l_0_0_0 = 1.99895e-05
Hl_0_0_l_0_0_0_0 = 1.97135e-05
Hl_0_0_l_0_0_0_0_0 = 1.42769e-05
Hr_0_0 = 9.9999e-05
I = 1
pi2_0_0_0_0 = 1.04648e-08
pi2_0_0_0_0_l_0 = 3.47244e-09
pi2_0_0_0_0_l_0_0 = 3.38174e-09
pi2_0_0_0_0_l_0_0_0 = 2.05063e-09
pi2_0_0_0_0_l_0_0_0_0 = 2.00714e-09
pi2_0_0_0_0_l_0_0_0_0_0 = 1.45295e-09
