DD_0_0 = 4.76188e-11
DD_0_0_l_0 = 1.60938e-11
DD_0_0_l_0_0 = 1.56389e-11
DD_0_0_l_0_0_0 = 9.39585e-12
DD_0_0_l_0_0_0_0 = 9.18511e-12
DD_0_0_l_0_0_0_0_0 = 6.53729e-12
DD_0_0_l_0_0_0_0_0_0 = 6.4129e-12
DD_0_0_l_0_0_0_0_0_0_0 = 4.95765e-12
DD_0_0_l_0_0_0_0_0_0_0_0 = 4.8746e-12
DD_0_0_l_0_0_0_0_0_0_0_0_0 = 3.9587e-12
DD_0_0_l_0_0_0_0_0_0_0_0_0_0 = 3.89322e-12
Dr_0_0 = 9.05752e-14
Dr_0_0_l_0 = 1.83944e-12
Dr_0_0_l_0_0 = 1.2181e-12
Dr_0_0_l_0_0_0 = 1.73701e-12
Dr_0_0_l_0_0_0_0 = 1.35939e-12
Dr_0_0_l_0_0_0_0_0 = 1.6414e-12
Dr_0_0_l_0_0_0_0_0_0 = 1.37033e-12
Dr_0_0_l_0_0_0_0_0_0_0 = 1.55479e-12
Dr_0_0_l_0_0_0_0_0_0_0_0 = 1.34406e-12
Dr_0_0_l_0_0_0_0_0_0_0_0_0 = 1.47652e-12
Dr_0_0_l_0_0_0_0_0_0_0_0_0_0 = 1.30527e-12
Dr_0_0_l_0_0_0_0_0_0_0_0_0_0_0 = 1.40434e-12
Hl_0_0 = 9.6668e-05
Hl_0_0_l_0 = 3.33102e-05
Hl_0_0_l_0_0 = 3.2666e-05
Hl_0_0_l_0_0_0 = 1.99895e-05
Hl_0_0_l_0_0_0_0 = 1.97134e-05
Hl_0_0_l_0_0_0_0_0 = 1.42794e-05
Hl_0_0_l_0_0_0_0_0_0 = 1.4126e-05
Hl_0_0_l_0_0_0_0_0_0_0 = 1.11068e-05
Hl_0_0_l_0_0_0_0_0_0_0_0 = 1.10091e-05
Hl_0_0_l_0_0_0_0_0_0_0_0_0 = 9.08771e-06
Hl_0_0_l_0_0_0_0_0_0_0_0_0_0 = 9.00803e-06
Hr_0_0 = 9.9999e-05
I = 1
pi2_0_0_0_0 = 9.66752e-09
pi2_0_0_0_0_l_0 = 3.33138e-09
pi2_0_0_0_0_l_0_0 = 3.26689e-09
pi2_0_0_0_0_l_0_0_0 = 1.99916e-09
pi2_0_0_0_0_l_0_0_0_0 = 1.97152e-09
pi2_0_0_0_0_l_0_0_0_0_0 = 1.42809e-09
pi2_0_0_0_0_l_0_0_0_0_0_0 = 1.41273e-09
pi2_0_0_0_0_l_0_0_0_0_0_0_0 = 1.11078e-09
pi2_0_0_0_0_l_0_0_0_0_0_0_0_0 = 1.10101e-09
pi2_0_0_0_0_l_0_0_0_0_0_0_0_0_0 = 9.08855e-10
pi2_0_0_0_0_l_0_0_0_0_0_0_0_0_0_0 = 9.00878e-10
