DD_0_0 = 3.124e-09
DD_0_0_l_0 = 6.20547e-10
DD_0_0_l_0_0 = 5.93606e-10
DD_0_0_l_0_0_0 = 2.47968e-10
DD_0_0_l_0_0_0_0 = 2.43668e-10
DD_0_0_l_0_0_0_0_0 = 1.30587e-10
DD_0_0_l_0_0_0_0_0_0 = 1.30389e-10
DD_0_0_l_0_0_0_0_0_0_0 = 7.96477e-11
DD_0_0_l_0_0_0_0_0_0_0_0 = 8.04312e-11
DD_0_0_l_0_0_0_0_0_0_0_0_0 = 5.34941e-11
DD_0_0_l_0_0_0_0_0_0_0_0_0_0 = 5.411e-11
DD_0_0_l_0_0_0_0_0_0_0_0_0_0_0 = 3.82375e-11
DD_0_0_l_0_0_0_0_0_0_0_0_0_0_0_0 = 3.87122e-11
DD_0_0_l_0_0_0_0_0_0_0_0_0_0_0_0_0 = 2.85973e-11
DD_0_0_l_0_0_0_0_0_0_0_0_0_0_0_0_0_0 = 2.89717e-11
DD_0_0_l_0_0_0_0_0_0_0_0_0_0_0_0_0_0_0 = 2.21407e-11
DD_0_0_l_0_0_0_0_0_0_0_0_0_0_0_0_0_0_0_0 = 2.24412e-11
DD_0_0_l_0_0_0_0_0_0_0_0_0_0_0_0_0_0_0_0_0 = 1.76171e-11
DD_0_0_l_0_0_0_0_0_0_0_0_0_0_0_0_0_0_0_0_0_0 = 1.78605e-11
DD_0_0_l_0_0_0_0_0_0_0_0_0_0_0_0_0_0_0_0_0_0_0 = 1.43409e-11
DD_0_0_l_0_0_0_0_0_0_0_0_0_0_0_0_0_0_0_0_0_0_0_0 = 1.44109e-11
Dr_0_0 = 1.21794e-09
Dr_0_0_l_0 = 2.59223e-09
Dr_0_0_l_0_0 = 9.27136e-10
Dr_0_0_l_0_0_0 = 1.27264e-09
Dr_0_0_l_0_0_0_0 = 6.02021e-10
Dr_0_0_l_0_0_0_0_0 = 7.77156e-10
Dr_0_0_l_0_0_0_0_0_0 = 4.21185e-10
Dr_0_0_l_0_0_0_0_0_0_0 = 5.31704e-10
Dr_0_0_l_0_0_0_0_0_0_0_0 = 3.11961e-10
Dr_0_0_l_0_0_0_0_0_0_0_0_0 = 3.8993e-10
Dr_0_0_l_0_0_0_0_0_0_0_0_0_0 = 2.41702e-10
Dr_0_0_l_0_0_0_0_0_0_0_0_0_0_0 = 2.99688e-10
Dr_0_0_l_0_0_0_0_0_0_0_0_0_0_0_0 = 1.93485e-10
Dr_0_0_l_0_0_0_0_0_0_0_0_0_0_0_0_0 = 2.38431e-10
Dr_0_0_l_0_0_0_0_0_0_0_0_0_0_0_0_0_0 = 1.58829e-10
Dr_0_0_l_0_0_0_0_0_0_0_0_0_0_0_0_0_0_0 = 1.9477e-10
Dr_0_0_l_0_0_0_0_0_0_0_0_0_0_0_0_0_0_0_0 = 1.33015e-10
Dr_0_0_l_0_0_0_0_0_0_0_0_0_0_0_0_0_0_0_0_0 = 1.62455e-10
Dr_0_0_l_0_0_0_0_0_0_0_0_0_0_0_0_0_0_0_0_0_0 = 1.13228e-10
Dr_0_0_l_0_0_0_0_0_0_0_0_0_0_0_0_0_0_0_0_0_0_0 = 1.37763e-10
Dr_0_0_l_0_0_0_0_0_0_0_0_0_0_0_0_0_0_0_0_0_0_0_0 = 9.86324e-11
Dr_0_0_l_0_0_0_0_0_0_0_0_0_0_0_0_0_0_0_0_0_0_0_0_0 = 1.17095e-10
Hl_0_0 = 6.86964e-05
Hl_0_0_l_0 = 3.13029e-05
Hl_0_0_l_0_0 = 2.69578e-05
Hl_0_0_l_0_0_0 = 1.91239e-05
Hl_0_0_l_0_0_0_0 = 1.72397e-05
Hl_0_0_l_0_0_0_0_0 = 1.37967e-05
Hl_0_0_l_0_0_0_0_0_0 = 1.27421e-05
Hl_0_0_l_0_0_0_0_0_0_0 = 1.07987e-05
Hl_0_0_l_0_0_0_0_0_0_0_0 = 1.01241e-05
Hl_0_0_l_0_0_0_0_0_0_0_0_0 = 8.87392e-06
Hl_0_0_l_0_0_0_0_0_0_0_0_0_0 = 8.40513e-06
Hl_0_0_l_0_0_0_0_0_0_0_0_0_0_0 = 7.53268e-06
Hl_0_0_l_0_0_0_0_0_0_0_0_0_0_0_0 = 7.18791e-06
Hl_0_0_l_0_0_0_0_0_0_0_0_0_0_0_0_0 = 6.54423e-06
Hl_0_0_l_0_0_0_0_0_0_0_0_0_0_0_0_0_0 = 6.27998e-06
Hl_0_0_l_0_0_0_0_0_0_0_0_0_0_0_0_0_0_0 = 5.78539e-06
Hl_0_0_l_0_0_0_0_0_0_0_0_0_0_0_0_0_0_0_0 = 5.57639e-06
Hl_0_0_l_0_0_0_0_0_0_0_0_0_0_0_0_0_0_0_0_0 = 5.18442e-06
Hl_0_0_l_0_0_0_0_0_0_0_0_0_0_0_0_0_0_0_0_0_0 = 5.01494e-06
Hl_0_0_l_0_0_0_0_0_0_0_0_0_0_0_0_0_0_0_0_0_0_0 = 4.69724e-06
Hl_0_0_l_0_0_0_0_0_0_0_0_0_0_0_0_0_0_0_0_0_0_0_0 = 4.54453e-06
Hr_0_0 = 9.99978e-05
I = 1
pi2_0_0_0_0 = 8.02971e-09
pi2_0_0_0_0_l_0 = 3.32856e-09
pi2_0_0_0_0_l_0_0 = 2.85405e-09
pi2_0_0_0_0_l_0_0_0 = 1.97619e-09
pi2_0_0_0_0_l_0_0_0_0 = 1.76892e-09
pi2_0_0_0_0_l_0_0_0_0_0 = 1.40873e-09
pi2_0_0_0_0_l_0_0_0_0_0_0 = 1.29093e-09
pi2_0_0_0_0_l_0_0_0_0_0_0_0 = 1.09317e-09
pi2_0_0_0_0_l_0_0_0_0_0_0_0_0 = 1.01914e-09
pi2_0_0_0_0_l_0_0_0_0_0_0_0_0_0 = 8.94443e-10
pi2_0_0_0_0_l_0_0_0_0_0_0_0_0_0_0 = 8.42767e-10
pi2_0_0_0_0_l_0_0_0_0_0_0_0_0_0_0_0 = 7.5721e-10
pi2_0_0_0_0_l_0_0_0_0_0_0_0_0_0_0_0_0 = 7.18993e-10
pi2_0_0_0_0_l_0_0_0_0_0_0_0_0_0_0_0_0_0 = 6.56657e-10
pi2_0_0_0_0_l_0_0_0_0_0_0_0_0_0_0_0_0_0_0 = 6.27224e-10
pi2_0_0_0_0_l_0_0_0_0_0_0_0_0_0_0_0_0_0_0_0 = 5.79781e-10
pi2_0_0_0_0_l_0_0_0_0_0_0_0_0_0_0_0_0_0_0_0_0 = 5.56404e-10
pi2_0_0_0_0_l_0_0_0_0_0_0_0_0_0_0_0_0_0_0_0_0_0 = 5.19085e-10
pi2_0_0_0_0_l_0_0_0_0_0_0_0_0_0_0_0_0_0_0_0_0_0_0 = 5.00055e-10
pi2_0_0_0_0_l_0_0_0_0_0_0_0_0_0_0_0_0_0_0_0_0_0_0_0 = 4.70038e-10
pi2_0_0_0_0_l_0_0_0_0_0_0_0_0_0_0_0_0_0_0_0_0_0_0_0_0 = 4.5297e-10
