DD_0_0 = 3.09556e-09
DD_0_0_l_0 = 6.15189e-10
DD_0_0_l_0_0 = 5.89203e-10
DD_0_0_l_0_0_0 = 2.4717e-10
DD_0_0_l_0_0_0_0 = 2.41731e-10
DD_0_0_l_0_0_0_0_0 = 1.30661e-10
DD_0_0_l_0_0_0_0_0_0 = 1.29403e-10
DD_0_0_l_0_0_0_0_0_0_0 = 8.0094e-11
DD_0_0_l_0_0_0_0_0_0_0_0 = 7.97058e-11
DD_0_0_l_0_0_0_0_0_0_0_0_0 = 5.39221e-11
DD_0_0_l_0_0_0_0_0_0_0_0_0_0 = 5.36103e-11
DD_0_0_l_0_0_0_0_0_0_0_0_0_0_0 = 3.84755e-11
DD_0_0_l_0_0_0_0_0_0_0_0_0_0_0_0 = 3.84034e-11
DD_0_0_l_0_0_0_0_0_0_0_0_0_0_0_0_0 = 2.8731e-11
DD_0_0_l_0_0_0_0_0_0_0_0_0_0_0_0_0_0 = 2.87692e-11
DD_0_0_l_0_0_0_0_0_0_0_0_0_0_0_0_0_0_0 = 2.22211e-11
DD_0_0_l_0_0_0_0_0_0_0_0_0_0_0_0_0_0_0_0 = 2.2301e-11
DD_0_0_l_0_0_0_0_0_0_0_0_0_0_0_0_0_0_0_0_0 = 1.76678e-11
DD_0_0_l_0_0_0_0_0_0_0_0_0_0_0_0_0_0_0_0_0_0 = 1.77596e-11
DD_0_0_l_0_0_0_0_0_0_0_0_0_0_0_0_0_0_0_0_0_0_0 = 1.43739e-11
DD_0_0_l_0_0_0_0_0_0_0_0_0_0_0_0_0_0_0_0_0_0_0_0 = 1.43402e-11
Dr_0_0 = 1.20539e-09
Dr_0_0_l_0 = 2.56266e-09
Dr_0_0_l_0_0 = 9.17564e-10
Dr_0_0_l_0_0_0 = 1.2603e-09
Dr_0_0_l_0_0_0_0 = 5.96665e-10
Dr_0_0_l_0_0_0_0_0 = 7.7048e-10
Dr_0_0_l_0_0_0_0_0_0 = 4.18191e-10
Dr_0_0_l_0_0_0_0_0_0_0 = 5.26925e-10
Dr_0_0_l_0_0_0_0_0_0_0_0 = 3.10631e-10
Dr_0_0_l_0_0_0_0_0_0_0_0_0 = 3.86267e-10
Dr_0_0_l_0_0_0_0_0_0_0_0_0_0 = 2.41103e-10
Dr_0_0_l_0_0_0_0_0_0_0_0_0_0_0 = 2.9682e-10
Dr_0_0_l_0_0_0_0_0_0_0_0_0_0_0_0 = 1.93149e-10
Dr_0_0_l_0_0_0_0_0_0_0_0_0_0_0_0_0 = 2.36166e-10
Dr_0_0_l_0_0_0_0_0_0_0_0_0_0_0_0_0_0 = 1.58616e-10
Dr_0_0_l_0_0_0_0_0_0_0_0_0_0_0_0_0_0_0 = 1.92944e-10
Dr_0_0_l_0_0_0_0_0_0_0_0_0_0_0_0_0_0_0_0 = 1.32866e-10
Dr_0_0_l_0_0_0_0_0_0_0_0_0_0_0_0_0_0_0_0_0 = 1.60956e-10
Dr_0_0_l_0_0_0_0_0_0_0_0_0_0_0_0_0_0_0_0_0_0 = 1.13117e-10
Dr_0_0_l_0_0_0_0_0_0_0_0_0_0_0_0_0_0_0_0_0_0_0 = 1.36514e-10
Dr_0_0_l_0_0_0_0_0_0_0_0_0_0_0_0_0_0_0_0_0_0_0_0 = 9.85021e-11
Dr_0_0_l_0_0_0_0_0_0_0_0_0_0_0_0_0_0_0_0_0_0_0_0_0 = 1.16079e-10
Hl_0_0 = 6.86964e-05
Hl_0_0_l_0 = 3.13029e-05
Hl_0_0_l_0_0 = 2.69578e-05
Hl_0_0_l_0_0_0 = 1.91239e-05
Hl_0_0_l_0_0_0_0 = 1.72397e-05
Hl_0_0_l_0_0_0_0_0 = 1.37967e-05
Hl_0_0_l_0_0_0_0_0_0 = 1.27421e-05
Hl_0_0_l_0_0_0_0_0_0_0 = 1.07987e-05
Hl_0_0_l_0_0_0_0_0_0_0_0 = 1.01241e-05
Hl_0_0_l_0_0_0_0_0_0_0_0_0 = 8.87392e-06
Hl_0_0_l_0_0_0_0_0_0_0_0_0_0 = 8.40513e-06
Hl_0_0_l_0_0_0_0_0_0_0_0_0_0_0 = 7.53268e-06
Hl_0_0_l_0_0_0_0_0_0_0_0_0_0_0_0 = 7.18791e-06
Hl_0_0_l_0_0_0_0_0_0_0_0_0_0_0_0_0 = 6.54423e-06
Hl_0_0_l_0_0_0_0_0_0_0_0_0_0_0_0_0_0 = 6.27998e-06
Hl_0_0_l_0_0_0_0_0_0_0_0_0_0_0_0_0_0_0 = 5.78539e-06
Hl_0_0_l_0_0_0_0_0_0_0_0_0_0_0_0_0_0_0_0 = 5.57639e-06
Hl_0_0_l_0_0_0_0_0_0_0_0_0_0_0_0_0_0_0_0_0 = 5.18442e-06
Hl_0_0_l_0_0_0_0_0_0_0_0_0_0_0_0_0_0_0_0_0_0 = 5.01494e-06
Hl_0_0_l_0_0_0_0_0_0_0_0_0_0_0_0_0_0_0_0_0_0_0 = 4.69724e-06
Hl_0_0_l_0_0_0_0_0_0_0_0_0_0_0_0_0_0_0_0_0_0_0_0 = 4.54453e-06
Hr_0_0 = 9.99978e-05
I = 1
pi2_0_0_0_0 = 8.01613e-09
pi2_0_0_0_0_l_0 = 3.32758e-09
pi2_0_0_0_0_l_0_0 = 2.85184e-09
pi2_0_0_0_0_l_0_0_0 = 1.97608e-09
pi2_0_0_0_0_l_0_0_0_0 = 1.76959e-09
pi2_0_0_0_0_l_0_0_0_0_0 = 1.40686e-09
pi2_0_0_0_0_l_0_0_0_0_0_0 = 1.29087e-09
pi2_0_0_0_0_l_0_0_0_0_0_0_0 = 1.09339e-09
pi2_0_0_0_0_l_0_0_0_0_0_0_0_0 = 1.01869e-09
pi2_0_0_0_0_l_0_0_0_0_0_0_0_0_0 = 8.94817e-10
pi2_0_0_0_0_l_0_0_0_0_0_0_0_0_0_0 = 8.42431e-10
pi2_0_0_0_0_l_0_0_0_0_0_0_0_0_0_0_0 = 7.57493e-10
pi2_0_0_0_0_l_0_0_0_0_0_0_0_0_0_0_0_0 = 7.18768e-10
pi2_0_0_0_0_l_0_0_0_0_0_0_0_0_0_0_0_0_0 = 6.56869e-10
pi2_0_0_0_0_l_0_0_0_0_0_0_0_0_0_0_0_0_0_0 = 6.27066e-10
pi2_0_0_0_0_l_0_0_0_0_0_0_0_0_0_0_0_0_0_0_0 = 5.79945e-10
pi2_0_0_0_0_l_0_0_0_0_0_0_0_0_0_0_0_0_0_0_0_0 = 5.5629e-10
pi2_0_0_0_0_l_0_0_0_0_0_0_0_0_0_0_0_0_0_0_0_0_0 = 5.19215e-10
pi2_0_0_0_0_l_0_0_0_0_0_0_0_0_0_0_0_0_0_0_0_0_0_0 = 4.99969e-10
pi2_0_0_0_0_l_0_0_0_0_0_0_0_0_0_0_0_0_0_0_0_0_0_0_0 = 4.70141e-10
pi2_0_0_0_0_l_0_0_0_0_0_0_0_0_0_0_0_0_0_0_0_0_0_0_0_0 = 4.52912e-10
