DD_0_0 = 3.09566e-09
DD_0_0_l_0 = 6.15314e-10
DD_0_0_l_0_0 = 5.89119e-10
DD_0_0_l_0_0_0 = 2.47358e-10
DD_0_0_l_0_0_0_0 = 2.41638e-10
DD_0_0_l_0_0_0_0_0 = 1.30877e-10
DD_0_0_l_0_0_0_0_0_0 = 1.29326e-10
DD_0_0_l_0_0_0_0_0_0_0 = 8.0112e-11
DD_0_0_l_0_0_0_0_0_0_0_0 = 7.96959e-11
DD_0_0_l_0_0_0_0_0_0_0_0_0 = 5.39036e-11
DD_0_0_l_0_0_0_0_0_0_0_0_0_0 = 5.24059e-11
Dr_0_0 = 1.20544e-09
Dr_0_0_l_0 = 2.56284e-09
Dr_0_0_l_0_0 = 9.174e-10
Dr_0_0_l_0_0_0 = 1.2603e-09
Dr_0_0_l_0_0_0_0 = 5.97e-10
Dr_0_0_l_0_0_0_0_0 = 7.70332e-10
Dr_0_0_l_0_0_0_0_0_0 = 4.18476e-10
Dr_0_0_l_0_0_0_0_0_0_0 = 5.26797e-10
Dr_0_0_l_0_0_0_0_0_0_0_0 = 3.10975e-10
Dr_0_0_l_0_0_0_0_0_0_0_0_0 = 3.85712e-10
Dr_0_0_l_0_0_0_0_0_0_0_0_0_0 = 2.45726e-10
Dr_0_0_l_0_0_0_0_0_0_0_0_0_0_0 = 2.88715e-10
Hl_0_0 = 6.86964e-05
Hl_0_0_l_0 = 3.13029e-05
Hl_0_0_l_0_0 = 2.69578e-05
Hl_0_0_l_0_0_0 = 1.91239e-05
Hl_0_0_l_0_0_0_0 = 1.72397e-05
Hl_0_0_l_0_0_0_0_0 = 1.37967e-05
Hl_0_0_l_0_0_0_0_0_0 = 1.2742e-05
Hl_0_0_l_0_0_0_0_0_0_0 = 1.07988e-05
Hl_0_0_l_0_0_0_0_0_0_0_0 = 1.01233e-05
Hl_0_0_l_0_0_0_0_0_0_0_0_0 = 8.88118e-06
Hl_0_0_l_0_0_0_0_0_0_0_0_0_0 = 8.33247e-06
Hr_0_0 = 9.99978e-05
I = 1
pi2_0_0_0_0 = 8.01651e-09
pi2_0_0_0_0_l_0 = 3.32693e-09
pi2_0_0_0_0_l_0_0 = 2.85188e-09
pi2_0_0_0_0_l_0_0_0 = 1.97639e-09
pi2_0_0_0_0_l_0_0_0_0 = 1.76942e-09
pi2_0_0_0_0_l_0_0_0_0_0 = 1.40724e-09
pi2_0_0_0_0_l_0_0_0_0_0_0 = 1.2907e-09
pi2_0_0_0_0_l_0_0_0_0_0_0_0 = 1.09362e-09
pi2_0_0_0_0_l_0_0_0_0_0_0_0_0 = 1.01847e-09
pi2_0_0_0_0_l_0_0_0_0_0_0_0_0_0 = 8.95986e-10
pi2_0_0_0_0_l_0_0_0_0_0_0_0_0_0_0 = 8.34872e-10
