DD_0_0 = 2.8211e-09
DD_0_0_l_0 = 5.83974e-10
DD_0_0_l_0_0 = 5.47258e-10
DD_0_0_l_0_0_0 = 2.36602e-10
DD_0_0_l_0_0_0_0 = 2.27079e-10
DD_0_0_l_0_0_0_0_0 = 1.26046e-10
DD_0_0_l_0_0_0_0_0_0 = 1.22462e-10
DD_0_0_l_0_0_0_0_0_0_0 = 7.7483e-11
DD_0_0_l_0_0_0_0_0_0_0_0 = 7.5949e-11
DD_0_0_l_0_0_0_0_0_0_0_0_0 = 5.20879e-11
DD_0_0_l_0_0_0_0_0_0_0_0_0_0 = 5.14165e-11
DD_0_0_l_0_0_0_0_0_0_0_0_0_0_0 = 3.72792e-11
DD_0_0_l_0_0_0_0_0_0_0_0_0_0_0_0 = 3.69598e-11
DD_0_0_l_0_0_0_0_0_0_0_0_0_0_0_0_0 = 2.79191e-11
DD_0_0_l_0_0_0_0_0_0_0_0_0_0_0_0_0_0 = 2.77663e-11
DD_0_0_l_0_0_0_0_0_0_0_0_0_0_0_0_0_0_0 = 2.16444e-11
DD_0_0_l_0_0_0_0_0_0_0_0_0_0_0_0_0_0_0_0 = 2.15759e-11
DD_0_0_l_0_0_0_0_0_0_0_0_0_0_0_0_0_0_0_0_0 = 1.72431e-11
DD_0_0_l_0_0_0_0_0_0_0_0_0_0_0_0_0_0_0_0_0_0 = 1.72183e-11
DD_0_0_l_0_0_0_0_0_0_0_0_0_0_0_0_0_0_0_0_0_0_0 = 1.4051e-11
DD_0_0_l_0_0_0_0_0_0_0_0_0_0_0_0_0_0_0_0_0_0_0_0 = 1.39328e-11
Dr_0_0 = 1.07865e-09
Dr_0_0_l_0 = 2.29829e-09
Dr_0_0_l_0_0 = 8.46907e-10
Dr_0_0_l_0_0_0 = 1.14191e-09
Dr_0_0_l_0_0_0_0 = 5.55252e-10
Dr_0_0_l_0_0_0_0_0 = 7.02708e-10
Dr_0_0_l_0_0_0_0_0_0 = 3.91233e-10
Dr_0_0_l_0_0_0_0_0_0_0 = 4.82851e-10
Dr_0_0_l_0_0_0_0_0_0_0_0 = 2.91781e-10
Dr_0_0_l_0_0_0_0_0_0_0_0_0 = 3.5526e-10
Dr_0_0_l_0_0_0_0_0_0_0_0_0_0 = 2.26851e-10
Dr_0_0_l_0_0_0_0_0_0_0_0_0_0_0 = 2.7392e-10
Dr_0_0_l_0_0_0_0_0_0_0_0_0_0_0_0 = 1.82054e-10
Dr_0_0_l_0_0_0_0_0_0_0_0_0_0_0_0_0 = 2.18522e-10
Dr_0_0_l_0_0_0_0_0_0_0_0_0_0_0_0_0_0 = 1.49747e-10
Dr_0_0_l_0_0_0_0_0_0_0_0_0_0_0_0_0_0_0 = 1.78924e-10
Dr_0_0_l_0_0_0_0_0_0_0_0_0_0_0_0_0_0_0_0 = 1.25619e-10
Dr_0_0_l_0_0_0_0_0_0_0_0_0_0_0_0_0_0_0_0_0 = 1.49542e-10
Dr_0_0_l_0_0_0_0_0_0_0_0_0_0_0_0_0_0_0_0_0_0 = 1.07085e-10
Dr_0_0_l_0_0_0_0_0_0_0_0_0_0_0_0_0_0_0_0_0_0_0 = 1.27045e-10
Dr_0_0_l_0_0_0_0_0_0_0_0_0_0_0_0_0_0_0_0_0_0_0_0 = 9.3275e-11
Dr_0_0_l_0_0_0_0_0_0_0_0_0_0_0_0_0_0_0_0_0_0_0_0_0 = 1.08244e-10
Hl_0_0 = 6.86964e-05
Hl_0_0_l_0 = 3.13029e-05
Hl_0_0_l_0_0 = 2.69578e-05
Hl_0_0_l_0_0_0 = 1.91239e-05
Hl_0_0_l_0_0_0_0 = 1.72397e-05
Hl_0_0_l_0_0_0_0_0 = 1.37967e-05
Hl_0_0_l_0_0_0_0_0_0 = 1.27421e-05
Hl_0_0_l_0_0_0_0_0_0_0 = 1.07987e-05
Hl_0_0_l_0_0_0_0_0_0_0_0 = 1.01241e-05
Hl_0_0_l_0_0_0_0_0_0_0_0_0 = 8.87392e-06
Hl_0_0_l_0_0_0_0_0_0_0_0_0_0 = 8.40513e-06
Hl_0_0_l_0_0_0_0_0_0_0_0_0_0_0 = 7.53268e-06
Hl_0_0_l_0_0_0_0_0_0_0_0_0_0_0_0 = 7.18791e-06
Hl_0_0_l_0_0_0_0_0_0_0_0_0_0_0_0_0 = 6.54423e-06
Hl_0_0_l_0_0_0_0_0_0_0_0_0_0_0_0_0_0 = 6.27998e-06
Hl_0_0_l_0_0_0_0_0_0_0_0_0_0_0_0_0_0_0 = 5.78539e-06
Hl_0_0_l_0_0_0_0_0_0_0_0_0_0_0_0_0_0_0_0 = 5.57639e-06
Hl_0_0_l_0_0_0_0_0_0_0_0_0_0_0_0_0_0_0_0_0 = 5.18442e-06
Hl_0_0_l_0_0_0_0_0_0_0_0_0_0_0_0_0_0_0_0_0_0 = 5.01494e-06
Hl_0_0_l_0_0_0_0_0_0_0_0_0_0_0_0_0_0_0_0_0_0_0 = 4.69724e-06
Hl_0_0_l_0_0_0_0_0_0_0_0_0_0_0_0_0_0_0_0_0_0_0_0 = 4.54453e-06
Hr_0_0 = 9.99979e-05
I = 1
pi2_0_0_0_0 = 7.89699e-09
pi2_0_0_0_0_l_0 = 3.31549e-09
pi2_0_0_0_0_l_0_0 = 2.83907e-09
pi2_0_0_0_0_l_0_0_0 = 1.97309e-09
pi2_0_0_0_0_l_0_0_0_0 = 1.76683e-09
pi2_0_0_0_0_l_0_0_0_0_0 = 1.40629e-09
pi2_0_0_0_0_l_0_0_0_0_0_0 = 1.29026e-09
pi2_0_0_0_0_l_0_0_0_0_0_0_0 = 1.09342e-09
pi2_0_0_0_0_l_0_0_0_0_0_0_0_0 = 1.01879e-09
pi2_0_0_0_0_l_0_0_0_0_0_0_0_0_0 = 8.94823e-10
pi2_0_0_0_0_l_0_0_0_0_0_0_0_0_0_0 = 8.4282e-10
pi2_0_0_0_0_l_0_0_0_0_0_0_0_0_0_0_0 = 7.57571e-10
pi2_0_0_0_0_l_0_0_0_0_0_0_0_0_0_0_0_0 = 7.19203e-10
pi2_0_0_0_0_l_0_0_0_0_0_0_0_0_0_0_0_0_0 = 6.56984e-10
pi2_0_0_0_0_l_0_0_0_0_0_0_0_0_0_0_0_0_0_0 = 6.27489e-10
pi2_0_0_0_0_l_0_0_0_0_0_0_0_0_0_0_0_0_0_0_0 = 5.80074e-10
pi2_0_0_0_0_l_0_0_0_0_0_0_0_0_0_0_0_0_0_0_0_0 = 5.56681e-10
pi2_0_0_0_0_l_0_0_0_0_0_0_0_0_0_0_0_0_0_0_0_0_0 = 5.19344e-10
pi2_0_0_0_0_l_0_0_0_0_0_0_0_0_0_0_0_0_0_0_0_0_0_0 = 5.00326e-10
pi2_0_0_0_0_l_0_0_0_0_0_0_0_0_0_0_0_0_0_0_0_0_0_0_0 = 4.7026e-10
pi2_0_0_0_0_l_0_0_0_0_0_0_0_0_0_0_0_0_0_0_0_0_0_0_0_0 = 4.53232e-10
