DD_0_0 = 2.82111e-09
DD_0_0_l_0 = 5.84011e-10
DD_0_0_l_0_0 = 5.47228e-10
DD_0_0_l_0_0_0 = 2.36649e-10
DD_0_0_l_0_0_0_0 = 2.27084e-10
DD_0_0_l_0_0_0_0_0 = 1.25918e-10
DD_0_0_l_0_0_0_0_0_0 = 1.22518e-10
DD_0_0_l_0_0_0_0_0_0_0 = 7.7404e-11
DD_0_0_l_0_0_0_0_0_0_0_0 = 7.59557e-11
DD_0_0_l_0_0_0_0_0_0_0_0_0 = 5.22419e-11
DD_0_0_l_0_0_0_0_0_0_0_0_0_0 = 5.02253e-11
Dr_0_0 = 1.07865e-09
Dr_0_0_l_0 = 2.29831e-09
Dr_0_0_l_0_0 = 8.46875e-10
Dr_0_0_l_0_0_0 = 1.14188e-09
Dr_0_0_l_0_0_0_0 = 5.55411e-10
Dr_0_0_l_0_0_0_0_0 = 7.02667e-10
Dr_0_0_l_0_0_0_0_0_0 = 3.91185e-10
Dr_0_0_l_0_0_0_0_0_0_0 = 4.82882e-10
Dr_0_0_l_0_0_0_0_0_0_0_0 = 2.91696e-10
Dr_0_0_l_0_0_0_0_0_0_0_0_0 = 3.54928e-10
Dr_0_0_l_0_0_0_0_0_0_0_0_0_0 = 2.30701e-10
Dr_0_0_l_0_0_0_0_0_0_0_0_0_0_0 = 2.66751e-10
Hl_0_0 = 6.86964e-05
Hl_0_0_l_0 = 3.13029e-05
Hl_0_0_l_0_0 = 2.69578e-05
Hl_0_0_l_0_0_0 = 1.91239e-05
Hl_0_0_l_0_0_0_0 = 1.72397e-05
Hl_0_0_l_0_0_0_0_0 = 1.37967e-05
Hl_0_0_l_0_0_0_0_0_0 = 1.2742e-05
Hl_0_0_l_0_0_0_0_0_0_0 = 1.07988e-05
Hl_0_0_l_0_0_0_0_0_0_0_0 = 1.01233e-05
Hl_0_0_l_0_0_0_0_0_0_0_0_0 = 8.88118e-06
Hl_0_0_l_0_0_0_0_0_0_0_0_0_0 = 8.33247e-06
Hr_0_0 = 9.99979e-05
I = 1
pi2_0_0_0_0 = 7.89706e-09
pi2_0_0_0_0_l_0 = 3.31537e-09
pi2_0_0_0_0_l_0_0 = 2.83901e-09
pi2_0_0_0_0_l_0_0_0 = 1.97341e-09
pi2_0_0_0_0_l_0_0_0_0 = 1.76674e-09
pi2_0_0_0_0_l_0_0_0_0_0 = 1.40631e-09
pi2_0_0_0_0_l_0_0_0_0_0_0 = 1.29027e-09
pi2_0_0_0_0_l_0_0_0_0_0_0_0 = 1.09335e-09
pi2_0_0_0_0_l_0_0_0_0_0_0_0_0 = 1.01868e-09
pi2_0_0_0_0_l_0_0_0_0_0_0_0_0_0 = 8.95899e-10
pi2_0_0_0_0_l_0_0_0_0_0_0_0_0_0_0 = 8.35303e-10
