DD_0_0 = 1.52121e-09
DD_0_0_l_0 = 4.04237e-10
DD_0_0_l_0_0 = 3.39905e-10
DD_0_0_l_0_0_0 = 1.73748e-10
DD_0_0_l_0_0_0_0 = 1.5295e-10
DD_0_0_l_0_0_0_0_0 = 9.63245e-11
DD_0_0_l_0_0_0_0_0_0 = 8.71189e-11
DD_0_0_l_0_0_0_0_0_0_0 = 6.10203e-11
DD_0_0_l_0_0_0_0_0_0_0_0 = 5.62138e-11
DD_0_0_l_0_0_0_0_0_0_0_0_0 = 4.20287e-11
DD_0_0_l_0_0_0_0_0_0_0_0_0_0 = 3.92218e-11
DD_0_0_l_0_0_0_0_0_0_0_0_0_0_0 = 3.06594e-11
DD_0_0_l_0_0_0_0_0_0_0_0_0_0_0_0 = 2.88866e-11
DD_0_0_l_0_0_0_0_0_0_0_0_0_0_0_0_0 = 2.33239e-11
DD_0_0_l_0_0_0_0_0_0_0_0_0_0_0_0_0_0 = 2.21381e-11
DD_0_0_l_0_0_0_0_0_0_0_0_0_0_0_0_0_0_0 = 1.83217e-11
DD_0_0_l_0_0_0_0_0_0_0_0_0_0_0_0_0_0_0_0 = 1.74921e-11
DD_0_0_l_0_0_0_0_0_0_0_0_0_0_0_0_0_0_0_0_0 = 1.47612e-11
DD_0_0_l_0_0_0_0_0_0_0_0_0_0_0_0_0_0_0_0_0_0 = 1.41595e-11
DD_0_0_l_0_0_0_0_0_0_0_0_0_0_0_0_0_0_0_0_0_0_0 = 1.21433e-11
DD_0_0_l_0_0_0_0_0_0_0_0_0_0_0_0_0_0_0_0_0_0_0_0 = 1.16199e-11
Dr_0_0 = 4.93094e-10
Dr_0_0_l_0 = 1.06998e-09
Dr_0_0_l_0_0 = 4.79931e-10
Dr_0_0_l_0_0_0 = 5.78726e-10
Dr_0_0_l_0_0_0_0 = 3.3304e-10
Dr_0_0_l_0_0_0_0_0 = 3.7587e-10
Dr_0_0_l_0_0_0_0_0_0 = 2.43099e-10
Dr_0_0_l_0_0_0_0_0_0_0 = 2.68412e-10
Dr_0_0_l_0_0_0_0_0_0_0_0 = 1.86011e-10
Dr_0_0_l_0_0_0_0_0_0_0_0_0 = 2.03378e-10
Dr_0_0_l_0_0_0_0_0_0_0_0_0_0 = 1.47591e-10
Dr_0_0_l_0_0_0_0_0_0_0_0_0_0_0 = 1.60517e-10
Dr_0_0_l_0_0_0_0_0_0_0_0_0_0_0_0 = 1.20422e-10
Dr_0_0_l_0_0_0_0_0_0_0_0_0_0_0_0_0 = 1.30542e-10
Dr_0_0_l_0_0_0_0_0_0_0_0_0_0_0_0_0_0 = 1.00435e-10
Dr_0_0_l_0_0_0_0_0_0_0_0_0_0_0_0_0_0_0 = 1.08636e-10
Dr_0_0_l_0_0_0_0_0_0_0_0_0_0_0_0_0_0_0_0 = 8.52579e-11
Dr_0_0_l_0_0_0_0_0_0_0_0_0_0_0_0_0_0_0_0_0 = 9.20718e-11
Dr_0_0_l_0_0_0_0_0_0_0_0_0_0_0_0_0_0_0_0_0_0 = 7.34317e-11
Dr_0_0_l_0_0_0_0_0_0_0_0_0_0_0_0_0_0_0_0_0_0_0 = 7.91912e-11
Dr_0_0_l_0_0_0_0_0_0_0_0_0_0_0_0_0_0_0_0_0_0_0_0 = 6.4243e-11
Dr_0_0_l_0_0_0_0_0_0_0_0_0_0_0_0_0_0_0_0_0_0_0_0_0 = 6.84273e-11
Hl_0_0 = 6.86964e-05
Hl_0_0_l_0 = 3.13029e-05
Hl_0_0_l_0_0 = 2.69578e-05
Hl_0_0_l_0_0_0 = 1.91239e-05
Hl_0_0_l_0_0_0_0 = 1.72397e-05
Hl_0_0_l_0_0_0_0_0 = 1.37967e-05
Hl_0_0_l_0_0_0_0_0_0 = 1.27421e-05
Hl_0_0_l_0_0_0_0_0_0_0 = 1.07987e-05
Hl_0_0_l_0_0_0_0_0_0_0_0 = 1.01241e-05
Hl_0_0_l_0_0_0_0_0_0_0_0_0 = 8.87392e-06
Hl_0_0_l_0_0_0_0_0_0_0_0_0_0 = 8.40513e-06
Hl_0_0_l_0_0_0_0_0_0_0_0_0_0_0 = 7.53268e-06
Hl_0_0_l_0_0_0_0_0_0_0_0_0_0_0_0 = 7.18791e-06
Hl_0_0_l_0_0_0_0_0_0_0_0_0_0_0_0_0 = 6.54423e-06
Hl_0_0_l_0_0_0_0_0_0_0_0_0_0_0_0_0_0 = 6.27998e-06
Hl_0_0_l_0_0_0_0_0_0_0_0_0_0_0_0_0_0_0 = 5.78539e-06
Hl_0_0_l_0_0_0_0_0_0_0_0_0_0_0_0_0_0_0_0 = 5.57639e-06
Hl_0_0_l_0_0_0_0_0_0_0_0_0_0_0_0_0_0_0_0_0 = 5.18442e-06
Hl_0_0_l_0_0_0_0_0_0_0_0_0_0_0_0_0_0_0_0_0_0 = 5.01494e-06
Hl_0_0_l_0_0_0_0_0_0_0_0_0_0_0_0_0_0_0_0_0_0_0 = 4.69724e-06
Hl_0_0_l_0_0_0_0_0_0_0_0_0_0_0_0_0_0_0_0_0_0_0_0 = 4.54453e-06
Hr_0_0 = 9.99985e-05
I = 1
pi2_0_0_0_0 = 7.34429e-09
pi2_0_0_0_0_l_0 = 3.24729e-09
pi2_0_0_0_0_l_0_0 = 2.77551e-09
pi2_0_0_0_0_l_0_0_0 = 1.95431e-09
pi2_0_0_0_0_l_0_0_0_0 = 1.75212e-09
pi2_0_0_0_0_l_0_0_0_0_0 = 1.39954e-09
pi2_0_0_0_0_l_0_0_0_0_0_0 = 1.28694e-09
pi2_0_0_0_0_l_0_0_0_0_0_0_0 = 1.09073e-09
pi2_0_0_0_0_l_0_0_0_0_0_0_0_0 = 1.01895e-09
pi2_0_0_0_0_l_0_0_0_0_0_0_0_0_0 = 8.93892e-10
pi2_0_0_0_0_l_0_0_0_0_0_0_0_0_0_0 = 8.4411e-10
pi2_0_0_0_0_l_0_0_0_0_0_0_0_0_0_0_0 = 7.57409e-10
pi2_0_0_0_0_l_0_0_0_0_0_0_0_0_0_0_0_0 = 7.20838e-10
pi2_0_0_0_0_l_0_0_0_0_0_0_0_0_0_0_0_0_0 = 6.57179e-10
pi2_0_0_0_0_l_0_0_0_0_0_0_0_0_0_0_0_0_0_0 = 6.29168e-10
pi2_0_0_0_0_l_0_0_0_0_0_0_0_0_0_0_0_0_0_0_0 = 5.80434e-10
pi2_0_0_0_0_l_0_0_0_0_0_0_0_0_0_0_0_0_0_0_0_0 = 5.58287e-10
pi2_0_0_0_0_l_0_0_0_0_0_0_0_0_0_0_0_0_0_0_0_0_0 = 5.19776e-10
pi2_0_0_0_0_l_0_0_0_0_0_0_0_0_0_0_0_0_0_0_0_0_0_0 = 5.01819e-10
pi2_0_0_0_0_l_0_0_0_0_0_0_0_0_0_0_0_0_0_0_0_0_0_0_0 = 4.7069e-10
pi2_0_0_0_0_l_0_0_0_0_0_0_0_0_0_0_0_0_0_0_0_0_0_0_0_0 = 4.54584e-10
