DD_0_0 = 2.90104e-10
DD_0_0_l_0 = 1.19694e-10
DD_0_0_l_0_0 = 8.52627e-11
Dr_0_0 = 3.78609e-11
Dr_0_0_l_0 = 8.79547e-11
Dr_0_0_l_0_0 = 6.61288e-11
Dr_0_0_l_0_0_0 = 6.35324e-11
Hl_0_0 = 6.78571e-05
Hl_0_0_l_0 = 3.21422e-05
Hl_0_0_l_0_0 = 2.49994e-05
Hr_0_0 = 9.9999e-05
I = 1
pi2_0_0_0_0 = 6.82346e-09
pi2_0_0_0_0_l_0 = 3.2334e-09
pi2_0_0_0_0_l_0_0 = 2.51057e-09
