DD_0_0 = 2.94195e-10
DD_0_0_l_0 = 1.1561e-10
DD_0_0_l_0_0 = 9.39062e-11
DD_0_0_l_0_0_0 = 5.99801e-11
DD_0_0_l_0_0_0_0 = 5.15698e-11
DD_0_0_l_0_0_0_0_0 = 3.7244e-11
Dr_0_0 = 3.84114e-11
Dr_0_0_l_0 = 8.89887e-11
Dr_0_0_l_0_0 = 6.14324e-11
Dr_0_0_l_0_0_0 = 6.707e-11
Dr_0_0_l_0_0_0_0 = 5.20863e-11
Dr_0_0_l_0_0_0_0_0 = 5.30216e-11
Dr_0_0_l_0_0_0_0_0_0 = 4.33763e-11
Hl_0_0 = 6.86975e-05
Hl_0_0_l_0 = 3.13018e-05
Hl_0_0_l_0_0 = 2.69603e-05
Hl_0_0_l_0_0_0 = 1.91164e-05
Hl_0_0_l_0_0_0_0 = 1.72698e-05
Hl_0_0_l_0_0_0_0_0 = 1.36461e-05
Hr_0_0 = 9.9999e-05
I = 1
pi2_0_0_0_0 = 6.90835e-09
pi2_0_0_0_0_l_0 = 3.14739e-09
pi2_0_0_0_0_l_0_0 = 2.70777e-09
pi2_0_0_0_0_l_0_0_0 = 1.9197e-09
pi2_0_0_0_0_l_0_0_0_0 = 1.73293e-09
pi2_0_0_0_0_l_0_0_0_0_0 = 1.36918e-09
