DD_0_0 = 3.32868e-11
DD_0_0_l_0 = 1.54751e-11
DD_0_0_l_0_0 = 1.18642e-11
Dr_0_0 = 6.30742e-13
Dr_0_0_l_0 = 1.54272e-12
Dr_0_0_l_0_0 = 1.42413e-12
Dr_0_0_l_0_0_0 = 1.50713e-12
Hl_0_0 = 6.78571e-05
Hl_0_0_l_0 = 3.21422e-05
Hl_0_0_l_0_0 = 2.49994e-05
Hr_0_0 = 9.9999e-05
I = 1
pi2_0_0_0_0 = 6.78624e-09
pi2_0_0_0_0_l_0 = 3.21457e-09
pi2_0_0_0_0_l_0_0 = 2.50017e-09
