DD_0_0 = 1.14325e-10
DD_0_0_l_0 = 1.57828e-10
DD_0_0_l_0_0 = 8.65619e-11
Dr_0_0 = 1.21209e-10
Dr_0_0_l_0 = 1.55897e-10
Dr_0_0_l_0_0 = 2.07851e-10
Dr_0_0_l_0_0_0 = 1.60435e-10
Hl_0_0 = 1.73386e-05
Hl_0_0_l_0 = 1.65322e-05
Hl_0_0_l_0_0 = 1.24998e-05
Hr_0_0 = 9.99984e-05
I = 1
pi2_0_0_0_0 = 1.7655e-09
pi2_0_0_0_0_l_0 = 1.69335e-09
pi2_0_0_0_0_l_0_0 = 1.27333e-09
