DD_0_0 = 2.55562e-10
DD_0_0_l_0 = 1.5764e-10
DD_0_0_l_0_0 = 1.13255e-10
DD_0_0_l_0_0_0 = 8.53395e-11
DD_0_0_l_0_0_0_0 = 6.70377e-11
DD_0_0_l_0_0_0_0_0 = 5.4247e-11
DD_0_0_l_0_0_0_0_0_0 = 4.46457e-11
DD_0_0_l_0_0_0_0_0_0_0 = 3.77507e-11
DD_0_0_l_0_0_0_0_0_0_0_0 = 3.1803e-11
DD_0_0_l_0_0_0_0_0_0_0_0_0 = 2.81119e-11
DD_0_0_l_0_0_0_0_0_0_0_0_0_0 = 2.31641e-11
Dr_0_0 = 3.41686e-10
Dr_0_0_l_0 = 3.06038e-10
Dr_0_0_l_0_0 = 2.56305e-10
Dr_0_0_l_0_0_0 = 2.21477e-10
Dr_0_0_l_0_0_0_0 = 1.91586e-10
Dr_0_0_l_0_0_0_0_0 = 1.68746e-10
Dr_0_0_l_0_0_0_0_0_0 = 1.49223e-10
Dr_0_0_l_0_0_0_0_0_0_0 = 1.33822e-10
Dr_0_0_l_0_0_0_0_0_0_0_0 = 1.19876e-10
Dr_0_0_l_0_0_0_0_0_0_0_0_0 = 1.09856e-10
Dr_0_0_l_0_0_0_0_0_0_0_0_0_0 = 9.74116e-11
Dr_0_0_l_0_0_0_0_0_0_0_0_0_0_0 = 8.86379e-11
Hl_0_0 = 1.99689e-05
Hl_0_0_l_0 = 1.60062e-05
Hl_0_0_l_0_0 = 1.3587e-05
Hl_0_0_l_0_0_0 = 1.18475e-05
Hl_0_0_l_0_0_0_0 = 1.05153e-05
Hl_0_0_l_0_0_0_0_0 = 9.48399e-06
Hl_0_0_l_0_0_0_0_0_0 = 8.6138e-06
Hl_0_0_l_0_0_0_0_0_0_0 = 7.93951e-06
Hl_0_0_l_0_0_0_0_0_0_0_0 = 7.29193e-06
Hl_0_0_l_0_0_0_0_0_0_0_0_0 = 6.87295e-06
Hl_0_0_l_0_0_0_0_0_0_0_0_0_0 = 6.24942e-06
Hr_0_0 = 9.99973e-05
I = 1
pi2_0_0_0_0 = 2.03748e-09
pi2_0_0_0_0_l_0 = 1.62417e-09
pi2_0_0_0_0_l_0_0 = 1.374e-09
pi2_0_0_0_0_l_0_0_0 = 1.19542e-09
pi2_0_0_0_0_l_0_0_0_0 = 1.05921e-09
pi2_0_0_0_0_l_0_0_0_0_0 = 9.54096e-10
pi2_0_0_0_0_l_0_0_0_0_0_0 = 8.65765e-10
pi2_0_0_0_0_l_0_0_0_0_0_0_0 = 7.97228e-10
pi2_0_0_0_0_l_0_0_0_0_0_0_0_0 = 7.31944e-10
pi2_0_0_0_0_l_0_0_0_0_0_0_0_0_0 = 6.89184e-10
pi2_0_0_0_0_l_0_0_0_0_0_0_0_0_0_0 = 6.2652e-10
