DD_0_0 = 5.5486e-09
DD_0_0_l_0 = 5.92355e-10
DD_0_0_l_0_0 = 9.32335e-10
DD_0_0_l_0_0_0 = 2.38225e-10
DD_0_0_l_0_0_0_0 = 3.54315e-10
DD_0_0_l_0_0_0_0_0 = 1.26212e-10
DD_0_0_l_0_0_0_0_0_0 = 1.79944e-10
DD_0_0_l_0_0_0_0_0_0_0 = 7.73761e-11
DD_0_0_l_0_0_0_0_0_0_0_0 = 1.06723e-10
DD_0_0_l_0_0_0_0_0_0_0_0_0 = 5.19663e-11
DD_0_0_l_0_0_0_0_0_0_0_0_0_0 = 6.97794e-11
Dr_0_0 = 1.99905e-16
Dr_0_0_l_0 = 4.43799e-09
Dr_0_0_l_0_0 = 5.92281e-10
Dr_0_0_l_0_0_0 = 2.04166e-09
Dr_0_0_l_0_0_0_0 = 4.33227e-10
Dr_0_0_l_0_0_0_0_0 = 1.19573e-09
Dr_0_0_l_0_0_0_0_0_0 = 3.17572e-10
Dr_0_0_l_0_0_0_0_0_0_0 = 7.93365e-10
Dr_0_0_l_0_0_0_0_0_0_0_0 = 2.41868e-10
Dr_0_0_l_0_0_0_0_0_0_0_0_0 = 5.68467e-10
Dr_0_0_l_0_0_0_0_0_0_0_0_0_0 = 1.90626e-10
Dr_0_0_l_0_0_0_0_0_0_0_0_0_0_0 = 4.29194e-10
Hl_0_0 = 9.9999e-05
Hl_0_0_l_0 = 3.33323e-05
Hl_0_0_l_0_0 = 3.33323e-05
Hl_0_0_l_0_0_0 = 1.9999e-05
Hl_0_0_l_0_0_0_0 = 1.9999e-05
Hl_0_0_l_0_0_0_0_0 = 1.42847e-05
Hl_0_0_l_0_0_0_0_0_0 = 1.42847e-05
Hl_0_0_l_0_0_0_0_0_0_0 = 1.11101e-05
Hl_0_0_l_0_0_0_0_0_0_0_0 = 1.11101e-05
Hl_0_0_l_0_0_0_0_0_0_0_0_0 = 9.08991e-06
Hl_0_0_l_0_0_0_0_0_0_0_0_0_0 = 9.08991e-06
Hr_0_0 = 9.9999e-05
I = 1
pi2_0_0_0_0 = 1.22187e-08
pi2_0_0_0_0_l_0 = 3.55526e-09
pi2_0_0_0_0_l_0_0 = 3.59949e-09
pi2_0_0_0_0_l_0_0_0 = 2.07812e-09
pi2_0_0_0_0_l_0_0_0_0 = 2.06872e-09
pi2_0_0_0_0_l_0_0_0_0_0 = 1.4653e-09
pi2_0_0_0_0_l_0_0_0_0_0_0 = 1.44979e-09
pi2_0_0_0_0_l_0_0_0_0_0_0_0 = 1.13128e-09
pi2_0_0_0_0_l_0_0_0_0_0_0_0_0 = 1.11678e-09
pi2_0_0_0_0_l_0_0_0_0_0_0_0_0_0 = 9.21304e-10
pi2_0_0_0_0_l_0_0_0_0_0_0_0_0_0_0 = 9.08875e-10
