DD_0_0 = 5.5486e-09
DD_0_0_l_0 = 5.92335e-10
DD_0_0_l_0_0 = 9.32335e-10
DD_0_0_l_0_0_0 = 2.38231e-10
DD_0_0_l_0_0_0_0 = 3.54315e-10
DD_0_0_l_0_0_0_0_0 = 1.26214e-10
DD_0_0_l_0_0_0_0_0_0 = 1.79944e-10
DD_0_0_l_0_0_0_0_0_0_0 = 7.73802e-11
DD_0_0_l_0_0_0_0_0_0_0_0 = 1.06723e-10
DD_0_0_l_0_0_0_0_0_0_0_0_0 = 5.19683e-11
DD_0_0_l_0_0_0_0_0_0_0_0_0_0 = 6.97794e-11
DD_0_0_l_0_0_0_0_0_0_0_0_0_0_0 = 3.71557e-11
DD_0_0_l_0_0_0_0_0_0_0_0_0_0_0_0 = 4.87922e-11
DD_0_0_l_0_0_0_0_0_0_0_0_0_0_0_0_0 = 2.78061e-11
DD_0_0_l_0_0_0_0_0_0_0_0_0_0_0_0_0_0 = 3.58333e-11
DD_0_0_l_0_0_0_0_0_0_0_0_0_0_0_0_0_0_0 = 2.15455e-11
DD_0_0_l_0_0_0_0_0_0_0_0_0_0_0_0_0_0_0_0 = 2.73201e-11
DD_0_0_l_0_0_0_0_0_0_0_0_0_0_0_0_0_0_0_0_0 = 1.71586e-11
DD_0_0_l_0_0_0_0_0_0_0_0_0_0_0_0_0_0_0_0_0_0 = 2.14529e-11
DD_0_0_l_0_0_0_0_0_0_0_0_0_0_0_0_0_0_0_0_0_0_0 = 1.39704e-11
DD_0_0_l_0_0_0_0_0_0_0_0_0_0_0_0_0_0_0_0_0_0_0_0 = 1.72519e-11
Dr_0_0 = 1.90987e-16
Dr_0_0_l_0 = 4.43799e-09
Dr_0_0_l_0_0 = 5.92268e-10
Dr_0_0_l_0_0_0 = 2.04166e-09
Dr_0_0_l_0_0_0_0 = 4.33225e-10
Dr_0_0_l_0_0_0_0_0 = 1.19573e-09
Dr_0_0_l_0_0_0_0_0_0 = 3.17571e-10
Dr_0_0_l_0_0_0_0_0_0_0 = 7.93365e-10
Dr_0_0_l_0_0_0_0_0_0_0_0 = 2.41872e-10
Dr_0_0_l_0_0_0_0_0_0_0_0_0 = 5.68467e-10
Dr_0_0_l_0_0_0_0_0_0_0_0_0_0 = 1.90629e-10
Dr_0_0_l_0_0_0_0_0_0_0_0_0_0_0 = 4.29194e-10
Dr_0_0_l_0_0_0_0_0_0_0_0_0_0_0_0 = 1.54461e-10
Dr_0_0_l_0_0_0_0_0_0_0_0_0_0_0_0_0 = 3.3658e-10
Dr_0_0_l_0_0_0_0_0_0_0_0_0_0_0_0_0_0 = 1.27975e-10
Dr_0_0_l_0_0_0_0_0_0_0_0_0_0_0_0_0_0_0 = 2.71671e-10
Dr_0_0_l_0_0_0_0_0_0_0_0_0_0_0_0_0_0_0_0 = 1.07973e-10
Dr_0_0_l_0_0_0_0_0_0_0_0_0_0_0_0_0_0_0_0_0 = 2.24305e-10
Dr_0_0_l_0_0_0_0_0_0_0_0_0_0_0_0_0_0_0_0_0_0 = 9.24749e-11
Dr_0_0_l_0_0_0_0_0_0_0_0_0_0_0_0_0_0_0_0_0_0_0 = 1.88615e-10
Dr_0_0_l_0_0_0_0_0_0_0_0_0_0_0_0_0_0_0_0_0_0_0_0 = 8.0205e-11
Dr_0_0_l_0_0_0_0_0_0_0_0_0_0_0_0_0_0_0_0_0_0_0_0_0 = 1.61012e-10
Hl_0_0 = 9.9999e-05
Hl_0_0_l_0 = 3.33323e-05
Hl_0_0_l_0_0 = 3.33323e-05
Hl_0_0_l_0_0_0 = 1.9999e-05
Hl_0_0_l_0_0_0_0 = 1.9999e-05
Hl_0_0_l_0_0_0_0_0 = 1.42847e-05
Hl_0_0_l_0_0_0_0_0_0 = 1.42847e-05
Hl_0_0_l_0_0_0_0_0_0_0 = 1.11101e-05
Hl_0_0_l_0_0_0_0_0_0_0_0 = 1.11101e-05
Hl_0_0_l_0_0_0_0_0_0_0_0_0 = 9.08991e-06
Hl_0_0_l_0_0_0_0_0_0_0_0_0_0 = 9.08991e-06
Hl_0_0_l_0_0_0_0_0_0_0_0_0_0_0 = 7.69131e-06
Hl_0_0_l_0_0_0_0_0_0_0_0_0_0_0_0 = 7.69131e-06
Hl_0_0_l_0_0_0_0_0_0_0_0_0_0_0_0_0 = 6.66567e-06
Hl_0_0_l_0_0_0_0_0_0_0_0_0_0_0_0_0_0 = 6.66567e-06
Hl_0_0_l_0_0_0_0_0_0_0_0_0_0_0_0_0_0_0 = 5.88135e-06
Hl_0_0_l_0_0_0_0_0_0_0_0_0_0_0_0_0_0_0_0 = 5.88135e-06
Hl_0_0_l_0_0_0_0_0_0_0_0_0_0_0_0_0_0_0_0_0 = 5.26216e-06
Hl_0_0_l_0_0_0_0_0_0_0_0_0_0_0_0_0_0_0_0_0_0 = 5.26216e-06
Hl_0_0_l_0_0_0_0_0_0_0_0_0_0_0_0_0_0_0_0_0_0_0 = 4.76091e-06
Hl_0_0_l_0_0_0_0_0_0_0_0_0_0_0_0_0_0_0_0_0_0_0_0 = 4.7609e-06
Hr_0_0 = 9.9999e-05
I = 1
pi2_0_0_0_0 = 1.22187e-08
pi2_0_0_0_0_l_0 = 3.55526e-09
pi2_0_0_0_0_l_0_0 = 3.59949e-09
pi2_0_0_0_0_l_0_0_0 = 2.07812e-09
pi2_0_0_0_0_l_0_0_0_0 = 2.06872e-09
pi2_0_0_0_0_l_0_0_0_0_0 = 1.4653e-09
pi2_0_0_0_0_l_0_0_0_0_0_0 = 1.44979e-09
pi2_0_0_0_0_l_0_0_0_0_0_0_0 = 1.13128e-09
pi2_0_0_0_0_l_0_0_0_0_0_0_0_0 = 1.11678e-09
pi2_0_0_0_0_l_0_0_0_0_0_0_0_0_0 = 9.21304e-10
pi2_0_0_0_0_l_0_0_0_0_0_0_0_0_0_0 = 9.08875e-10
pi2_0_0_0_0_l_0_0_0_0_0_0_0_0_0_0_0 = 7.77136e-10
pi2_0_0_0_0_l_0_0_0_0_0_0_0_0_0_0_0_0 = 7.66663e-10
pi2_0_0_0_0_l_0_0_0_0_0_0_0_0_0_0_0_0_0 = 6.72038e-10
pi2_0_0_0_0_l_0_0_0_0_0_0_0_0_0_0_0_0_0_0 = 6.63198e-10
pi2_0_0_0_0_l_0_0_0_0_0_0_0_0_0_0_0_0_0_0_0 = 5.92019e-10
pi2_0_0_0_0_l_0_0_0_0_0_0_0_0_0_0_0_0_0_0_0_0 = 5.84504e-10
pi2_0_0_0_0_l_0_0_0_0_0_0_0_0_0_0_0_0_0_0_0_0_0 = 5.29057e-10
pi2_0_0_0_0_l_0_0_0_0_0_0_0_0_0_0_0_0_0_0_0_0_0_0 = 5.22611e-10
pi2_0_0_0_0_l_0_0_0_0_0_0_0_0_0_0_0_0_0_0_0_0_0_0_0 = 4.78219e-10
pi2_0_0_0_0_l_0_0_0_0_0_0_0_0_0_0_0_0_0_0_0_0_0_0_0_0 = 4.72642e-10
