DD_0_0 = 3.00403e-10
DD_0_0_l_0 = 1.5551e-10
DD_0_0_l_0_0 = 1.23204e-10
DD_0_0_l_0_0_0 = 8.28091e-11
DD_0_0_l_0_0_0_0 = 7.28666e-11
DD_0_0_l_0_0_0_0_0 = 5.05381e-11
Dr_0_0 = 4.24756e-10
Dr_0_0_l_0 = 3.45095e-10
Dr_0_0_l_0_0 = 2.78612e-10
Dr_0_0_l_0_0_0 = 2.39457e-10
Dr_0_0_l_0_0_0_0 = 2.04436e-10
Dr_0_0_l_0_0_0_0_0 = 1.76153e-10
Dr_0_0_l_0_0_0_0_0_0 = 1.48512e-10
Hl_0_0 = 2.08224e-05
Hl_0_0_l_0 = 1.58355e-05
Hl_0_0_l_0_0 = 1.39398e-05
Hl_0_0_l_0_0_0 = 1.16358e-05
Hl_0_0_l_0_0_0_0 = 1.08553e-05
Hl_0_0_l_0_0_0_0_0 = 9.1439e-06
Hr_0_0 = 9.99969e-05
I = 1
pi2_0_0_0_0 = 2.11713e-09
pi2_0_0_0_0_l_0 = 1.60198e-09
pi2_0_0_0_0_l_0_0 = 1.40551e-09
pi2_0_0_0_0_l_0_0_0 = 1.17227e-09
pi2_0_0_0_0_l_0_0_0_0 = 1.09031e-09
pi2_0_0_0_0_l_0_0_0_0_0 = 9.18311e-10
