DD_0_0 = 2.54814e-10
DD_0_0_l_0 = 1.57272e-10
DD_0_0_l_0_0 = 1.13006e-10
DD_0_0_l_0_0_0 = 8.5175e-11
DD_0_0_l_0_0_0_0 = 6.69139e-11
DD_0_0_l_0_0_0_0_0 = 5.41562e-11
DD_0_0_l_0_0_0_0_0_0 = 4.45736e-11
DD_0_0_l_0_0_0_0_0_0_0 = 3.76944e-11
DD_0_0_l_0_0_0_0_0_0_0_0 = 3.17572e-11
DD_0_0_l_0_0_0_0_0_0_0_0_0 = 2.80738e-11
DD_0_0_l_0_0_0_0_0_0_0_0_0_0 = 2.31343e-11
Dr_0_0 = 3.402e-10
Dr_0_0_l_0 = 3.0482e-10
Dr_0_0_l_0_0 = 2.55365e-10
Dr_0_0_l_0_0_0 = 2.20698e-10
Dr_0_0_l_0_0_0_0 = 1.90948e-10
Dr_0_0_l_0_0_0_0_0 = 1.682e-10
Dr_0_0_l_0_0_0_0_0_0 = 1.48761e-10
Dr_0_0_l_0_0_0_0_0_0_0 = 1.33415e-10
Dr_0_0_l_0_0_0_0_0_0_0_0 = 1.19525e-10
Dr_0_0_l_0_0_0_0_0_0_0_0_0 = 1.09538e-10
Dr_0_0_l_0_0_0_0_0_0_0_0_0_0 = 9.71413e-11
Dr_0_0_l_0_0_0_0_0_0_0_0_0_0_0 = 8.83952e-11
Hl_0_0 = 1.99689e-05
Hl_0_0_l_0 = 1.60062e-05
Hl_0_0_l_0_0 = 1.3587e-05
Hl_0_0_l_0_0_0 = 1.18475e-05
Hl_0_0_l_0_0_0_0 = 1.05152e-05
Hl_0_0_l_0_0_0_0_0 = 9.48399e-06
Hl_0_0_l_0_0_0_0_0_0 = 8.6138e-06
Hl_0_0_l_0_0_0_0_0_0_0 = 7.93951e-06
Hl_0_0_l_0_0_0_0_0_0_0_0 = 7.29193e-06
Hl_0_0_l_0_0_0_0_0_0_0_0_0 = 6.87295e-06
Hl_0_0_l_0_0_0_0_0_0_0_0_0_0 = 6.24942e-06
Hr_0_0 = 9.99973e-05
I = 1
pi2_0_0_0_0 = 2.03735e-09
pi2_0_0_0_0_l_0 = 1.62411e-09
pi2_0_0_0_0_l_0_0 = 1.37397e-09
pi2_0_0_0_0_l_0_0_0 = 1.19541e-09
pi2_0_0_0_0_l_0_0_0_0 = 1.0592e-09
pi2_0_0_0_0_l_0_0_0_0_0 = 9.54093e-10
pi2_0_0_0_0_l_0_0_0_0_0_0 = 8.65763e-10
pi2_0_0_0_0_l_0_0_0_0_0_0_0 = 7.97228e-10
pi2_0_0_0_0_l_0_0_0_0_0_0_0_0 = 7.31945e-10
pi2_0_0_0_0_l_0_0_0_0_0_0_0_0_0 = 6.89187e-10
pi2_0_0_0_0_l_0_0_0_0_0_0_0_0_0_0 = 6.26522e-10
