DD_0_0 = 2.63788e-10
DD_0_0_l_0 = 1.55972e-10
DD_0_0_l_0_0 = 1.14191e-10
DD_0_0_l_0_0_0 = 8.52968e-11
DD_0_0_l_0_0_0_0 = 6.6695e-11
DD_0_0_l_0_0_0_0_0 = 5.43744e-11
DD_0_0_l_0_0_0_0_0_0 = 4.4783e-11
DD_0_0_l_0_0_0_0_0_0_0 = 3.74391e-11
DD_0_0_l_0_0_0_0_0_0_0_0 = 3.21448e-11
DD_0_0_l_0_0_0_0_0_0_0_0_0 = 2.76123e-11
DD_0_0_l_0_0_0_0_0_0_0_0_0_0 = 2.40748e-11
DD_0_0_l_0_0_0_0_0_0_0_0_0_0_0 = 2.12377e-11
DD_0_0_l_0_0_0_0_0_0_0_0_0_0_0_0 = 1.87343e-11
DD_0_0_l_0_0_0_0_0_0_0_0_0_0_0_0_0 = 1.68091e-11
DD_0_0_l_0_0_0_0_0_0_0_0_0_0_0_0_0_0 = 1.50131e-11
DD_0_0_l_0_0_0_0_0_0_0_0_0_0_0_0_0_0_0 = 1.36224e-11
DD_0_0_l_0_0_0_0_0_0_0_0_0_0_0_0_0_0_0_0 = 1.23017e-11
DD_0_0_l_0_0_0_0_0_0_0_0_0_0_0_0_0_0_0_0_0 = 1.12616e-11
DD_0_0_l_0_0_0_0_0_0_0_0_0_0_0_0_0_0_0_0_0_0 = 1.02556e-11
DD_0_0_l_0_0_0_0_0_0_0_0_0_0_0_0_0_0_0_0_0_0_0 = 9.48927e-12
DD_0_0_l_0_0_0_0_0_0_0_0_0_0_0_0_0_0_0_0_0_0_0_0 = 8.56683e-12
Dr_0_0 = 3.52706e-10
Dr_0_0_l_0 = 3.14935e-10
Dr_0_0_l_0_0 = 2.56203e-10
Dr_0_0_l_0_0_0 = 2.26456e-10
Dr_0_0_l_0_0_0_0 = 1.90827e-10
Dr_0_0_l_0_0_0_0_0 = 1.70224e-10
Dr_0_0_l_0_0_0_0_0_0 = 1.50125e-10
Dr_0_0_l_0_0_0_0_0_0_0 = 1.33673e-10
Dr_0_0_l_0_0_0_0_0_0_0_0 = 1.2119e-10
Dr_0_0_l_0_0_0_0_0_0_0_0_0 = 1.08827e-10
Dr_0_0_l_0_0_0_0_0_0_0_0_0_0 = 1.0008e-10
Dr_0_0_l_0_0_0_0_0_0_0_0_0_0_0 = 9.07844e-11
Dr_0_0_l_0_0_0_0_0_0_0_0_0_0_0_0 = 8.42803e-11
Dr_0_0_l_0_0_0_0_0_0_0_0_0_0_0_0_0 = 7.71496e-11
Dr_0_0_l_0_0_0_0_0_0_0_0_0_0_0_0_0_0 = 7.21286e-11
Dr_0_0_l_0_0_0_0_0_0_0_0_0_0_0_0_0_0_0 = 6.65407e-11
Dr_0_0_l_0_0_0_0_0_0_0_0_0_0_0_0_0_0_0_0 = 6.25601e-11
Dr_0_0_l_0_0_0_0_0_0_0_0_0_0_0_0_0_0_0_0_0 = 5.81016e-11
Dr_0_0_l_0_0_0_0_0_0_0_0_0_0_0_0_0_0_0_0_0_0 = 5.48464e-11
Dr_0_0_l_0_0_0_0_0_0_0_0_0_0_0_0_0_0_0_0_0_0_0 = 5.13716e-11
Dr_0_0_l_0_0_0_0_0_0_0_0_0_0_0_0_0_0_0_0_0_0_0_0 = 4.80666e-11
Dr_0_0_l_0_0_0_0_0_0_0_0_0_0_0_0_0_0_0_0_0_0_0_0_0 = 4.51734e-11
Hl_0_0 = 1.99909e-05
Hl_0_0_l_0 = 1.60018e-05
Hl_0_0_l_0_0 = 1.35961e-05
Hl_0_0_l_0_0_0 = 1.1842e-05
Hl_0_0_l_0_0_0_0 = 1.0524e-05
Hl_0_0_l_0_0_0_0_0 = 9.47521e-06
Hl_0_0_l_0_0_0_0_0_0 = 8.62749e-06
Hl_0_0_l_0_0_0_0_0_0_0 = 7.92034e-06
Hl_0_0_l_0_0_0_0_0_0_0_0 = 7.32507e-06
Hl_0_0_l_0_0_0_0_0_0_0_0_0 = 6.81329e-06
Hl_0_0_l_0_0_0_0_0_0_0_0_0_0 = 6.37081e-06
Hl_0_0_l_0_0_0_0_0_0_0_0_0_0_0 = 5.98222e-06
Hl_0_0_l_0_0_0_0_0_0_0_0_0_0_0_0 = 5.63976e-06
Hl_0_0_l_0_0_0_0_0_0_0_0_0_0_0_0_0 = 5.33421e-06
Hl_0_0_l_0_0_0_0_0_0_0_0_0_0_0_0_0_0 = 5.06098e-06
Hl_0_0_l_0_0_0_0_0_0_0_0_0_0_0_0_0_0_0 = 4.81425e-06
Hl_0_0_l_0_0_0_0_0_0_0_0_0_0_0_0_0_0_0_0 = 4.59085e-06
Hl_0_0_l_0_0_0_0_0_0_0_0_0_0_0_0_0_0_0_0_0 = 4.38789e-06
Hl_0_0_l_0_0_0_0_0_0_0_0_0_0_0_0_0_0_0_0_0_0 = 4.19969e-06
Hl_0_0_l_0_0_0_0_0_0_0_0_0_0_0_0_0_0_0_0_0_0_0 = 4.03756e-06
Hl_0_0_l_0_0_0_0_0_0_0_0_0_0_0_0_0_0_0_0_0_0_0_0 = 3.84542e-06
Hr_0_0 = 9.99972e-05
I = 1
pi2_0_0_0_0 = 2.03904e-09
pi2_0_0_0_0_l_0 = 1.62389e-09
pi2_0_0_0_0_l_0_0 = 1.37421e-09
pi2_0_0_0_0_l_0_0_0 = 1.19332e-09
pi2_0_0_0_0_l_0_0_0_0 = 1.05953e-09
pi2_0_0_0_0_l_0_0_0_0_0 = 9.53479e-10
pi2_0_0_0_0_l_0_0_0_0_0_0 = 8.65697e-10
pi2_0_0_0_0_l_0_0_0_0_0_0_0 = 7.96178e-10
pi2_0_0_0_0_l_0_0_0_0_0_0_0_0 = 7.33888e-10
pi2_0_0_0_0_l_0_0_0_0_0_0_0_0_0 = 6.84058e-10
pi2_0_0_0_0_l_0_0_0_0_0_0_0_0_0_0 = 6.37835e-10
pi2_0_0_0_0_l_0_0_0_0_0_0_0_0_0_0_0 = 6e-10
pi2_0_0_0_0_l_0_0_0_0_0_0_0_0_0_0_0_0 = 5.6441e-10
pi2_0_0_0_0_l_0_0_0_0_0_0_0_0_0_0_0_0_0 = 5.34592e-10
pi2_0_0_0_0_l_0_0_0_0_0_0_0_0_0_0_0_0_0_0 = 5.06335e-10
pi2_0_0_0_0_l_0_0_0_0_0_0_0_0_0_0_0_0_0_0_0 = 4.82207e-10
pi2_0_0_0_0_l_0_0_0_0_0_0_0_0_0_0_0_0_0_0_0_0 = 4.59193e-10
pi2_0_0_0_0_l_0_0_0_0_0_0_0_0_0_0_0_0_0_0_0_0_0 = 4.39311e-10
pi2_0_0_0_0_l_0_0_0_0_0_0_0_0_0_0_0_0_0_0_0_0_0_0 = 4.20002e-10
pi2_0_0_0_0_l_0_0_0_0_0_0_0_0_0_0_0_0_0_0_0_0_0_0_0 = 4.04066e-10
pi2_0_0_0_0_l_0_0_0_0_0_0_0_0_0_0_0_0_0_0_0_0_0_0_0_0 = 3.84558e-10
