DD_0_0 = 2.90678e-10
DD_0_0_l_0 = 1.51633e-10
DD_0_0_l_0_0 = 1.20341e-10
DD_0_0_l_0_0_0 = 8.11199e-11
DD_0_0_l_0_0_0_0 = 7.1454e-11
DD_0_0_l_0_0_0_0_0 = 4.96686e-11
Dr_0_0 = 4.04914e-10
Dr_0_0_l_0 = 3.30301e-10
Dr_0_0_l_0_0 = 2.6756e-10
Dr_0_0_l_0_0_0 = 2.30556e-10
Dr_0_0_l_0_0_0_0 = 1.97047e-10
Dr_0_0_l_0_0_0_0_0 = 1.70251e-10
Dr_0_0_l_0_0_0_0_0_0 = 1.43676e-10
Hl_0_0 = 2.08224e-05
Hl_0_0_l_0 = 1.58355e-05
Hl_0_0_l_0_0 = 1.39398e-05
Hl_0_0_l_0_0_0 = 1.16358e-05
Hl_0_0_l_0_0_0_0 = 1.08553e-05
Hl_0_0_l_0_0_0_0_0 = 9.1439e-06
Hr_0_0 = 9.9997e-05
I = 1
pi2_0_0_0_0 = 2.1161e-09
pi2_0_0_0_0_l_0 = 1.60164e-09
pi2_0_0_0_0_l_0_0 = 1.40545e-09
pi2_0_0_0_0_l_0_0_0 = 1.1722e-09
pi2_0_0_0_0_l_0_0_0_0 = 1.0904e-09
pi2_0_0_0_0_l_0_0_0_0_0 = 9.18361e-10
