DD_0_0 = 1.15056e-10
DD_0_0_l_0 = 1.55146e-10
DD_0_0_l_0_0 = 8.53233e-11
Dr_0_0 = 1.21833e-10
Dr_0_0_l_0 = 1.54573e-10
Dr_0_0_l_0_0 = 2.03715e-10
Dr_0_0_l_0_0_0 = 1.5726e-10
Hl_0_0 = 1.73386e-05
Hl_0_0_l_0 = 1.65322e-05
Hl_0_0_l_0_0 = 1.24998e-05
Hr_0_0 = 9.99984e-05
I = 1
pi2_0_0_0_0 = 1.76497e-09
pi2_0_0_0_0_l_0 = 1.69211e-09
pi2_0_0_0_0_l_0_0 = 1.27263e-09
