DD_0_0 = 2.44166e-10
DD_0_0_l_0 = 1.5431e-10
DD_0_0_l_0_0 = 1.10955e-10
DD_0_0_l_0_0_0 = 8.27602e-11
DD_0_0_l_0_0_0_0 = 6.65745e-11
DD_0_0_l_0_0_0_0_0 = 5.2446e-11
DD_0_0_l_0_0_0_0_0_0 = 4.43383e-11
DD_0_0_l_0_0_0_0_0_0_0 = 3.68197e-11
DD_0_0_l_0_0_0_0_0_0_0_0 = 3.15412e-11
DD_0_0_l_0_0_0_0_0_0_0_0_0 = 2.72713e-11
DD_0_0_l_0_0_0_0_0_0_0_0_0_0 = 2.37047e-11
DD_0_0_l_0_0_0_0_0_0_0_0_0_0_0 = 2.09445e-11
DD_0_0_l_0_0_0_0_0_0_0_0_0_0_0_0 = 1.85052e-11
DD_0_0_l_0_0_0_0_0_0_0_0_0_0_0_0_0 = 1.6579e-11
DD_0_0_l_0_0_0_0_0_0_0_0_0_0_0_0_0_0 = 1.48489e-11
DD_0_0_l_0_0_0_0_0_0_0_0_0_0_0_0_0_0_0 = 1.34484e-11
DD_0_0_l_0_0_0_0_0_0_0_0_0_0_0_0_0_0_0_0 = 1.21756e-11
DD_0_0_l_0_0_0_0_0_0_0_0_0_0_0_0_0_0_0_0_0 = 1.11283e-11
DD_0_0_l_0_0_0_0_0_0_0_0_0_0_0_0_0_0_0_0_0_0 = 1.01561e-11
DD_0_0_l_0_0_0_0_0_0_0_0_0_0_0_0_0_0_0_0_0_0_0 = 9.38511e-12
DD_0_0_l_0_0_0_0_0_0_0_0_0_0_0_0_0_0_0_0_0_0_0_0 = 8.48631e-12
Dr_0_0 = 3.23235e-10
Dr_0_0_l_0 = 2.90794e-10
Dr_0_0_l_0_0 = 2.44217e-10
Dr_0_0_l_0_0_0 = 2.12007e-10
Dr_0_0_l_0_0_0_0 = 1.83536e-10
Dr_0_0_l_0_0_0_0_0 = 1.62943e-10
Dr_0_0_l_0_0_0_0_0_0 = 1.43572e-10
Dr_0_0_l_0_0_0_0_0_0_0 = 1.28768e-10
Dr_0_0_l_0_0_0_0_0_0_0_0 = 1.16602e-10
Dr_0_0_l_0_0_0_0_0_0_0_0_0 = 1.0485e-10
Dr_0_0_l_0_0_0_0_0_0_0_0_0_0 = 9.66514e-11
Dr_0_0_l_0_0_0_0_0_0_0_0_0_0_0 = 8.76385e-11
Dr_0_0_l_0_0_0_0_0_0_0_0_0_0_0_0 = 8.15224e-11
Dr_0_0_l_0_0_0_0_0_0_0_0_0_0_0_0_0 = 7.46286e-11
Dr_0_0_l_0_0_0_0_0_0_0_0_0_0_0_0_0_0 = 6.98521e-11
Dr_0_0_l_0_0_0_0_0_0_0_0_0_0_0_0_0_0_0 = 6.44684e-11
Dr_0_0_l_0_0_0_0_0_0_0_0_0_0_0_0_0_0_0_0 = 6.06516e-11
Dr_0_0_l_0_0_0_0_0_0_0_0_0_0_0_0_0_0_0_0_0 = 5.63627e-11
Dr_0_0_l_0_0_0_0_0_0_0_0_0_0_0_0_0_0_0_0_0_0 = 5.32252e-11
Dr_0_0_l_0_0_0_0_0_0_0_0_0_0_0_0_0_0_0_0_0_0_0 = 4.98845e-11
Dr_0_0_l_0_0_0_0_0_0_0_0_0_0_0_0_0_0_0_0_0_0_0_0 = 4.66918e-11
Dr_0_0_l_0_0_0_0_0_0_0_0_0_0_0_0_0_0_0_0_0_0_0_0_0 = 4.39062e-11
Hl_0_0 = 1.99909e-05
Hl_0_0_l_0 = 1.60018e-05
Hl_0_0_l_0_0 = 1.35961e-05
Hl_0_0_l_0_0_0 = 1.1842e-05
Hl_0_0_l_0_0_0_0 = 1.0524e-05
Hl_0_0_l_0_0_0_0_0 = 9.47521e-06
Hl_0_0_l_0_0_0_0_0_0 = 8.62749e-06
Hl_0_0_l_0_0_0_0_0_0_0 = 7.92034e-06
Hl_0_0_l_0_0_0_0_0_0_0_0 = 7.32507e-06
Hl_0_0_l_0_0_0_0_0_0_0_0_0 = 6.81329e-06
Hl_0_0_l_0_0_0_0_0_0_0_0_0_0 = 6.37081e-06
Hl_0_0_l_0_0_0_0_0_0_0_0_0_0_0 = 5.98222e-06
Hl_0_0_l_0_0_0_0_0_0_0_0_0_0_0_0 = 5.63976e-06
Hl_0_0_l_0_0_0_0_0_0_0_0_0_0_0_0_0 = 5.33421e-06
Hl_0_0_l_0_0_0_0_0_0_0_0_0_0_0_0_0_0 = 5.06098e-06
Hl_0_0_l_0_0_0_0_0_0_0_0_0_0_0_0_0_0_0 = 4.81425e-06
Hl_0_0_l_0_0_0_0_0_0_0_0_0_0_0_0_0_0_0_0 = 4.59085e-06
Hl_0_0_l_0_0_0_0_0_0_0_0_0_0_0_0_0_0_0_0_0 = 4.38789e-06
Hl_0_0_l_0_0_0_0_0_0_0_0_0_0_0_0_0_0_0_0_0_0 = 4.19969e-06
Hl_0_0_l_0_0_0_0_0_0_0_0_0_0_0_0_0_0_0_0_0_0_0 = 4.03756e-06
Hl_0_0_l_0_0_0_0_0_0_0_0_0_0_0_0_0_0_0_0_0_0_0_0 = 3.84542e-06
Hr_0_0 = 9.99974e-05
I = 1
pi2_0_0_0_0 = 2.01391e-09
pi2_0_0_0_0_l_0 = 1.63042e-09
pi2_0_0_0_0_l_0_0 = 1.36829e-09
pi2_0_0_0_0_l_0_0_0 = 1.19546e-09
pi2_0_0_0_0_l_0_0_0_0 = 1.05771e-09
pi2_0_0_0_0_l_0_0_0_0_0 = 9.54443e-10
pi2_0_0_0_0_l_0_0_0_0_0_0 = 8.6497e-10
pi2_0_0_0_0_l_0_0_0_0_0_0_0 = 7.96357e-10
pi2_0_0_0_0_l_0_0_0_0_0_0_0_0 = 7.33989e-10
pi2_0_0_0_0_l_0_0_0_0_0_0_0_0_0 = 6.83782e-10
pi2_0_0_0_0_l_0_0_0_0_0_0_0_0_0_0 = 6.38188e-10
pi2_0_0_0_0_l_0_0_0_0_0_0_0_0_0_0_0 = 5.99693e-10
pi2_0_0_0_0_l_0_0_0_0_0_0_0_0_0_0_0_0 = 5.64731e-10
pi2_0_0_0_0_l_0_0_0_0_0_0_0_0_0_0_0_0_0 = 5.34363e-10
pi2_0_0_0_0_l_0_0_0_0_0_0_0_0_0_0_0_0_0_0 = 5.06586e-10
pi2_0_0_0_0_l_0_0_0_0_0_0_0_0_0_0_0_0_0_0_0 = 4.82045e-10
pi2_0_0_0_0_l_0_0_0_0_0_0_0_0_0_0_0_0_0_0_0_0 = 4.5939e-10
pi2_0_0_0_0_l_0_0_0_0_0_0_0_0_0_0_0_0_0_0_0_0_0 = 4.39195e-10
pi2_0_0_0_0_l_0_0_0_0_0_0_0_0_0_0_0_0_0_0_0_0_0_0 = 4.20158e-10
pi2_0_0_0_0_l_0_0_0_0_0_0_0_0_0_0_0_0_0_0_0_0_0_0_0 = 4.0399e-10
pi2_0_0_0_0_l_0_0_0_0_0_0_0_0_0_0_0_0_0_0_0_0_0_0_0_0 = 3.84652e-10
