DD_0_0 = 1.13203e-10
DD_0_0_l_0 = 1.32905e-10
DD_0_0_l_0_0 = 7.50124e-11
Dr_0_0 = 1.14068e-10
Dr_0_0_l_0 = 1.35149e-10
Dr_0_0_l_0_0 = 1.67474e-10
Dr_0_0_l_0_0_0 = 1.2987e-10
Hl_0_0 = 1.73386e-05
Hl_0_0_l_0 = 1.65322e-05
Hl_0_0_l_0_0 = 1.24998e-05
Hr_0_0 = 9.99984e-05
I = 1
pi2_0_0_0_0 = 1.75981e-09
pi2_0_0_0_0_l_0 = 1.68317e-09
pi2_0_0_0_0_l_0_0 = 1.26762e-09
