DD_0_0 = 2.21288e-10
DD_0_0_l_0 = 1.22935e-10
DD_0_0_l_0_0 = 9.88269e-11
DD_0_0_l_0_0_0 = 6.82694e-11
DD_0_0_l_0_0_0_0 = 6.05861e-11
DD_0_0_l_0_0_0_0_0 = 4.29065e-11
Dr_0_0 = 2.6899e-10
Dr_0_0_l_0 = 2.27377e-10
Dr_0_0_l_0_0 = 1.89684e-10
Dr_0_0_l_0_0_0 = 1.67037e-10
Dr_0_0_l_0_0_0_0 = 1.44145e-10
Dr_0_0_l_0_0_0_0_0 = 1.27463e-10
Dr_0_0_l_0_0_0_0_0_0 = 1.08488e-10
Hl_0_0 = 2.08224e-05
Hl_0_0_l_0 = 1.58355e-05
Hl_0_0_l_0_0 = 1.39397e-05
Hl_0_0_l_0_0_0 = 1.16358e-05
Hl_0_0_l_0_0_0_0 = 1.08553e-05
Hl_0_0_l_0_0_0_0_0 = 9.1439e-06
Hr_0_0 = 9.99977e-05
I = 1
pi2_0_0_0_0 = 2.10829e-09
pi2_0_0_0_0_l_0 = 1.5987e-09
pi2_0_0_0_0_l_0_0 = 1.40447e-09
pi2_0_0_0_0_l_0_0_0 = 1.17135e-09
pi2_0_0_0_0_l_0_0_0_0 = 1.0907e-09
pi2_0_0_0_0_l_0_0_0_0_0 = 9.18473e-10
