DD_0_0 = 1.86148e-10
DD_0_0_l_0 = 1.28919e-10
DD_0_0_l_0_0 = 9.12687e-11
DD_0_0_l_0_0_0 = 7.05036e-11
DD_0_0_l_0_0_0_0 = 5.66863e-11
DD_0_0_l_0_0_0_0_0 = 4.58269e-11
DD_0_0_l_0_0_0_0_0_0 = 3.84195e-11
DD_0_0_l_0_0_0_0_0_0_0 = 3.26078e-11
DD_0_0_l_0_0_0_0_0_0_0_0 = 2.77782e-11
DD_0_0_l_0_0_0_0_0_0_0_0_0 = 2.44177e-11
DD_0_0_l_0_0_0_0_0_0_0_0_0_0 = 2.11119e-11
DD_0_0_l_0_0_0_0_0_0_0_0_0_0_0 = 1.89257e-11
DD_0_0_l_0_0_0_0_0_0_0_0_0_0_0_0 = 1.66417e-11
DD_0_0_l_0_0_0_0_0_0_0_0_0_0_0_0_0 = 1.50842e-11
DD_0_0_l_0_0_0_0_0_0_0_0_0_0_0_0_0_0 = 1.34676e-11
DD_0_0_l_0_0_0_0_0_0_0_0_0_0_0_0_0_0_0 = 1.23057e-11
DD_0_0_l_0_0_0_0_0_0_0_0_0_0_0_0_0_0_0_0 = 1.11221e-11
DD_0_0_l_0_0_0_0_0_0_0_0_0_0_0_0_0_0_0_0_0 = 1.02342e-11
DD_0_0_l_0_0_0_0_0_0_0_0_0_0_0_0_0_0_0_0_0_0 = 9.33296e-12
DD_0_0_l_0_0_0_0_0_0_0_0_0_0_0_0_0_0_0_0_0_0_0 = 8.66945e-12
DD_0_0_l_0_0_0_0_0_0_0_0_0_0_0_0_0_0_0_0_0_0_0_0 = 7.84403e-12
Dr_0_0 = 2.12007e-10
Dr_0_0_l_0 = 2.0392e-10
Dr_0_0_l_0_0 = 1.81347e-10
Dr_0_0_l_0_0_0 = 1.53545e-10
Dr_0_0_l_0_0_0_0 = 1.40396e-10
Dr_0_0_l_0_0_0_0_0 = 1.21582e-10
Dr_0_0_l_0_0_0_0_0_0 = 1.10973e-10
Dr_0_0_l_0_0_0_0_0_0_0 = 9.9009e-11
Dr_0_0_l_0_0_0_0_0_0_0_0 = 9.06029e-11
Dr_0_0_l_0_0_0_0_0_0_0_0_0 = 8.21651e-11
Dr_0_0_l_0_0_0_0_0_0_0_0_0_0 = 7.58509e-11
Dr_0_0_l_0_0_0_0_0_0_0_0_0_0_0 = 6.94224e-11
Dr_0_0_l_0_0_0_0_0_0_0_0_0_0_0_0 = 6.46509e-11
Dr_0_0_l_0_0_0_0_0_0_0_0_0_0_0_0_0 = 5.95978e-11
Dr_0_0_l_0_0_0_0_0_0_0_0_0_0_0_0_0_0 = 5.58902e-11
Dr_0_0_l_0_0_0_0_0_0_0_0_0_0_0_0_0_0_0 = 5.18482e-11
Dr_0_0_l_0_0_0_0_0_0_0_0_0_0_0_0_0_0_0_0 = 4.88901e-11
Dr_0_0_l_0_0_0_0_0_0_0_0_0_0_0_0_0_0_0_0_0 = 4.56139e-11
Dr_0_0_l_0_0_0_0_0_0_0_0_0_0_0_0_0_0_0_0_0_0 = 4.31781e-11
Dr_0_0_l_0_0_0_0_0_0_0_0_0_0_0_0_0_0_0_0_0_0_0 = 4.05918e-11
Dr_0_0_l_0_0_0_0_0_0_0_0_0_0_0_0_0_0_0_0_0_0_0_0 = 3.81102e-11
Dr_0_0_l_0_0_0_0_0_0_0_0_0_0_0_0_0_0_0_0_0_0_0_0_0 = 3.59254e-11
Hl_0_0 = 1.99909e-05
Hl_0_0_l_0 = 1.60018e-05
Hl_0_0_l_0_0 = 1.35961e-05
Hl_0_0_l_0_0_0 = 1.1842e-05
Hl_0_0_l_0_0_0_0 = 1.0524e-05
Hl_0_0_l_0_0_0_0_0 = 9.4752e-06
Hl_0_0_l_0_0_0_0_0_0 = 8.62749e-06
Hl_0_0_l_0_0_0_0_0_0_0 = 7.92034e-06
Hl_0_0_l_0_0_0_0_0_0_0_0 = 7.32507e-06
Hl_0_0_l_0_0_0_0_0_0_0_0_0 = 6.81329e-06
Hl_0_0_l_0_0_0_0_0_0_0_0_0_0 = 6.37081e-06
Hl_0_0_l_0_0_0_0_0_0_0_0_0_0_0 = 5.98222e-06
Hl_0_0_l_0_0_0_0_0_0_0_0_0_0_0_0 = 5.63976e-06
Hl_0_0_l_0_0_0_0_0_0_0_0_0_0_0_0_0 = 5.33421e-06
Hl_0_0_l_0_0_0_0_0_0_0_0_0_0_0_0_0_0 = 5.06098e-06
Hl_0_0_l_0_0_0_0_0_0_0_0_0_0_0_0_0_0_0 = 4.81425e-06
Hl_0_0_l_0_0_0_0_0_0_0_0_0_0_0_0_0_0_0_0 = 4.59085e-06
Hl_0_0_l_0_0_0_0_0_0_0_0_0_0_0_0_0_0_0_0_0 = 4.38789e-06
Hl_0_0_l_0_0_0_0_0_0_0_0_0_0_0_0_0_0_0_0_0_0 = 4.19969e-06
Hl_0_0_l_0_0_0_0_0_0_0_0_0_0_0_0_0_0_0_0_0_0_0 = 4.03756e-06
Hl_0_0_l_0_0_0_0_0_0_0_0_0_0_0_0_0_0_0_0_0_0_0_0 = 3.84542e-06
Hr_0_0 = 9.99979e-05
I = 1
pi2_0_0_0_0 = 2.02753e-09
pi2_0_0_0_0_l_0 = 1.61889e-09
pi2_0_0_0_0_l_0_0 = 1.37251e-09
pi2_0_0_0_0_l_0_0_0 = 1.19379e-09
pi2_0_0_0_0_l_0_0_0_0 = 1.05908e-09
pi2_0_0_0_0_l_0_0_0_0_0 = 9.52957e-10
pi2_0_0_0_0_l_0_0_0_0_0_0 = 8.66924e-10
pi2_0_0_0_0_l_0_0_0_0_0_0_0 = 7.95316e-10
pi2_0_0_0_0_l_0_0_0_0_0_0_0_0 = 7.35258e-10
pi2_0_0_0_0_l_0_0_0_0_0_0_0_0_0 = 6.83483e-10
pi2_0_0_0_0_l_0_0_0_0_0_0_0_0_0_0 = 6.38947e-10
pi2_0_0_0_0_l_0_0_0_0_0_0_0_0_0_0_0 = 5.99709e-10
pi2_0_0_0_0_l_0_0_0_0_0_0_0_0_0_0_0_0 = 5.65282e-10
pi2_0_0_0_0_l_0_0_0_0_0_0_0_0_0_0_0_0_0 = 5.34478e-10
pi2_0_0_0_0_l_0_0_0_0_0_0_0_0_0_0_0_0_0_0 = 5.07037e-10
pi2_0_0_0_0_l_0_0_0_0_0_0_0_0_0_0_0_0_0_0_0 = 4.82191e-10
pi2_0_0_0_0_l_0_0_0_0_0_0_0_0_0_0_0_0_0_0_0_0 = 4.59774e-10
pi2_0_0_0_0_l_0_0_0_0_0_0_0_0_0_0_0_0_0_0_0_0_0 = 4.39352e-10
pi2_0_0_0_0_l_0_0_0_0_0_0_0_0_0_0_0_0_0_0_0_0_0_0 = 4.20489e-10
pi2_0_0_0_0_l_0_0_0_0_0_0_0_0_0_0_0_0_0_0_0_0_0_0_0 = 4.04159e-10
pi2_0_0_0_0_l_0_0_0_0_0_0_0_0_0_0_0_0_0_0_0_0_0_0_0_0 = 3.84918e-10
