DD_0_0 = 7.1568e-11
DD_0_0_l_0 = 4.82018e-11
DD_0_0_l_0_0 = 4.02376e-11
DD_0_0_l_0_0_0 = 3.05652e-11
DD_0_0_l_0_0_0_0 = 2.76458e-11
DD_0_0_l_0_0_0_0_0 = 2.11344e-11
Dr_0_0 = 3.99385e-11
Dr_0_0_l_0 = 3.92836e-11
Dr_0_0_l_0_0 = 3.71704e-11
Dr_0_0_l_0_0_0 = 3.55168e-11
Dr_0_0_l_0_0_0_0 = 3.22912e-11
Dr_0_0_l_0_0_0_0_0 = 3.14468e-11
Dr_0_0_l_0_0_0_0_0_0 = 2.79086e-11
Hl_0_0 = 2.08224e-05
Hl_0_0_l_0 = 1.58355e-05
Hl_0_0_l_0_0 = 1.39397e-05
Hl_0_0_l_0_0_0 = 1.16358e-05
Hl_0_0_l_0_0_0_0 = 1.08553e-05
Hl_0_0_l_0_0_0_0_0 = 9.1439e-06
Hr_0_0 = 9.99988e-05
I = 1
pi2_0_0_0_0 = 2.0886e-09
pi2_0_0_0_0_l_0 = 1.58811e-09
pi2_0_0_0_0_l_0_0 = 1.39777e-09
pi2_0_0_0_0_l_0_0_0 = 1.16638e-09
pi2_0_0_0_0_l_0_0_0_0 = 1.088e-09
pi2_0_0_0_0_l_0_0_0_0_0 = 9.16303e-10
