DD_0_0 = 6.74134e-11
DD_0_0_l_0 = 4.91701e-11
DD_0_0_l_0_0 = 3.86816e-11
DD_0_0_l_0_0_0 = 3.15253e-11
DD_0_0_l_0_0_0_0 = 2.62964e-11
DD_0_0_l_0_0_0_0_0 = 2.24317e-11
DD_0_0_l_0_0_0_0_0_0 = 1.93002e-11
DD_0_0_l_0_0_0_0_0_0_0 = 1.69729e-11
DD_0_0_l_0_0_0_0_0_0_0_0 = 1.48184e-11
DD_0_0_l_0_0_0_0_0_0_0_0_0 = 1.34745e-11
DD_0_0_l_0_0_0_0_0_0_0_0_0_0 = 1.15415e-11
Dr_0_0 = 3.70359e-11
Dr_0_0_l_0 = 3.85231e-11
Dr_0_0_l_0_0 = 3.67997e-11
Dr_0_0_l_0_0_0 = 3.4732e-11
Dr_0_0_l_0_0_0_0 = 3.25417e-11
Dr_0_0_l_0_0_0_0_0 = 3.04492e-11
Dr_0_0_l_0_0_0_0_0_0 = 2.85368e-11
Dr_0_0_l_0_0_0_0_0_0_0 = 2.67318e-11
Dr_0_0_l_0_0_0_0_0_0_0_0 = 2.51427e-11
Dr_0_0_l_0_0_0_0_0_0_0_0_0 = 2.36696e-11
Dr_0_0_l_0_0_0_0_0_0_0_0_0_0 = 2.21925e-11
Dr_0_0_l_0_0_0_0_0_0_0_0_0_0_0 = 2.06961e-11
Hl_0_0 = 1.99689e-05
Hl_0_0_l_0 = 1.60062e-05
Hl_0_0_l_0_0 = 1.3587e-05
Hl_0_0_l_0_0_0 = 1.18475e-05
Hl_0_0_l_0_0_0_0 = 1.05152e-05
Hl_0_0_l_0_0_0_0_0 = 9.48399e-06
Hl_0_0_l_0_0_0_0_0_0 = 8.6138e-06
Hl_0_0_l_0_0_0_0_0_0_0 = 7.93951e-06
Hl_0_0_l_0_0_0_0_0_0_0_0 = 7.29193e-06
Hl_0_0_l_0_0_0_0_0_0_0_0_0 = 6.87295e-06
Hl_0_0_l_0_0_0_0_0_0_0_0_0_0 = 6.24942e-06
Hr_0_0 = 9.99988e-05
I = 1
pi2_0_0_0_0 = 2.0035e-09
pi2_0_0_0_0_l_0 = 1.60557e-09
pi2_0_0_0_0_l_0_0 = 1.36248e-09
pi2_0_0_0_0_l_0_0_0 = 1.18777e-09
pi2_0_0_0_0_l_0_0_0_0 = 1.05397e-09
pi2_0_0_0_0_l_0_0_0_0_0 = 9.50427e-10
pi2_0_0_0_0_l_0_0_0_0_0_0 = 8.63075e-10
pi2_0_0_0_0_l_0_0_0_0_0_0_0 = 7.95396e-10
pi2_0_0_0_0_l_0_0_0_0_0_0_0_0 = 7.30434e-10
pi2_0_0_0_0_l_0_0_0_0_0_0_0_0_0 = 6.88364e-10
pi2_0_0_0_0_l_0_0_0_0_0_0_0_0_0_0 = 6.2585e-10
