DD_0_0 = 8.16632e-12
DD_0_0_l_0 = 7.74809e-12
DD_0_0_l_0_0 = 5.71985e-12
Dr_0_0 = 7.44631e-13
Dr_0_0_l_0 = 9.77723e-13
Dr_0_0_l_0_0 = 1.22801e-12
Dr_0_0_l_0_0_0 = 1.10678e-12
Hl_0_0 = 1.73386e-05
Hl_0_0_l_0 = 1.65322e-05
Hl_0_0_l_0_0 = 1.24998e-05
Hr_0_0 = 9.9999e-05
I = 1
pi2_0_0_0_0 = 1.73403e-09
pi2_0_0_0_0_l_0 = 1.65343e-09
pi2_0_0_0_0_l_0_0 = 1.2501e-09
