DD_0_0 = 7.14329e-11
DD_0_0_l_0 = 4.38023e-11
DD_0_0_l_0_0 = 4.17357e-11
DD_0_0_l_0_0_0 = 3.01324e-11
DD_0_0_l_0_0_0_0 = 2.97802e-11
DD_0_0_l_0_0_0_0_0 = 2.19558e-11
DD_0_0_l_0_0_0_0_0_0 = 2.26297e-11
DD_0_0_l_0_0_0_0_0_0_0 = 1.68868e-11
DD_0_0_l_0_0_0_0_0_0_0_0 = 1.7641e-11
DD_0_0_l_0_0_0_0_0_0_0_0_0 = 1.36422e-11
DD_0_0_l_0_0_0_0_0_0_0_0_0_0 = 1.39858e-11
DD_0_0_l_0_0_0_0_0_0_0_0_0_0_0 = 1.13702e-11
DD_0_0_l_0_0_0_0_0_0_0_0_0_0_0_0 = 1.13197e-11
DD_0_0_l_0_0_0_0_0_0_0_0_0_0_0_0_0 = 9.62889e-12
DD_0_0_l_0_0_0_0_0_0_0_0_0_0_0_0_0_0 = 9.36719e-12
DD_0_0_l_0_0_0_0_0_0_0_0_0_0_0_0_0_0_0 = 8.23735e-12
DD_0_0_l_0_0_0_0_0_0_0_0_0_0_0_0_0_0_0_0 = 7.89854e-12
DD_0_0_l_0_0_0_0_0_0_0_0_0_0_0_0_0_0_0_0_0 = 7.11944e-12
DD_0_0_l_0_0_0_0_0_0_0_0_0_0_0_0_0_0_0_0_0_0 = 6.74263e-12
DD_0_0_l_0_0_0_0_0_0_0_0_0_0_0_0_0_0_0_0_0_0_0 = 6.25047e-12
DD_0_0_l_0_0_0_0_0_0_0_0_0_0_0_0_0_0_0_0_0_0_0_0 = 5.73344e-12
Dr_0_0 = 1.37688e-10
Dr_0_0_l_0 = 1.01533e-10
Dr_0_0_l_0_0 = 8.9436e-11
Dr_0_0_l_0_0_0 = 8.12295e-11
Dr_0_0_l_0_0_0_0 = 7.08642e-11
Dr_0_0_l_0_0_0_0_0 = 6.79208e-11
Dr_0_0_l_0_0_0_0_0_0 = 5.86627e-11
Dr_0_0_l_0_0_0_0_0_0_0 = 5.80481e-11
Dr_0_0_l_0_0_0_0_0_0_0_0 = 4.98866e-11
Dr_0_0_l_0_0_0_0_0_0_0_0_0 = 5.02205e-11
Dr_0_0_l_0_0_0_0_0_0_0_0_0_0 = 4.33319e-11
Dr_0_0_l_0_0_0_0_0_0_0_0_0_0_0 = 4.38384e-11
Dr_0_0_l_0_0_0_0_0_0_0_0_0_0_0_0 = 3.82386e-11
Dr_0_0_l_0_0_0_0_0_0_0_0_0_0_0_0_0 = 3.85989e-11
Dr_0_0_l_0_0_0_0_0_0_0_0_0_0_0_0_0_0 = 3.41238e-11
Dr_0_0_l_0_0_0_0_0_0_0_0_0_0_0_0_0_0_0 = 3.42818e-11
Dr_0_0_l_0_0_0_0_0_0_0_0_0_0_0_0_0_0_0_0 = 3.07007e-11
Dr_0_0_l_0_0_0_0_0_0_0_0_0_0_0_0_0_0_0_0_0 = 3.06986e-11
Dr_0_0_l_0_0_0_0_0_0_0_0_0_0_0_0_0_0_0_0_0_0 = 2.77994e-11
Dr_0_0_l_0_0_0_0_0_0_0_0_0_0_0_0_0_0_0_0_0_0_0 = 2.76971e-11
Dr_0_0_l_0_0_0_0_0_0_0_0_0_0_0_0_0_0_0_0_0_0_0_0 = 2.52961e-11
Dr_0_0_l_0_0_0_0_0_0_0_0_0_0_0_0_0_0_0_0_0_0_0_0_0 = 2.45109e-11
Hl_0_0 = 9.99877e-06
Hl_0_0_l_0 = 9.00011e-06
Hl_0_0_l_0_0 = 8.19951e-06
Hl_0_0_l_0_0_0 = 7.54003e-06
Hl_0_0_l_0_0_0_0 = 6.98355e-06
Hl_0_0_l_0_0_0_0_0 = 6.50795e-06
Hl_0_0_l_0_0_0_0_0_0 = 6.09469e-06
Hl_0_0_l_0_0_0_0_0_0_0 = 5.73326e-06
Hl_0_0_l_0_0_0_0_0_0_0_0 = 5.4127e-06
Hl_0_0_l_0_0_0_0_0_0_0_0_0 = 5.12792e-06
Hl_0_0_l_0_0_0_0_0_0_0_0_0_0 = 4.87121e-06
Hl_0_0_l_0_0_0_0_0_0_0_0_0_0_0 = 4.64081e-06
Hl_0_0_l_0_0_0_0_0_0_0_0_0_0_0_0 = 4.42998e-06
Hl_0_0_l_0_0_0_0_0_0_0_0_0_0_0_0_0 = 4.23997e-06
Hl_0_0_l_0_0_0_0_0_0_0_0_0_0_0_0_0_0 = 4.0628e-06
Hl_0_0_l_0_0_0_0_0_0_0_0_0_0_0_0_0_0_0 = 3.90454e-06
Hl_0_0_l_0_0_0_0_0_0_0_0_0_0_0_0_0_0_0_0 = 3.75129e-06
Hl_0_0_l_0_0_0_0_0_0_0_0_0_0_0_0_0_0_0_0_0 = 3.62133e-06
Hl_0_0_l_0_0_0_0_0_0_0_0_0_0_0_0_0_0_0_0_0_0 = 3.47995e-06
Hl_0_0_l_0_0_0_0_0_0_0_0_0_0_0_0_0_0_0_0_0_0_0 = 3.38643e-06
Hl_0_0_l_0_0_0_0_0_0_0_0_0_0_0_0_0_0_0_0_0_0_0_0 = 3.22524e-06
Hr_0_0 = 9.99976e-05
I = 1
pi2_0_0_0_0 = 9.90809e-10
pi2_0_0_0_0_l_0 = 8.9968e-10
pi2_0_0_0_0_l_0_0 = 8.18239e-10
pi2_0_0_0_0_l_0_0_0 = 7.54382e-10
pi2_0_0_0_0_l_0_0_0_0 = 6.97797e-10
pi2_0_0_0_0_l_0_0_0_0_0 = 6.51079e-10
pi2_0_0_0_0_l_0_0_0_0_0_0 = 6.09309e-10
pi2_0_0_0_0_l_0_0_0_0_0_0_0 = 5.73435e-10
pi2_0_0_0_0_l_0_0_0_0_0_0_0_0 = 5.41271e-10
pi2_0_0_0_0_l_0_0_0_0_0_0_0_0_0 = 5.12785e-10
pi2_0_0_0_0_l_0_0_0_0_0_0_0_0_0_0 = 4.8716e-10
pi2_0_0_0_0_l_0_0_0_0_0_0_0_0_0_0_0 = 4.6403e-10
pi2_0_0_0_0_l_0_0_0_0_0_0_0_0_0_0_0_0 = 4.43012e-10
pi2_0_0_0_0_l_0_0_0_0_0_0_0_0_0_0_0_0_0 = 4.2394e-10
pi2_0_0_0_0_l_0_0_0_0_0_0_0_0_0_0_0_0_0_0 = 4.06257e-10
pi2_0_0_0_0_l_0_0_0_0_0_0_0_0_0_0_0_0_0_0_0 = 3.90397e-10
pi2_0_0_0_0_l_0_0_0_0_0_0_0_0_0_0_0_0_0_0_0_0 = 3.7508e-10
pi2_0_0_0_0_l_0_0_0_0_0_0_0_0_0_0_0_0_0_0_0_0_0 = 3.62072e-10
pi2_0_0_0_0_l_0_0_0_0_0_0_0_0_0_0_0_0_0_0_0_0_0_0 = 3.47932e-10
pi2_0_0_0_0_l_0_0_0_0_0_0_0_0_0_0_0_0_0_0_0_0_0_0_0 = 3.38572e-10
pi2_0_0_0_0_l_0_0_0_0_0_0_0_0_0_0_0_0_0_0_0_0_0_0_0_0 = 3.22445e-10
