DD_0_0 = 1.03172e-10
DD_0_0_l_0 = 4.63761e-11
DD_0_0_l_0_0 = 4.75849e-11
DD_0_0_l_0_0_0 = 3.16762e-11
DD_0_0_l_0_0_0_0 = 3.16871e-11
DD_0_0_l_0_0_0_0_0 = 2.31959e-11
Dr_0_0 = 2.28238e-10
Dr_0_0_l_0 = 1.37849e-10
Dr_0_0_l_0_0 = 1.19464e-10
Dr_0_0_l_0_0_0 = 9.86762e-11
Dr_0_0_l_0_0_0_0 = 8.90307e-11
Dr_0_0_l_0_0_0_0_0 = 7.7239e-11
Dr_0_0_l_0_0_0_0_0_0 = 6.6759e-11
Hl_0_0 = 1.12258e-05
Hl_0_0_l_0 = 8.87741e-06
Hl_0_0_l_0_0 = 8.63306e-06
Hl_0_0_l_0_0_0 = 7.40996e-06
Hl_0_0_l_0_0_0_0 = 7.28098e-06
Hl_0_0_l_0_0_0_0_0 = 6.35922e-06
Hr_0_0 = 9.99967e-05
I = 1
pi2_0_0_0_0 = 1.09935e-09
pi2_0_0_0_0_l_0 = 8.78933e-10
pi2_0_0_0_0_l_0_0 = 8.55691e-10
pi2_0_0_0_0_l_0_0_0 = 7.37244e-10
pi2_0_0_0_0_l_0_0_0_0 = 7.23696e-10
pi2_0_0_0_0_l_0_0_0_0_0 = 6.33519e-10
