DD_0_0 = 1.40781e-11
DD_0_0_l_0 = 4.24675e-11
DD_0_0_l_0_0 = 3.01284e-11
Dr_0_0 = 3.03309e-12
Dr_0_0_l_0 = 2.72461e-11
Dr_0_0_l_0_0 = 5.23026e-11
Dr_0_0_l_0_0_0 = 4.94665e-11
Hl_0_0 = 8.56304e-06
Hl_0_0_l_0 = 9.14368e-06
Hl_0_0_l_0_0 = 7.69222e-06
Hr_0_0 = 9.9999e-05
I = 1
pi2_0_0_0_0 = 8.64322e-10
pi2_0_0_0_0_l_0 = 9.27784e-10
pi2_0_0_0_0_l_0_0 = 7.77134e-10
