DD_0_0 = 1.41295e-11
DD_0_0_l_0 = 4.24501e-11
DD_0_0_l_0_0 = 3.01115e-11
Dr_0_0 = 3.15412e-12
Dr_0_0_l_0 = 2.73098e-11
Dr_0_0_l_0_0 = 5.22953e-11
Dr_0_0_l_0_0_0 = 4.94423e-11
Hl_0_0 = 8.56304e-06
Hl_0_0_l_0 = 9.14369e-06
Hl_0_0_l_0_0 = 7.69222e-06
Hr_0_0 = 9.9999e-05
I = 1
pi2_0_0_0_0 = 8.6432e-10
pi2_0_0_0_0_l_0 = 9.2776e-10
pi2_0_0_0_0_l_0_0 = 7.77121e-10
