DD_0_0 = 1.0294e-10
DD_0_0_l_0 = 4.63016e-11
DD_0_0_l_0_0 = 4.75131e-11
DD_0_0_l_0_0_0 = 3.16361e-11
DD_0_0_l_0_0_0_0 = 3.16482e-11
DD_0_0_l_0_0_0_0_0 = 2.31712e-11
Dr_0_0 = 2.27458e-10
Dr_0_0_l_0 = 1.37413e-10
Dr_0_0_l_0_0 = 1.19106e-10
Dr_0_0_l_0_0_0 = 9.84074e-11
Dr_0_0_l_0_0_0_0 = 8.87904e-11
Dr_0_0_l_0_0_0_0_0 = 7.70503e-11
Dr_0_0_l_0_0_0_0_0_0 = 6.66025e-11
Hl_0_0 = 1.12258e-05
Hl_0_0_l_0 = 8.87741e-06
Hl_0_0_l_0_0 = 8.63306e-06
Hl_0_0_l_0_0_0 = 7.40996e-06
Hl_0_0_l_0_0_0_0 = 7.28098e-06
Hl_0_0_l_0_0_0_0_0 = 6.35922e-06
Hr_0_0 = 9.99967e-05
I = 1
pi2_0_0_0_0 = 1.09945e-09
pi2_0_0_0_0_l_0 = 8.78976e-10
pi2_0_0_0_0_l_0_0 = 8.5573e-10
pi2_0_0_0_0_l_0_0_0 = 7.37266e-10
pi2_0_0_0_0_l_0_0_0_0 = 7.2372e-10
pi2_0_0_0_0_l_0_0_0_0_0 = 6.33534e-10
