DD_0_0 = 5.48723e-09
DD_0_0_l_0 = 5.90305e-10
DD_0_0_l_0_0 = 9.23547e-10
DD_0_0_l_0_0_0 = 2.37525e-10
DD_0_0_l_0_0_0_0 = 3.51381e-10
DD_0_0_l_0_0_0_0_0 = 1.25888e-10
Dr_0_0 = -3.87352e-17
Dr_0_0_l_0 = 4.38102e-09
Dr_0_0_l_0_0 = 5.89568e-10
Dr_0_0_l_0_0_0 = 2.01712e-09
Dr_0_0_l_0_0_0_0 = 4.31382e-10
Dr_0_0_l_0_0_0_0_0 = 1.18204e-09
Dr_0_0_l_0_0_0_0_0_0 = 3.16296e-10
Hl_0_0 = 9.9999e-05
Hl_0_0_l_0 = 3.33323e-05
Hl_0_0_l_0_0 = 3.33323e-05
Hl_0_0_l_0_0_0 = 1.9999e-05
Hl_0_0_l_0_0_0_0 = 1.9999e-05
Hl_0_0_l_0_0_0_0_0 = 1.42847e-05
Hr_0_0 = 9.9999e-05
I = 1
pi2_0_0_0_0 = 1.21902e-08
pi2_0_0_0_0_l_0 = 3.55424e-09
pi2_0_0_0_0_l_0_0 = 3.59655e-09
pi2_0_0_0_0_l_0_0_0 = 2.07779e-09
pi2_0_0_0_0_l_0_0_0_0 = 2.06812e-09
pi2_0_0_0_0_l_0_0_0_0_0 = 1.46516e-09
