DD_0_0 = 3.05784e-11
DD_0_0_l_0 = 1.25958e-11
DD_0_0_l_0_0 = 1.44375e-11
DD_0_0_l_0_0_0 = 1.01834e-11
DD_0_0_l_0_0_0_0 = 1.06015e-11
DD_0_0_l_0_0_0_0_0 = 8.49424e-12
Dr_0_0 = 9.04742e-11
Dr_0_0_l_0 = 4.71331e-11
Dr_0_0_l_0_0 = 4.30158e-11
Dr_0_0_l_0_0_0 = 3.40733e-11
Dr_0_0_l_0_0_0_0 = 3.20024e-11
Dr_0_0_l_0_0_0_0_0 = 2.76787e-11
Dr_0_0_l_0_0_0_0_0_0 = 2.43809e-11
Hl_0_0 = 5.73832e-06
Hl_0_0_l_0 = 4.71308e-06
Hl_0_0_l_0_0 = 4.77478e-06
Hl_0_0_l_0_0_0 = 4.28375e-06
Hl_0_0_l_0_0_0_0 = 4.29086e-06
Hl_0_0_l_0_0_0_0_0 = 3.9272e-06
Hr_0_0 = 9.99972e-05
I = 1
pi2_0_0_0_0 = 5.54519e-10
pi2_0_0_0_0_l_0 = 4.63712e-10
pi2_0_0_0_0_l_0_0 = 4.70507e-10
pi2_0_0_0_0_l_0_0_0 = 4.24453e-10
pi2_0_0_0_0_l_0_0_0_0 = 4.24972e-10
pi2_0_0_0_0_l_0_0_0_0_0 = 3.90111e-10
