DD_0_0 = 5.33595e-12
DD_0_0_l_0 = 1.10776e-11
DD_0_0_l_0_0 = 9.4324e-12
Dr_0_0 = 4.54991e-12
Dr_0_0_l_0 = 9.98718e-12
Dr_0_0_l_0_0 = 1.53297e-11
Dr_0_0_l_0_0_0 = 1.58086e-11
Hl_0_0 = 4.47629e-06
Hl_0_0_l_0 = 4.77618e-06
Hl_0_0_l_0_0 = 4.3478e-06
Hr_0_0 = 9.99989e-05
I = 1
pi2_0_0_0_0 = 4.49208e-10
pi2_0_0_0_0_l_0 = 4.80644e-10
pi2_0_0_0_0_l_0_0 = 4.36556e-10
