DD_0_0 = 3.09984e-11
DD_0_0_l_0 = 1.27145e-11
DD_0_0_l_0_0 = 1.45634e-11
DD_0_0_l_0_0_0 = 1.02554e-11
DD_0_0_l_0_0_0_0 = 1.06749e-11
DD_0_0_l_0_0_0_0_0 = 8.54481e-12
Dr_0_0 = 9.24054e-11
Dr_0_0_l_0 = 4.80892e-11
Dr_0_0_l_0_0 = 4.38558e-11
Dr_0_0_l_0_0_0 = 3.46779e-11
Dr_0_0_l_0_0_0_0 = 3.25676e-11
Dr_0_0_l_0_0_0_0_0 = 2.81216e-11
Dr_0_0_l_0_0_0_0_0_0 = 2.47489e-11
Hl_0_0 = 5.73832e-06
Hl_0_0_l_0 = 4.71308e-06
Hl_0_0_l_0_0 = 4.77478e-06
Hl_0_0_l_0_0_0 = 4.28375e-06
Hl_0_0_l_0_0_0_0 = 4.29086e-06
Hl_0_0_l_0_0_0_0_0 = 3.9272e-06
Hr_0_0 = 9.99972e-05
I = 1
pi2_0_0_0_0 = 5.54074e-10
pi2_0_0_0_0_l_0 = 4.63531e-10
pi2_0_0_0_0_l_0_0 = 4.70334e-10
pi2_0_0_0_0_l_0_0_0 = 4.24353e-10
pi2_0_0_0_0_l_0_0_0_0 = 4.24866e-10
pi2_0_0_0_0_l_0_0_0_0_0 = 3.90041e-10
