DD_0_0 = 5.63787e-12
DD_0_0_l_0 = 1.07818e-11
DD_0_0_l_0_0 = 9.09178e-12
Dr_0_0 = 5.27309e-12
Dr_0_0_l_0 = 1.02209e-11
Dr_0_0_l_0_0 = 1.48405e-11
Dr_0_0_l_0_0_0 = 1.50572e-11
Hl_0_0 = 4.47629e-06
Hl_0_0_l_0 = 4.77618e-06
Hl_0_0_l_0_0 = 4.3478e-06
Hr_0_0 = 9.99989e-05
I = 1
pi2_0_0_0_0 = 4.49211e-10
pi2_0_0_0_0_l_0 = 4.80352e-10
pi2_0_0_0_0_l_0_0 = 4.36395e-10
