DD_0_0 = 2.69284e-11
DD_0_0_l_0 = 1.15678e-11
DD_0_0_l_0_0 = 1.33277e-11
DD_0_0_l_0_0_0 = 9.54436e-12
DD_0_0_l_0_0_0_0 = 9.94605e-12
DD_0_0_l_0_0_0_0_0 = 8.03809e-12
Dr_0_0 = 7.41104e-11
Dr_0_0_l_0 = 3.90346e-11
Dr_0_0_l_0_0 = 3.59095e-11
Dr_0_0_l_0_0_0 = 2.89306e-11
Dr_0_0_l_0_0_0_0 = 2.71989e-11
Dr_0_0_l_0_0_0_0_0 = 2.38931e-11
Dr_0_0_l_0_0_0_0_0_0 = 2.12248e-11
Hl_0_0 = 5.73832e-06
Hl_0_0_l_0 = 4.71308e-06
Hl_0_0_l_0_0 = 4.77478e-06
Hl_0_0_l_0_0_0 = 4.28375e-06
Hl_0_0_l_0_0_0_0 = 4.29086e-06
Hl_0_0_l_0_0_0_0_0 = 3.9272e-06
Hr_0_0 = 9.99975e-05
I = 1
pi2_0_0_0_0 = 5.58283e-10
pi2_0_0_0_0_l_0 = 4.65247e-10
pi2_0_0_0_0_l_0_0 = 4.71968e-10
pi2_0_0_0_0_l_0_0_0 = 4.25292e-10
pi2_0_0_0_0_l_0_0_0_0 = 4.25865e-10
pi2_0_0_0_0_l_0_0_0_0_0 = 3.90698e-10
