DD_0_0 = 1.04467e-11
DD_0_0_l_0 = 1.13286e-11
DD_0_0_l_0_0 = 9.94805e-12
DD_0_0_l_0_0_0 = 9.40246e-12
DD_0_0_l_0_0_0_0 = 8.50041e-12
DD_0_0_l_0_0_0_0_0 = 7.9315e-12
DD_0_0_l_0_0_0_0_0_0 = 7.27843e-12
DD_0_0_l_0_0_0_0_0_0_0 = 6.78511e-12
DD_0_0_l_0_0_0_0_0_0_0_0 = 6.28971e-12
DD_0_0_l_0_0_0_0_0_0_0_0_0 = 5.87419e-12
DD_0_0_l_0_0_0_0_0_0_0_0_0_0 = 5.48654e-12
DD_0_0_l_0_0_0_0_0_0_0_0_0_0_0 = 5.13874e-12
DD_0_0_l_0_0_0_0_0_0_0_0_0_0_0_0 = 4.82486e-12
DD_0_0_l_0_0_0_0_0_0_0_0_0_0_0_0_0 = 4.53961e-12
DD_0_0_l_0_0_0_0_0_0_0_0_0_0_0_0_0_0 = 4.26966e-12
DD_0_0_l_0_0_0_0_0_0_0_0_0_0_0_0_0_0_0 = 4.04881e-12
DD_0_0_l_0_0_0_0_0_0_0_0_0_0_0_0_0_0_0_0 = 3.7959e-12
DD_0_0_l_0_0_0_0_0_0_0_0_0_0_0_0_0_0_0_0_0 = 3.64466e-12
DD_0_0_l_0_0_0_0_0_0_0_0_0_0_0_0_0_0_0_0_0_0 = 3.3861e-12
DD_0_0_l_0_0_0_0_0_0_0_0_0_0_0_0_0_0_0_0_0_0_0 = 3.30964e-12
DD_0_0_l_0_0_0_0_0_0_0_0_0_0_0_0_0_0_0_0_0_0_0_0 = 3.02841e-12
Dr_0_0 = 1.44118e-11
Dr_0_0_l_0 = 1.8012e-11
Dr_0_0_l_0_0 = 1.76971e-11
Dr_0_0_l_0_0_0 = 1.75987e-11
Dr_0_0_l_0_0_0_0 = 1.70304e-11
Dr_0_0_l_0_0_0_0_0 = 1.65678e-11
Dr_0_0_l_0_0_0_0_0_0 = 1.59571e-11
Dr_0_0_l_0_0_0_0_0_0_0 = 1.54546e-11
Dr_0_0_l_0_0_0_0_0_0_0_0 = 1.48584e-11
Dr_0_0_l_0_0_0_0_0_0_0_0_0 = 1.43864e-11
Dr_0_0_l_0_0_0_0_0_0_0_0_0_0 = 1.38232e-11
Dr_0_0_l_0_0_0_0_0_0_0_0_0_0_0 = 1.3398e-11
Dr_0_0_l_0_0_0_0_0_0_0_0_0_0_0_0 = 1.28733e-11
Dr_0_0_l_0_0_0_0_0_0_0_0_0_0_0_0_0 = 1.24969e-11
Dr_0_0_l_0_0_0_0_0_0_0_0_0_0_0_0_0_0 = 1.20081e-11
Dr_0_0_l_0_0_0_0_0_0_0_0_0_0_0_0_0_0_0 = 1.16828e-11
Dr_0_0_l_0_0_0_0_0_0_0_0_0_0_0_0_0_0_0_0 = 1.1218e-11
Dr_0_0_l_0_0_0_0_0_0_0_0_0_0_0_0_0_0_0_0_0 = 1.09539e-11
Dr_0_0_l_0_0_0_0_0_0_0_0_0_0_0_0_0_0_0_0_0_0 = 1.049e-11
Dr_0_0_l_0_0_0_0_0_0_0_0_0_0_0_0_0_0_0_0_0_0_0 = 1.03096e-11
Dr_0_0_l_0_0_0_0_0_0_0_0_0_0_0_0_0_0_0_0_0_0_0_0 = 9.80696e-12
Dr_0_0_l_0_0_0_0_0_0_0_0_0_0_0_0_0_0_0_0_0_0_0_0_0 = 9.46516e-12
Hl_0_0 = 4.84798e-06
Hl_0_0_l_0 = 4.7576e-06
Hl_0_0_l_0_0 = 4.47355e-06
Hl_0_0_l_0_0_0 = 4.32893e-06
Hl_0_0_l_0_0_0_0 = 4.10375e-06
Hl_0_0_l_0_0_0_0_0 = 3.97398e-06
Hl_0_0_l_0_0_0_0_0_0 = 3.78597e-06
Hl_0_0_l_0_0_0_0_0_0_0 = 3.67476e-06
Hl_0_0_l_0_0_0_0_0_0_0_0 = 3.51301e-06
Hl_0_0_l_0_0_0_0_0_0_0_0_0 = 3.41891e-06
Hl_0_0_l_0_0_0_0_0_0_0_0_0_0 = 3.27645e-06
Hl_0_0_l_0_0_0_0_0_0_0_0_0_0_0 = 3.19764e-06
Hl_0_0_l_0_0_0_0_0_0_0_0_0_0_0_0 = 3.06936e-06
Hl_0_0_l_0_0_0_0_0_0_0_0_0_0_0_0_0 = 3.00451e-06
Hl_0_0_l_0_0_0_0_0_0_0_0_0_0_0_0_0_0 = 2.88625e-06
Hl_0_0_l_0_0_0_0_0_0_0_0_0_0_0_0_0_0_0 = 2.83481e-06
Hl_0_0_l_0_0_0_0_0_0_0_0_0_0_0_0_0_0_0_0 = 2.72265e-06
Hl_0_0_l_0_0_0_0_0_0_0_0_0_0_0_0_0_0_0_0_0 = 2.68515e-06
Hl_0_0_l_0_0_0_0_0_0_0_0_0_0_0_0_0_0_0_0_0_0 = 2.5747e-06
Hl_0_0_l_0_0_0_0_0_0_0_0_0_0_0_0_0_0_0_0_0_0_0 = 2.55335e-06
Hl_0_0_l_0_0_0_0_0_0_0_0_0_0_0_0_0_0_0_0_0_0_0_0 = 2.43864e-06
Hr_0_0 = 9.99987e-05
I = 1
pi2_0_0_0_0 = 4.87333e-10
pi2_0_0_0_0_l_0 = 4.77217e-10
pi2_0_0_0_0_l_0_0 = 4.48574e-10
pi2_0_0_0_0_l_0_0_0 = 4.33812e-10
pi2_0_0_0_0_l_0_0_0_0 = 4.11204e-10
pi2_0_0_0_0_l_0_0_0_0_0 = 3.98058e-10
pi2_0_0_0_0_l_0_0_0_0_0_0 = 3.79219e-10
pi2_0_0_0_0_l_0_0_0_0_0_0_0 = 3.67981e-10
pi2_0_0_0_0_l_0_0_0_0_0_0_0_0 = 3.51791e-10
pi2_0_0_0_0_l_0_0_0_0_0_0_0_0_0 = 3.4229e-10
pi2_0_0_0_0_l_0_0_0_0_0_0_0_0_0_0 = 3.28045e-10
pi2_0_0_0_0_l_0_0_0_0_0_0_0_0_0_0_0 = 3.20083e-10
pi2_0_0_0_0_l_0_0_0_0_0_0_0_0_0_0_0_0 = 3.07272e-10
pi2_0_0_0_0_l_0_0_0_0_0_0_0_0_0_0_0_0_0 = 3.00708e-10
pi2_0_0_0_0_l_0_0_0_0_0_0_0_0_0_0_0_0_0_0 = 2.88914e-10
pi2_0_0_0_0_l_0_0_0_0_0_0_0_0_0_0_0_0_0_0_0 = 2.83692e-10
pi2_0_0_0_0_l_0_0_0_0_0_0_0_0_0_0_0_0_0_0_0_0 = 2.72513e-10
pi2_0_0_0_0_l_0_0_0_0_0_0_0_0_0_0_0_0_0_0_0_0_0 = 2.68695e-10
pi2_0_0_0_0_l_0_0_0_0_0_0_0_0_0_0_0_0_0_0_0_0_0_0 = 2.57678e-10
pi2_0_0_0_0_l_0_0_0_0_0_0_0_0_0_0_0_0_0_0_0_0_0_0_0 = 2.55497e-10
pi2_0_0_0_0_l_0_0_0_0_0_0_0_0_0_0_0_0_0_0_0_0_0_0_0_0 = 2.44026e-10
