DD_0_0 = -1.25682e-12
DD_0_0_l_0 = 1.16356e-11
DD_0_0_l_0_0 = 7.46083e-12
DD_0_0_l_0_0_0 = 9.58208e-12
DD_0_0_l_0_0_0_0 = 7.37913e-12
DD_0_0_l_0_0_0_0_0 = 8.06111e-12
DD_0_0_l_0_0_0_0_0_0 = 6.62914e-12
DD_0_0_l_0_0_0_0_0_0_0 = 6.88564e-12
DD_0_0_l_0_0_0_0_0_0_0_0 = 5.86465e-12
DD_0_0_l_0_0_0_0_0_0_0_0_0 = 5.95181e-12
DD_0_0_l_0_0_0_0_0_0_0_0_0_0 = 5.19148e-12
Dr_0_0 = -2.88097e-11
Dr_0_0_l_0 = 3.24868e-12
Dr_0_0_l_0_0 = 5.09266e-12
Dr_0_0_l_0_0_0 = 9.54533e-12
Dr_0_0_l_0_0_0_0 = 1.02242e-11
Dr_0_0_l_0_0_0_0_0 = 1.12793e-11
Dr_0_0_l_0_0_0_0_0_0 = 1.15133e-11
Dr_0_0_l_0_0_0_0_0_0_0 = 1.16472e-11
Dr_0_0_l_0_0_0_0_0_0_0_0 = 1.16614e-11
Dr_0_0_l_0_0_0_0_0_0_0_0_0 = 1.14926e-11
Dr_0_0_l_0_0_0_0_0_0_0_0_0_0 = 1.13762e-11
Dr_0_0_l_0_0_0_0_0_0_0_0_0_0_0 = 1.09929e-11
Hl_0_0 = 4.4275e-06
Hl_0_0_l_0 = 4.77862e-06
Hl_0_0_l_0_0 = 4.33129e-06
Hl_0_0_l_0_0_0 = 4.35027e-06
Hl_0_0_l_0_0_0_0 = 4.01539e-06
Hl_0_0_l_0_0_0_0_0 = 3.99607e-06
Hl_0_0_l_0_0_0_0_0_0 = 3.71927e-06
Hl_0_0_l_0_0_0_0_0_0_0 = 3.6981e-06
Hl_0_0_l_0_0_0_0_0_0_0_0 = 3.45695e-06
Hl_0_0_l_0_0_0_0_0_0_0_0_0 = 3.44414e-06
Hl_0_0_l_0_0_0_0_0_0_0_0_0_0 = 3.2256e-06
Hr_0_0 = 9.99996e-05
I = 1
pi2_0_0_0_0 = 4.55867e-10
pi2_0_0_0_0_l_0 = 4.85181e-10
pi2_0_0_0_0_l_0_0 = 4.38304e-10
pi2_0_0_0_0_l_0_0_0 = 4.39142e-10
pi2_0_0_0_0_l_0_0_0_0 = 4.04706e-10
pi2_0_0_0_0_l_0_0_0_0_0 = 4.02373e-10
pi2_0_0_0_0_l_0_0_0_0_0_0 = 3.74142e-10
pi2_0_0_0_0_l_0_0_0_0_0_0_0 = 3.71842e-10
pi2_0_0_0_0_l_0_0_0_0_0_0_0_0 = 3.47352e-10
pi2_0_0_0_0_l_0_0_0_0_0_0_0_0_0 = 3.4599e-10
pi2_0_0_0_0_l_0_0_0_0_0_0_0_0_0_0 = 3.23846e-10
