DD_0_0 = 5.28643e-12
DD_0_0_l_0 = 8.33745e-12
DD_0_0_l_0_0 = 6.30679e-12
DD_0_0_l_0_0_0 = 6.89313e-12
DD_0_0_l_0_0_0_0 = 5.66884e-12
DD_0_0_l_0_0_0_0_0 = 5.86813e-12
DD_0_0_l_0_0_0_0_0_0 = 5.00014e-12
DD_0_0_l_0_0_0_0_0_0_0 = 5.07858e-12
DD_0_0_l_0_0_0_0_0_0_0_0 = 4.41747e-12
DD_0_0_l_0_0_0_0_0_0_0_0_0 = 4.44677e-12
DD_0_0_l_0_0_0_0_0_0_0_0_0_0 = 3.92609e-12
Dr_0_0 = 2.32115e-12
Dr_0_0_l_0 = 9.064e-12
Dr_0_0_l_0_0 = 8.06232e-12
Dr_0_0_l_0_0_0 = 8.93522e-12
Dr_0_0_l_0_0_0_0 = 8.4768e-12
Dr_0_0_l_0_0_0_0_0 = 8.56489e-12
Dr_0_0_l_0_0_0_0_0_0 = 8.26554e-12
Dr_0_0_l_0_0_0_0_0_0_0 = 8.13992e-12
Dr_0_0_l_0_0_0_0_0_0_0_0 = 7.89787e-12
Dr_0_0_l_0_0_0_0_0_0_0_0_0 = 7.71588e-12
Dr_0_0_l_0_0_0_0_0_0_0_0_0_0 = 7.48817e-12
Dr_0_0_l_0_0_0_0_0_0_0_0_0_0_0 = 7.17177e-12
Hl_0_0 = 4.4275e-06
Hl_0_0_l_0 = 4.77862e-06
Hl_0_0_l_0_0 = 4.33129e-06
Hl_0_0_l_0_0_0 = 4.35027e-06
Hl_0_0_l_0_0_0_0 = 4.01539e-06
Hl_0_0_l_0_0_0_0_0 = 3.99607e-06
Hl_0_0_l_0_0_0_0_0_0 = 3.71927e-06
Hl_0_0_l_0_0_0_0_0_0_0 = 3.6981e-06
Hl_0_0_l_0_0_0_0_0_0_0_0 = 3.45695e-06
Hl_0_0_l_0_0_0_0_0_0_0_0_0 = 3.44414e-06
Hl_0_0_l_0_0_0_0_0_0_0_0_0_0 = 3.2256e-06
Hr_0_0 = 9.9999e-05
I = 1
pi2_0_0_0_0 = 4.45935e-10
pi2_0_0_0_0_l_0 = 4.79422e-10
pi2_0_0_0_0_l_0_0 = 4.34318e-10
pi2_0_0_0_0_l_0_0_0 = 4.35945e-10
pi2_0_0_0_0_l_0_0_0_0 = 4.02284e-10
pi2_0_0_0_0_l_0_0_0_0_0 = 4.00247e-10
pi2_0_0_0_0_l_0_0_0_0_0_0 = 3.72466e-10
pi2_0_0_0_0_l_0_0_0_0_0_0_0 = 3.70295e-10
pi2_0_0_0_0_l_0_0_0_0_0_0_0_0 = 3.46112e-10
pi2_0_0_0_0_l_0_0_0_0_0_0_0_0_0 = 3.44798e-10
pi2_0_0_0_0_l_0_0_0_0_0_0_0_0_0_0 = 3.22888e-10
