DD_0_0 = 1.25967e-11
DD_0_0_l_0 = 7.32595e-12
DD_0_0_l_0_0 = 8.21146e-12
DD_0_0_l_0_0_0 = 6.39748e-12
DD_0_0_l_0_0_0_0 = 6.62227e-12
DD_0_0_l_0_0_0_0_0 = 5.57291e-12
Dr_0_0 = 2.00756e-11
Dr_0_0_l_0 = 1.21426e-11
Dr_0_0_l_0_0 = 1.20671e-11
Dr_0_0_l_0_0_0 = 1.08183e-11
Dr_0_0_l_0_0_0_0 = 1.02963e-11
Dr_0_0_l_0_0_0_0_0 = 9.90543e-12
Dr_0_0_l_0_0_0_0_0_0 = 9.21134e-12
Hl_0_0 = 5.73832e-06
Hl_0_0_l_0 = 4.71308e-06
Hl_0_0_l_0_0 = 4.77478e-06
Hl_0_0_l_0_0_0 = 4.28375e-06
Hl_0_0_l_0_0_0_0 = 4.29086e-06
Hl_0_0_l_0_0_0_0_0 = 3.9272e-06
Hr_0_0 = 9.99986e-05
I = 1
pi2_0_0_0_0 = 5.70535e-10
pi2_0_0_0_0_l_0 = 4.7023e-10
pi2_0_0_0_0_l_0_0 = 4.76563e-10
pi2_0_0_0_0_l_0_0_0 = 4.27923e-10
pi2_0_0_0_0_l_0_0_0_0 = 4.28627e-10
pi2_0_0_0_0_l_0_0_0_0_0 = 3.92489e-10
