DD_0_0 = 5.94539e-12
DD_0_0_l_0 = 7.99852e-12
DD_0_0_l_0_0 = 6.63691e-12
Dr_0_0 = 6.01884e-12
Dr_0_0_l_0 = 7.9782e-12
Dr_0_0_l_0_0 = 9.47363e-12
Dr_0_0_l_0_0_0 = 9.07237e-12
Hl_0_0 = 4.47629e-06
Hl_0_0_l_0 = 4.77618e-06
Hl_0_0_l_0_0 = 4.3478e-06
Hr_0_0 = 9.99989e-05
I = 1
pi2_0_0_0_0 = 4.48616e-10
pi2_0_0_0_0_l_0 = 4.78771e-10
pi2_0_0_0_0_l_0_0 = 4.35503e-10
