DD_0_0 = 2.45155e-12
DD_0_0_l_0 = 1.92523e-12
DD_0_0_l_0_0 = 1.9649e-12
DD_0_0_l_0_0_0 = 1.71349e-12
DD_0_0_l_0_0_0_0 = 1.7215e-12
DD_0_0_l_0_0_0_0_0 = 1.53841e-12
Dr_0_0 = 8.1674e-13
Dr_0_0_l_0 = 6.92557e-13
Dr_0_0_l_0_0 = 7.39294e-13
Dr_0_0_l_0_0_0 = 7.18088e-13
Dr_0_0_l_0_0_0_0 = 7.16858e-13
Dr_0_0_l_0_0_0_0_0 = 7.57439e-13
Dr_0_0_l_0_0_0_0_0_0 = 7.35848e-13
Hl_0_0 = 5.73831e-06
Hl_0_0_l_0 = 4.71308e-06
Hl_0_0_l_0_0 = 4.77478e-06
Hl_0_0_l_0_0_0 = 4.28375e-06
Hl_0_0_l_0_0_0_0 = 4.29086e-06
Hl_0_0_l_0_0_0_0_0 = 3.9272e-06
Hr_0_0 = 9.9999e-05
I = 1
pi2_0_0_0_0 = 5.738e-10
pi2_0_0_0_0_l_0 = 4.71316e-10
pi2_0_0_0_0_l_0_0 = 4.77487e-10
pi2_0_0_0_0_l_0_0_0 = 4.28387e-10
pi2_0_0_0_0_l_0_0_0_0 = 4.29102e-10
pi2_0_0_0_0_l_0_0_0_0_0 = 3.92736e-10
