DD_0_0 = 4.21707e-13
DD_0_0_l_0 = 4.83905e-13
DD_0_0_l_0_0 = 4.7061e-13
Dr_0_0 = 7.58975e-13
Dr_0_0_l_0 = 8.20666e-13
Dr_0_0_l_0_0 = 8.82084e-13
Dr_0_0_l_0_0_0 = 8.95158e-13
Hl_0_0 = 9.72035e-07
Hl_0_0_l_0 = 9.90279e-07
Hl_0_0_l_0_0 = 9.70872e-07
Hr_0_0 = 9.99989e-05
I = 1
pi2_0_0_0_0 = 9.72189e-11
pi2_0_0_0_0_l_0 = 9.90646e-11
pi2_0_0_0_0_l_0_0 = 9.71087e-11
