DD_0_0 = -1.06735e-12
DD_0_0_l_0 = 4.5988e-13
DD_0_0_l_0_0 = 1.68492e-13
DD_0_0_l_0_0_0 = 4.57488e-13
DD_0_0_l_0_0_0_0 = 3.30751e-13
DD_0_0_l_0_0_0_0_0 = 4.46101e-13
DD_0_0_l_0_0_0_0_0_0 = 3.73596e-13
DD_0_0_l_0_0_0_0_0_0_0 = 4.32327e-13
DD_0_0_l_0_0_0_0_0_0_0_0 = 3.85014e-13
DD_0_0_l_0_0_0_0_0_0_0_0_0 = 4.1842e-13
DD_0_0_l_0_0_0_0_0_0_0_0_0_0 = 3.84086e-13
DD_0_0_l_0_0_0_0_0_0_0_0_0_0_0 = 4.04471e-13
DD_0_0_l_0_0_0_0_0_0_0_0_0_0_0_0 = 3.78347e-13
DD_0_0_l_0_0_0_0_0_0_0_0_0_0_0_0_0 = 3.90765e-13
DD_0_0_l_0_0_0_0_0_0_0_0_0_0_0_0_0_0 = 3.70345e-13
DD_0_0_l_0_0_0_0_0_0_0_0_0_0_0_0_0_0_0 = 3.77596e-13
DD_0_0_l_0_0_0_0_0_0_0_0_0_0_0_0_0_0_0_0 = 3.61156e-13
DD_0_0_l_0_0_0_0_0_0_0_0_0_0_0_0_0_0_0_0_0 = 3.6504e-13
DD_0_0_l_0_0_0_0_0_0_0_0_0_0_0_0_0_0_0_0_0_0 = 3.51426e-13
DD_0_0_l_0_0_0_0_0_0_0_0_0_0_0_0_0_0_0_0_0_0_0 = 3.53023e-13
DD_0_0_l_0_0_0_0_0_0_0_0_0_0_0_0_0_0_0_0_0_0_0_0 = 3.4159e-13
Dr_0_0 = -6.75557e-12
Dr_0_0_l_0 = -1.9314e-12
Dr_0_0_l_0_0 = -1.60267e-12
Dr_0_0_l_0_0_0 = -7.48378e-13
Dr_0_0_l_0_0_0_0 = -5.74775e-13
Dr_0_0_l_0_0_0_0_0 = -2.53459e-13
Dr_0_0_l_0_0_0_0_0_0 = -1.41512e-13
Dr_0_0_l_0_0_0_0_0_0_0 = 1.25239e-14
Dr_0_0_l_0_0_0_0_0_0_0_0 = 9.22939e-14
Dr_0_0_l_0_0_0_0_0_0_0_0_0 = 1.75177e-13
Dr_0_0_l_0_0_0_0_0_0_0_0_0_0 = 2.35442e-13
Dr_0_0_l_0_0_0_0_0_0_0_0_0_0_0 = 2.82119e-13
Dr_0_0_l_0_0_0_0_0_0_0_0_0_0_0_0 = 3.2966e-13
Dr_0_0_l_0_0_0_0_0_0_0_0_0_0_0_0_0 = 3.56042e-13
Dr_0_0_l_0_0_0_0_0_0_0_0_0_0_0_0_0_0 = 3.94586e-13
Dr_0_0_l_0_0_0_0_0_0_0_0_0_0_0_0_0_0_0 = 4.08788e-13
Dr_0_0_l_0_0_0_0_0_0_0_0_0_0_0_0_0_0_0_0 = 4.40689e-13
Dr_0_0_l_0_0_0_0_0_0_0_0_0_0_0_0_0_0_0_0_0 = 4.47158e-13
Dr_0_0_l_0_0_0_0_0_0_0_0_0_0_0_0_0_0_0_0_0_0 = 4.74039e-13
Dr_0_0_l_0_0_0_0_0_0_0_0_0_0_0_0_0_0_0_0_0_0_0 = 4.75361e-13
Dr_0_0_l_0_0_0_0_0_0_0_0_0_0_0_0_0_0_0_0_0_0_0_0 = 4.98373e-13
Dr_0_0_l_0_0_0_0_0_0_0_0_0_0_0_0_0_0_0_0_0_0_0_0_0 = 5.12467e-13
Hl_0_0 = 8.84928e-07
Hl_0_0_l_0 = 9.91151e-07
Hl_0_0_l_0_0 = 9.41819e-07
Hl_0_0_l_0_0_0 = 9.71744e-07
Hl_0_0_l_0_0_0_0 = 9.38113e-07
Hl_0_0_l_0_0_0_0_0 = 9.5309e-07
Hl_0_0_l_0_0_0_0_0_0 = 9.26369e-07
Hl_0_0_l_0_0_0_0_0_0_0 = 9.35146e-07
Hl_0_0_l_0_0_0_0_0_0_0_0 = 9.12392e-07
Hl_0_0_l_0_0_0_0_0_0_0_0_0 = 9.17871e-07
Hl_0_0_l_0_0_0_0_0_0_0_0_0_0 = 8.97735e-07
Hl_0_0_l_0_0_0_0_0_0_0_0_0_0_0 = 9.01229e-07
Hl_0_0_l_0_0_0_0_0_0_0_0_0_0_0_0 = 8.82977e-07
Hl_0_0_l_0_0_0_0_0_0_0_0_0_0_0_0_0 = 8.85186e-07
Hl_0_0_l_0_0_0_0_0_0_0_0_0_0_0_0_0_0 = 8.68371e-07
Hl_0_0_l_0_0_0_0_0_0_0_0_0_0_0_0_0_0_0 = 8.69709e-07
Hl_0_0_l_0_0_0_0_0_0_0_0_0_0_0_0_0_0_0_0 = 8.54037e-07
Hl_0_0_l_0_0_0_0_0_0_0_0_0_0_0_0_0_0_0_0_0 = 8.54769e-07
Hl_0_0_l_0_0_0_0_0_0_0_0_0_0_0_0_0_0_0_0_0_0 = 8.40035e-07
Hl_0_0_l_0_0_0_0_0_0_0_0_0_0_0_0_0_0_0_0_0_0_0 = 8.40338e-07
Hl_0_0_l_0_0_0_0_0_0_0_0_0_0_0_0_0_0_0_0_0_0_0_0 = 8.26392e-07
Hr_0_0 = 9.99997e-05
I = 1
pi2_0_0_0_0 = 9.06739e-11
pi2_0_0_0_0_l_0 = 1.00339e-10
pi2_0_0_0_0_l_0_0 = 9.50791e-11
pi2_0_0_0_0_l_0_0_0 = 9.78959e-11
pi2_0_0_0_0_l_0_0_0_0 = 9.43853e-11
pi2_0_0_0_0_l_0_0_0_0_0 = 9.58155e-11
pi2_0_0_0_0_l_0_0_0_0_0_0 = 9.3057e-11
pi2_0_0_0_0_l_0_0_0_0_0_0_0 = 9.39018e-11
pi2_0_0_0_0_l_0_0_0_0_0_0_0_0 = 9.15684e-11
pi2_0_0_0_0_l_0_0_0_0_0_0_0_0_0 = 9.20987e-11
pi2_0_0_0_0_l_0_0_0_0_0_0_0_0_0_0 = 9.00427e-11
pi2_0_0_0_0_l_0_0_0_0_0_0_0_0_0_0_0 = 9.03822e-11
pi2_0_0_0_0_l_0_0_0_0_0_0_0_0_0_0_0_0 = 8.85242e-11
pi2_0_0_0_0_l_0_0_0_0_0_0_0_0_0_0_0_0_0 = 8.87396e-11
pi2_0_0_0_0_l_0_0_0_0_0_0_0_0_0_0_0_0_0_0 = 8.70318e-11
pi2_0_0_0_0_l_0_0_0_0_0_0_0_0_0_0_0_0_0_0_0 = 8.71628e-11
pi2_0_0_0_0_l_0_0_0_0_0_0_0_0_0_0_0_0_0_0_0_0 = 8.55738e-11
pi2_0_0_0_0_l_0_0_0_0_0_0_0_0_0_0_0_0_0_0_0_0_0 = 8.56459e-11
pi2_0_0_0_0_l_0_0_0_0_0_0_0_0_0_0_0_0_0_0_0_0_0_0 = 8.41539e-11
pi2_0_0_0_0_l_0_0_0_0_0_0_0_0_0_0_0_0_0_0_0_0_0_0_0 = 8.41844e-11
pi2_0_0_0_0_l_0_0_0_0_0_0_0_0_0_0_0_0_0_0_0_0_0_0_0_0 = 8.27741e-11
