DD_0_0 = 4.94182e-09
DD_0_0_l_0 = 5.70588e-10
DD_0_0_l_0_0 = 8.45206e-10
DD_0_0_l_0_0_0 = 2.30786e-10
DD_0_0_l_0_0_0_0 = 3.25179e-10
DD_0_0_l_0_0_0_0_0 = 1.22755e-10
DD_0_0_l_0_0_0_0_0_0 = 1.66672e-10
DD_0_0_l_0_0_0_0_0_0_0 = 7.54845e-11
DD_0_0_l_0_0_0_0_0_0_0_0 = 9.9566e-11
DD_0_0_l_0_0_0_0_0_0_0_0_0 = 5.08187e-11
DD_0_0_l_0_0_0_0_0_0_0_0_0_0 = 6.54803e-11
DD_0_0_l_0_0_0_0_0_0_0_0_0_0_0 = 3.64053e-11
DD_0_0_l_0_0_0_0_0_0_0_0_0_0_0_0 = 4.60082e-11
DD_0_0_l_0_0_0_0_0_0_0_0_0_0_0_0_0 = 2.72888e-11
DD_0_0_l_0_0_0_0_0_0_0_0_0_0_0_0_0_0 = 3.39272e-11
DD_0_0_l_0_0_0_0_0_0_0_0_0_0_0_0_0_0_0 = 2.11738e-11
DD_0_0_l_0_0_0_0_0_0_0_0_0_0_0_0_0_0_0_0 = 2.59579e-11
DD_0_0_l_0_0_0_0_0_0_0_0_0_0_0_0_0_0_0_0_0 = 1.68822e-11
DD_0_0_l_0_0_0_0_0_0_0_0_0_0_0_0_0_0_0_0_0_0 = 2.04457e-11
DD_0_0_l_0_0_0_0_0_0_0_0_0_0_0_0_0_0_0_0_0_0_0 = 1.37594e-11
DD_0_0_l_0_0_0_0_0_0_0_0_0_0_0_0_0_0_0_0_0_0_0_0 = 1.64862e-11
Dr_0_0 = -2.54514e-15
Dr_0_0_l_0 = 3.87593e-09
Dr_0_0_l_0_0 = 5.63537e-10
Dr_0_0_l_0_0_0 = 1.79919e-09
Dr_0_0_l_0_0_0_0 = 4.13673e-10
Dr_0_0_l_0_0_0_0_0 = 1.06041e-09
Dr_0_0_l_0_0_0_0_0_0 = 3.0403e-10
Dr_0_0_l_0_0_0_0_0_0_0 = 7.06967e-10
Dr_0_0_l_0_0_0_0_0_0_0_0 = 2.32023e-10
Dr_0_0_l_0_0_0_0_0_0_0_0_0 = 5.08497e-10
Dr_0_0_l_0_0_0_0_0_0_0_0_0_0 = 1.83168e-10
Dr_0_0_l_0_0_0_0_0_0_0_0_0_0_0 = 3.85125e-10
Dr_0_0_l_0_0_0_0_0_0_0_0_0_0_0_0 = 1.4862e-10
Dr_0_0_l_0_0_0_0_0_0_0_0_0_0_0_0_0 = 3.02821e-10
Dr_0_0_l_0_0_0_0_0_0_0_0_0_0_0_0_0_0 = 1.23281e-10
Dr_0_0_l_0_0_0_0_0_0_0_0_0_0_0_0_0_0_0 = 2.44981e-10
Dr_0_0_l_0_0_0_0_0_0_0_0_0_0_0_0_0_0_0_0 = 1.04119e-10
Dr_0_0_l_0_0_0_0_0_0_0_0_0_0_0_0_0_0_0_0_0 = 2.02672e-10
Dr_0_0_l_0_0_0_0_0_0_0_0_0_0_0_0_0_0_0_0_0_0 = 8.92543e-11
Dr_0_0_l_0_0_0_0_0_0_0_0_0_0_0_0_0_0_0_0_0_0_0 = 1.70725e-10
Dr_0_0_l_0_0_0_0_0_0_0_0_0_0_0_0_0_0_0_0_0_0_0_0 = 7.74735e-11
Dr_0_0_l_0_0_0_0_0_0_0_0_0_0_0_0_0_0_0_0_0_0_0_0_0 = 1.45971e-10
Hl_0_0 = 9.9999e-05
Hl_0_0_l_0 = 3.33323e-05
Hl_0_0_l_0_0 = 3.33323e-05
Hl_0_0_l_0_0_0 = 1.9999e-05
Hl_0_0_l_0_0_0_0 = 1.9999e-05
Hl_0_0_l_0_0_0_0_0 = 1.42847e-05
Hl_0_0_l_0_0_0_0_0_0 = 1.42847e-05
Hl_0_0_l_0_0_0_0_0_0_0 = 1.11101e-05
Hl_0_0_l_0_0_0_0_0_0_0_0 = 1.11101e-05
Hl_0_0_l_0_0_0_0_0_0_0_0_0 = 9.08991e-06
Hl_0_0_l_0_0_0_0_0_0_0_0_0_0 = 9.08991e-06
Hl_0_0_l_0_0_0_0_0_0_0_0_0_0_0 = 7.69131e-06
Hl_0_0_l_0_0_0_0_0_0_0_0_0_0_0_0 = 7.69131e-06
Hl_0_0_l_0_0_0_0_0_0_0_0_0_0_0_0_0 = 6.66567e-06
Hl_0_0_l_0_0_0_0_0_0_0_0_0_0_0_0_0_0 = 6.66567e-06
Hl_0_0_l_0_0_0_0_0_0_0_0_0_0_0_0_0_0_0 = 5.88135e-06
Hl_0_0_l_0_0_0_0_0_0_0_0_0_0_0_0_0_0_0_0 = 5.88135e-06
Hl_0_0_l_0_0_0_0_0_0_0_0_0_0_0_0_0_0_0_0_0 = 5.26216e-06
Hl_0_0_l_0_0_0_0_0_0_0_0_0_0_0_0_0_0_0_0_0_0 = 5.26216e-06
Hl_0_0_l_0_0_0_0_0_0_0_0_0_0_0_0_0_0_0_0_0_0_0 = 4.76091e-06
Hl_0_0_l_0_0_0_0_0_0_0_0_0_0_0_0_0_0_0_0_0_0_0_0 = 4.7609e-06
Hr_0_0 = 9.99989e-05
I = 1
pi2_0_0_0_0 = 1.19377e-08
pi2_0_0_0_0_l_0 = 3.54447e-09
pi2_0_0_0_0_l_0_0 = 3.57036e-09
pi2_0_0_0_0_l_0_0_0 = 2.07466e-09
pi2_0_0_0_0_l_0_0_0_0 = 2.06273e-09
pi2_0_0_0_0_l_0_0_0_0_0 = 1.4638e-09
pi2_0_0_0_0_l_0_0_0_0_0_0 = 1.44877e-09
pi2_0_0_0_0_l_0_0_0_0_0_0_0 = 1.13051e-09
pi2_0_0_0_0_l_0_0_0_0_0_0_0_0 = 1.11716e-09
pi2_0_0_0_0_l_0_0_0_0_0_0_0_0_0 = 9.20865e-10
pi2_0_0_0_0_l_0_0_0_0_0_0_0_0_0_0 = 9.09656e-10
pi2_0_0_0_0_l_0_0_0_0_0_0_0_0_0_0_0 = 7.76869e-10
pi2_0_0_0_0_l_0_0_0_0_0_0_0_0_0_0_0_0 = 7.67528e-10
pi2_0_0_0_0_l_0_0_0_0_0_0_0_0_0_0_0_0_0 = 6.71867e-10
pi2_0_0_0_0_l_0_0_0_0_0_0_0_0_0_0_0_0_0_0 = 6.64037e-10
pi2_0_0_0_0_l_0_0_0_0_0_0_0_0_0_0_0_0_0_0_0 = 5.91906e-10
pi2_0_0_0_0_l_0_0_0_0_0_0_0_0_0_0_0_0_0_0_0_0 = 5.85281e-10
pi2_0_0_0_0_l_0_0_0_0_0_0_0_0_0_0_0_0_0_0_0_0_0 = 5.2898e-10
pi2_0_0_0_0_l_0_0_0_0_0_0_0_0_0_0_0_0_0_0_0_0_0_0 = 5.23316e-10
pi2_0_0_0_0_l_0_0_0_0_0_0_0_0_0_0_0_0_0_0_0_0_0_0_0 = 4.78166e-10
pi2_0_0_0_0_l_0_0_0_0_0_0_0_0_0_0_0_0_0_0_0_0_0_0_0_0 = 4.73276e-10
