DD_0_0 = 3.51861e-14
DD_0_0_l_0 = 4.59214e-13
DD_0_0_l_0_0 = 3.56141e-13
DD_0_0_l_0_0_0 = 4.35236e-13
DD_0_0_l_0_0_0_0 = 3.88862e-13
DD_0_0_l_0_0_0_0_0 = 4.17252e-13
DD_0_0_l_0_0_0_0_0_0 = 3.89933e-13
DD_0_0_l_0_0_0_0_0_0_0 = 4.01391e-13
DD_0_0_l_0_0_0_0_0_0_0_0 = 3.82867e-13
DD_0_0_l_0_0_0_0_0_0_0_0_0 = 3.86771e-13
DD_0_0_l_0_0_0_0_0_0_0_0_0_0 = 3.731e-13
Dr_0_0 = -9.8835e-13
Dr_0_0_l_0 = 1.9886e-13
Dr_0_0_l_0_0 = 2.63914e-13
Dr_0_0_l_0_0_0 = 4.45205e-13
Dr_0_0_l_0_0_0_0 = 4.8679e-13
Dr_0_0_l_0_0_0_0_0 = 5.40682e-13
Dr_0_0_l_0_0_0_0_0_0 = 5.70038e-13
Dr_0_0_l_0_0_0_0_0_0_0 = 5.86723e-13
Dr_0_0_l_0_0_0_0_0_0_0_0 = 6.08608e-13
Dr_0_0_l_0_0_0_0_0_0_0_0_0 = 6.10695e-13
Dr_0_0_l_0_0_0_0_0_0_0_0_0_0 = 6.27615e-13
Dr_0_0_l_0_0_0_0_0_0_0_0_0_0_0 = 6.34835e-13
Hl_0_0 = 9.19174e-07
Hl_0_0_l_0 = 9.90808e-07
Hl_0_0_l_0_0 = 9.53241e-07
Hl_0_0_l_0_0_0 = 9.71401e-07
Hl_0_0_l_0_0_0_0 = 9.44976e-07
Hl_0_0_l_0_0_0_0_0 = 9.52747e-07
Hl_0_0_l_0_0_0_0_0_0 = 9.31282e-07
Hl_0_0_l_0_0_0_0_0_0_0 = 9.34802e-07
Hl_0_0_l_0_0_0_0_0_0_0_0 = 9.16224e-07
Hl_0_0_l_0_0_0_0_0_0_0_0_0 = 9.17526e-07
Hl_0_0_l_0_0_0_0_0_0_0_0_0_0 = 9.00883e-07
Hr_0_0 = 9.99991e-05
I = 1
pi2_0_0_0_0 = 9.24319e-11
pi2_0_0_0_0_l_0 = 9.93837e-11
pi2_0_0_0_0_l_0_0 = 9.55333e-11
pi2_0_0_0_0_l_0_0_0 = 9.73171e-11
pi2_0_0_0_0_l_0_0_0_0 = 9.4631e-11
pi2_0_0_0_0_l_0_0_0_0_0 = 9.53985e-11
pi2_0_0_0_0_l_0_0_0_0_0_0 = 9.32257e-11
pi2_0_0_0_0_l_0_0_0_0_0_0_0 = 9.35747e-11
pi2_0_0_0_0_l_0_0_0_0_0_0_0_0 = 9.16988e-11
pi2_0_0_0_0_l_0_0_0_0_0_0_0_0_0 = 9.18286e-11
pi2_0_0_0_0_l_0_0_0_0_0_0_0_0_0_0 = 9.01512e-11
