DD_0_0 = 3.93067e-13
DD_0_0_l_0 = 4.44506e-13
DD_0_0_l_0_0 = 4.29926e-13
Dr_0_0 = 6.47997e-13
Dr_0_0_l_0 = 7.01796e-13
Dr_0_0_l_0_0 = 7.48974e-13
Dr_0_0_l_0_0_0 = 7.55828e-13
Hl_0_0 = 9.72035e-07
Hl_0_0_l_0 = 9.90279e-07
Hl_0_0_l_0_0 = 9.70872e-07
Hr_0_0 = 9.99989e-05
I = 1
pi2_0_0_0_0 = 9.72194e-11
pi2_0_0_0_0_l_0 = 9.90578e-11
pi2_0_0_0_0_l_0_0 = 9.71046e-11
