DD_0_0 = 2.84081e-13
DD_0_0_l_0 = 2.42836e-13
DD_0_0_l_0_0 = 2.52928e-13
DD_0_0_l_0_0_0 = 2.37614e-13
DD_0_0_l_0_0_0_0 = 2.40636e-13
DD_0_0_l_0_0_0_0_0 = 2.3138e-13
Dr_0_0 = 3.07802e-13
Dr_0_0_l_0 = 2.50873e-13
Dr_0_0_l_0_0 = 2.58142e-13
Dr_0_0_l_0_0_0 = 2.50067e-13
Dr_0_0_l_0_0_0_0 = 2.47943e-13
Dr_0_0_l_0_0_0_0_0 = 2.48158e-13
Dr_0_0_l_0_0_0_0_0_0 = 2.4519e-13
Hl_0_0 = 1.05903e-06
Hl_0_0_l_0 = 9.8941e-07
Hl_0_0_l_0_0 = 9.99887e-07
Hl_0_0_l_0_0_0 = 9.70002e-07
Hl_0_0_l_0_0_0_0 = 9.73003e-07
Hl_0_0_l_0_0_0_0_0 = 9.51346e-07
Hr_0_0 = 9.9999e-05
I = 1
pi2_0_0_0_0 = 1.0587e-10
pi2_0_0_0_0_l_0 = 9.89297e-11
pi2_0_0_0_0_l_0_0 = 9.99781e-11
pi2_0_0_0_0_l_0_0_0 = 9.69937e-11
pi2_0_0_0_0_l_0_0_0_0 = 9.7294e-11
pi2_0_0_0_0_l_0_0_0_0_0 = 9.51302e-11
