DD_0_0 = 1.84416e-13
DD_0_0_l_0 = 2.57409e-13
DD_0_0_l_0_0 = 2.21426e-13
DD_0_0_l_0_0_0 = 2.4522e-13
DD_0_0_l_0_0_0_0 = 2.23111e-13
DD_0_0_l_0_0_0_0_0 = 2.35879e-13
DD_0_0_l_0_0_0_0_0_0 = 2.19733e-13
DD_0_0_l_0_0_0_0_0_0_0 = 2.27689e-13
DD_0_0_l_0_0_0_0_0_0_0_0 = 2.15313e-13
DD_0_0_l_0_0_0_0_0_0_0_0_0 = 2.20436e-13
DD_0_0_l_0_0_0_0_0_0_0_0_0_0 = 2.10161e-13
DD_0_0_l_0_0_0_0_0_0_0_0_0_0_0 = 2.13634e-13
DD_0_0_l_0_0_0_0_0_0_0_0_0_0_0_0 = 2.0494e-13
DD_0_0_l_0_0_0_0_0_0_0_0_0_0_0_0_0 = 2.07247e-13
DD_0_0_l_0_0_0_0_0_0_0_0_0_0_0_0_0_0 = 1.9965e-13
DD_0_0_l_0_0_0_0_0_0_0_0_0_0_0_0_0_0_0 = 2.01245e-13
DD_0_0_l_0_0_0_0_0_0_0_0_0_0_0_0_0_0_0_0 = 1.94471e-13
DD_0_0_l_0_0_0_0_0_0_0_0_0_0_0_0_0_0_0_0_0 = 1.95479e-13
DD_0_0_l_0_0_0_0_0_0_0_0_0_0_0_0_0_0_0_0_0_0 = 1.89516e-13
DD_0_0_l_0_0_0_0_0_0_0_0_0_0_0_0_0_0_0_0_0_0_0 = 1.89913e-13
DD_0_0_l_0_0_0_0_0_0_0_0_0_0_0_0_0_0_0_0_0_0_0_0 = 1.84736e-13
Dr_0_0 = 1.12599e-13
Dr_0_0_l_0 = 2.52618e-13
Dr_0_0_l_0_0 = 2.08619e-13
Dr_0_0_l_0_0_0 = 2.45898e-13
Dr_0_0_l_0_0_0_0 = 2.24623e-13
Dr_0_0_l_0_0_0_0_0 = 2.42236e-13
Dr_0_0_l_0_0_0_0_0_0 = 2.29702e-13
Dr_0_0_l_0_0_0_0_0_0_0 = 2.39338e-13
Dr_0_0_l_0_0_0_0_0_0_0_0 = 2.31361e-13
Dr_0_0_l_0_0_0_0_0_0_0_0_0 = 2.3701e-13
Dr_0_0_l_0_0_0_0_0_0_0_0_0_0 = 2.31473e-13
Dr_0_0_l_0_0_0_0_0_0_0_0_0_0_0 = 2.34702e-13
Dr_0_0_l_0_0_0_0_0_0_0_0_0_0_0_0 = 2.30792e-13
Dr_0_0_l_0_0_0_0_0_0_0_0_0_0_0_0_0 = 2.32521e-13
Dr_0_0_l_0_0_0_0_0_0_0_0_0_0_0_0_0_0 = 2.29614e-13
Dr_0_0_l_0_0_0_0_0_0_0_0_0_0_0_0_0_0_0 = 2.30344e-13
Dr_0_0_l_0_0_0_0_0_0_0_0_0_0_0_0_0_0_0_0 = 2.28194e-13
Dr_0_0_l_0_0_0_0_0_0_0_0_0_0_0_0_0_0_0_0_0 = 2.28138e-13
Dr_0_0_l_0_0_0_0_0_0_0_0_0_0_0_0_0_0_0_0_0_0 = 2.26621e-13
Dr_0_0_l_0_0_0_0_0_0_0_0_0_0_0_0_0_0_0_0_0_0_0 = 2.25929e-13
Dr_0_0_l_0_0_0_0_0_0_0_0_0_0_0_0_0_0_0_0_0_0_0_0 = 2.24905e-13
Dr_0_0_l_0_0_0_0_0_0_0_0_0_0_0_0_0_0_0_0_0_0_0_0_0 = 2.23184e-13
Hl_0_0 = 8.84926e-07
Hl_0_0_l_0 = 9.91151e-07
Hl_0_0_l_0_0 = 9.41818e-07
Hl_0_0_l_0_0_0 = 9.71744e-07
Hl_0_0_l_0_0_0_0 = 9.38113e-07
Hl_0_0_l_0_0_0_0_0 = 9.5309e-07
Hl_0_0_l_0_0_0_0_0_0 = 9.26369e-07
Hl_0_0_l_0_0_0_0_0_0_0 = 9.35146e-07
Hl_0_0_l_0_0_0_0_0_0_0_0 = 9.12391e-07
Hl_0_0_l_0_0_0_0_0_0_0_0_0 = 9.17871e-07
Hl_0_0_l_0_0_0_0_0_0_0_0_0_0 = 8.97735e-07
Hl_0_0_l_0_0_0_0_0_0_0_0_0_0_0 = 9.01229e-07
Hl_0_0_l_0_0_0_0_0_0_0_0_0_0_0_0 = 8.82977e-07
Hl_0_0_l_0_0_0_0_0_0_0_0_0_0_0_0_0 = 8.85186e-07
Hl_0_0_l_0_0_0_0_0_0_0_0_0_0_0_0_0_0 = 8.68371e-07
Hl_0_0_l_0_0_0_0_0_0_0_0_0_0_0_0_0_0_0 = 8.69709e-07
Hl_0_0_l_0_0_0_0_0_0_0_0_0_0_0_0_0_0_0_0 = 8.54037e-07
Hl_0_0_l_0_0_0_0_0_0_0_0_0_0_0_0_0_0_0_0_0 = 8.54769e-07
Hl_0_0_l_0_0_0_0_0_0_0_0_0_0_0_0_0_0_0_0_0_0 = 8.40035e-07
Hl_0_0_l_0_0_0_0_0_0_0_0_0_0_0_0_0_0_0_0_0_0_0 = 8.40338e-07
Hl_0_0_l_0_0_0_0_0_0_0_0_0_0_0_0_0_0_0_0_0_0_0_0 = 8.26392e-07
Hr_0_0 = 9.9999e-05
I = 1
pi2_0_0_0_0 = 8.85645e-11
pi2_0_0_0_0_l_0 = 9.91382e-11
pi2_0_0_0_0_l_0_0 = 9.42044e-11
pi2_0_0_0_0_l_0_0_0 = 9.71876e-11
pi2_0_0_0_0_l_0_0_0_0 = 9.38243e-11
pi2_0_0_0_0_l_0_0_0_0_0 = 9.53182e-11
pi2_0_0_0_0_l_0_0_0_0_0_0 = 9.26459e-11
pi2_0_0_0_0_l_0_0_0_0_0_0_0 = 9.35214e-11
pi2_0_0_0_0_l_0_0_0_0_0_0_0_0 = 9.1246e-11
pi2_0_0_0_0_l_0_0_0_0_0_0_0_0_0 = 9.17925e-11
pi2_0_0_0_0_l_0_0_0_0_0_0_0_0_0_0 = 8.97789e-11
pi2_0_0_0_0_l_0_0_0_0_0_0_0_0_0_0_0 = 9.01273e-11
pi2_0_0_0_0_l_0_0_0_0_0_0_0_0_0_0_0_0 = 8.83021e-11
pi2_0_0_0_0_l_0_0_0_0_0_0_0_0_0_0_0_0_0 = 8.85222e-11
pi2_0_0_0_0_l_0_0_0_0_0_0_0_0_0_0_0_0_0_0 = 8.68407e-11
pi2_0_0_0_0_l_0_0_0_0_0_0_0_0_0_0_0_0_0_0_0 = 8.6974e-11
pi2_0_0_0_0_l_0_0_0_0_0_0_0_0_0_0_0_0_0_0_0_0 = 8.54067e-11
pi2_0_0_0_0_l_0_0_0_0_0_0_0_0_0_0_0_0_0_0_0_0_0 = 8.54796e-11
pi2_0_0_0_0_l_0_0_0_0_0_0_0_0_0_0_0_0_0_0_0_0_0_0 = 8.4006e-11
pi2_0_0_0_0_l_0_0_0_0_0_0_0_0_0_0_0_0_0_0_0_0_0_0_0 = 8.40363e-11
pi2_0_0_0_0_l_0_0_0_0_0_0_0_0_0_0_0_0_0_0_0_0_0_0_0_0 = 8.26413e-11
