DD_0_0 = 4.42483e-10
DD_0_0_l_0 = 1.2632e-10
DD_0_0_l_0_0 = 1.21034e-10
DD_0_0_l_0_0_0 = 6.41881e-11
DD_0_0_l_0_0_0_0 = 6.21324e-11
DD_0_0_l_0_0_0_0_0 = 3.99796e-11
DD_0_0_l_0_0_0_0_0_0 = 3.89493e-11
DD_0_0_l_0_0_0_0_0_0_0 = 2.76509e-11
DD_0_0_l_0_0_0_0_0_0_0_0 = 2.70589e-11
DD_0_0_l_0_0_0_0_0_0_0_0_0 = 2.04062e-11
DD_0_0_l_0_0_0_0_0_0_0_0_0_0 = 2.0035e-11
Dr_0_0 = -4.01581e-17
Dr_0_0_l_0 = 1.17976e-10
Dr_0_0_l_0_0 = 5.61334e-11
Dr_0_0_l_0_0_0 = 8.20958e-11
Dr_0_0_l_0_0_0_0 = 5.05058e-11
Dr_0_0_l_0_0_0_0_0 = 6.25279e-11
Dr_0_0_l_0_0_0_0_0_0 = 4.2924e-11
Dr_0_0_l_0_0_0_0_0_0_0 = 5.0073e-11
Dr_0_0_l_0_0_0_0_0_0_0_0 = 3.66065e-11
Dr_0_0_l_0_0_0_0_0_0_0_0_0 = 4.14419e-11
Dr_0_0_l_0_0_0_0_0_0_0_0_0_0 = 3.15824e-11
Dr_0_0_l_0_0_0_0_0_0_0_0_0_0_0 = 3.51192e-11
Hl_0_0 = 9.9999e-05
Hl_0_0_l_0 = 3.33323e-05
Hl_0_0_l_0_0 = 3.33323e-05
Hl_0_0_l_0_0_0 = 1.9999e-05
Hl_0_0_l_0_0_0_0 = 1.9999e-05
Hl_0_0_l_0_0_0_0_0 = 1.42847e-05
Hl_0_0_l_0_0_0_0_0_0 = 1.42847e-05
Hl_0_0_l_0_0_0_0_0_0_0 = 1.11101e-05
Hl_0_0_l_0_0_0_0_0_0_0_0 = 1.11101e-05
Hl_0_0_l_0_0_0_0_0_0_0_0_0 = 9.08991e-06
Hl_0_0_l_0_0_0_0_0_0_0_0_0_0 = 9.08991e-06
Hr_0_0 = 9.9999e-05
I = 1
pi2_0_0_0_0 = 1.00587e-08
pi2_0_0_0_0_l_0 = 3.3542e-09
pi2_0_0_0_0_l_0_0 = 3.34818e-09
pi2_0_0_0_0_l_0_0_0 = 2.00941e-09
pi2_0_0_0_0_l_0_0_0_0 = 2.00695e-09
pi2_0_0_0_0_l_0_0_0_0_0 = 1.43387e-09
pi2_0_0_0_0_l_0_0_0_0_0_0 = 1.43254e-09
pi2_0_0_0_0_l_0_0_0_0_0_0_0 = 1.11446e-09
pi2_0_0_0_0_l_0_0_0_0_0_0_0_0 = 1.11363e-09
pi2_0_0_0_0_l_0_0_0_0_0_0_0_0_0 = 9.11362e-10
pi2_0_0_0_0_l_0_0_0_0_0_0_0_0_0_0 = 9.108e-10
