DD_0_0 = 5.29869e-09
DD_0_0_l_0 = 6.07975e-10
DD_0_0_l_0_0 = 8.97409e-10
DD_0_0_l_0_0_0 = 2.43304e-10
DD_0_0_l_0_0_0_0 = 3.42859e-10
DD_0_0_l_0_0_0_0_0 = 1.28594e-10
DD_0_0_l_0_0_0_0_0_0 = 1.74796e-10
DD_0_0_l_0_0_0_0_0_0_0 = 7.86868e-11
DD_0_0_l_0_0_0_0_0_0_0_0 = 1.03976e-10
DD_0_0_l_0_0_0_0_0_0_0_0_0 = 5.27949e-11
DD_0_0_l_0_0_0_0_0_0_0_0_0_0 = 6.78651e-11
Dr_0_0 = 2.11654e-10
Dr_0_0_l_0 = 4.24471e-09
Dr_0_0_l_0_0 = 6.61008e-10
Dr_0_0_l_0_0_0 = 1.96096e-09
Dr_0_0_l_0_0_0_0 = 4.68925e-10
Dr_0_0_l_0_0_0_0_0 = 1.15173e-09
Dr_0_0_l_0_0_0_0_0_0 = 3.39799e-10
Dr_0_0_l_0_0_0_0_0_0_0 = 7.65758e-10
Dr_0_0_l_0_0_0_0_0_0_0_0 = 2.57115e-10
Dr_0_0_l_0_0_0_0_0_0_0_0_0 = 5.49547e-10
Dr_0_0_l_0_0_0_0_0_0_0_0_0_0 = 2.03601e-10
Dr_0_0_l_0_0_0_0_0_0_0_0_0_0_0 = 4.13347e-10
Hl_0_0 = 9.6668e-05
Hl_0_0_l_0 = 3.33102e-05
Hl_0_0_l_0_0 = 3.2666e-05
Hl_0_0_l_0_0_0 = 1.99895e-05
Hl_0_0_l_0_0_0_0 = 1.97134e-05
Hl_0_0_l_0_0_0_0_0 = 1.42794e-05
Hl_0_0_l_0_0_0_0_0_0 = 1.4126e-05
Hl_0_0_l_0_0_0_0_0_0_0 = 1.11068e-05
Hl_0_0_l_0_0_0_0_0_0_0_0 = 1.10091e-05
Hl_0_0_l_0_0_0_0_0_0_0_0_0 = 9.08771e-06
Hl_0_0_l_0_0_0_0_0_0_0_0_0_0 = 9.00803e-06
Hr_0_0 = 9.9999e-05
I = 1
pi2_0_0_0_0 = 1.17834e-08
pi2_0_0_0_0_l_0 = 3.55541e-09
pi2_0_0_0_0_l_0_0 = 3.5231e-09
pi2_0_0_0_0_l_0_0_0 = 2.07633e-09
pi2_0_0_0_0_l_0_0_0_0 = 2.03844e-09
pi2_0_0_0_0_l_0_0_0_0_0 = 1.46386e-09
pi2_0_0_0_0_l_0_0_0_0_0_0 = 1.43381e-09
pi2_0_0_0_0_l_0_0_0_0_0_0_0 = 1.13016e-09
pi2_0_0_0_0_l_0_0_0_0_0_0_0_0 = 1.10697e-09
pi2_0_0_0_0_l_0_0_0_0_0_0_0_0_0 = 9.20614e-10
pi2_0_0_0_0_l_0_0_0_0_0_0_0_0_0_0 = 9.00959e-10
