DD_0_0 = 5.2971e-09
DD_0_0_l_0 = 6.1536e-10
DD_0_0_l_0_0 = 8.7317e-10
Dr_0_0 = 2.11638e-10
Dr_0_0_l_0 = 4.24278e-09
Dr_0_0_l_0_0 = 6.92823e-10
Dr_0_0_l_0_0_0 = 1.91698e-09
Hl_0_0 = 9.6666e-05
Hl_0_0_l_0 = 3.33306e-05
Hl_0_0_l_0_0 = 3.22571e-05
Hr_0_0 = 9.9999e-05
I = 1
pi2_0_0_0_0 = 1.1782e-08
pi2_0_0_0_0_l_0 = 3.56923e-09
pi2_0_0_0_0_l_0_0 = 3.46597e-09
