DD_0_0 = 5.24025e-09
DD_0_0_l_0 = 6.05979e-10
DD_0_0_l_0_0 = 8.89048e-10
DD_0_0_l_0_0_0 = 2.41684e-10
DD_0_0_l_0_0_0_0 = 3.40091e-10
DD_0_0_l_0_0_0_0_0 = 1.27942e-10
DD_0_0_l_0_0_0_0_0_0 = 1.73533e-10
DD_0_0_l_0_0_0_0_0_0_0 = 7.83572e-11
DD_0_0_l_0_0_0_0_0_0_0_0 = 1.03295e-10
DD_0_0_l_0_0_0_0_0_0_0_0_0 = 5.26041e-11
DD_0_0_l_0_0_0_0_0_0_0_0_0_0 = 6.74579e-11
Dr_0_0 = 2.08851e-10
Dr_0_0_l_0 = 4.1904e-09
Dr_0_0_l_0_0 = 6.58304e-10
Dr_0_0_l_0_0_0 = 1.93756e-09
Dr_0_0_l_0_0_0_0 = 4.65707e-10
Dr_0_0_l_0_0_0_0_0 = 1.13871e-09
Dr_0_0_l_0_0_0_0_0_0 = 3.37539e-10
Dr_0_0_l_0_0_0_0_0_0_0 = 7.57451e-10
Dr_0_0_l_0_0_0_0_0_0_0_0 = 2.55483e-10
Dr_0_0_l_0_0_0_0_0_0_0_0_0 = 5.43782e-10
Dr_0_0_l_0_0_0_0_0_0_0_0_0_0 = 2.0235e-10
Dr_0_0_l_0_0_0_0_0_0_0_0_0_0_0 = 4.09138e-10
Hl_0_0 = 9.6668e-05
Hl_0_0_l_0 = 3.33102e-05
Hl_0_0_l_0_0 = 3.2666e-05
Hl_0_0_l_0_0_0 = 1.99895e-05
Hl_0_0_l_0_0_0_0 = 1.97134e-05
Hl_0_0_l_0_0_0_0_0 = 1.42794e-05
Hl_0_0_l_0_0_0_0_0_0 = 1.4126e-05
Hl_0_0_l_0_0_0_0_0_0_0 = 1.11068e-05
Hl_0_0_l_0_0_0_0_0_0_0_0 = 1.10091e-05
Hl_0_0_l_0_0_0_0_0_0_0_0_0 = 9.08771e-06
Hl_0_0_l_0_0_0_0_0_0_0_0_0_0 = 9.00803e-06
Hr_0_0 = 9.9999e-05
I = 1
pi2_0_0_0_0 = 1.17561e-08
pi2_0_0_0_0_l_0 = 3.5565e-09
pi2_0_0_0_0_l_0_0 = 3.52029e-09
pi2_0_0_0_0_l_0_0_0 = 2.07498e-09
pi2_0_0_0_0_l_0_0_0_0 = 2.03791e-09
pi2_0_0_0_0_l_0_0_0_0_0 = 1.46325e-09
pi2_0_0_0_0_l_0_0_0_0_0_0 = 1.43374e-09
pi2_0_0_0_0_l_0_0_0_0_0_0_0 = 1.12983e-09
pi2_0_0_0_0_l_0_0_0_0_0_0_0_0 = 1.10702e-09
pi2_0_0_0_0_l_0_0_0_0_0_0_0_0_0 = 9.2041e-10
pi2_0_0_0_0_l_0_0_0_0_0_0_0_0_0_0 = 9.01043e-10
