DD_0_0 = 5.24037e-09
DD_0_0_l_0 = 6.05547e-10
DD_0_0_l_0_0 = 8.8903e-10
DD_0_0_l_0_0_0 = 2.426e-10
DD_0_0_l_0_0_0_0 = 3.40055e-10
DD_0_0_l_0_0_0_0_0 = 1.28231e-10
DD_0_0_l_0_0_0_0_0_0 = 1.7352e-10
DD_0_0_l_0_0_0_0_0_0_0 = 7.85492e-11
DD_0_0_l_0_0_0_0_0_0_0_0 = 1.03287e-10
DD_0_0_l_0_0_0_0_0_0_0_0_0 = 5.26579e-11
DD_0_0_l_0_0_0_0_0_0_0_0_0_0 = 6.77303e-11
DD_0_0_l_0_0_0_0_0_0_0_0_0_0_0 = 3.76077e-11
DD_0_0_l_0_0_0_0_0_0_0_0_0_0_0_0 = 4.74728e-11
DD_0_0_l_0_0_0_0_0_0_0_0_0_0_0_0_0 = 2.81181e-11
DD_0_0_l_0_0_0_0_0_0_0_0_0_0_0_0_0_0 = 3.49343e-11
DD_0_0_l_0_0_0_0_0_0_0_0_0_0_0_0_0_0_0 = 2.17708e-11
DD_0_0_l_0_0_0_0_0_0_0_0_0_0_0_0_0_0_0_0 = 2.66802e-11
DD_0_0_l_0_0_0_0_0_0_0_0_0_0_0_0_0_0_0_0_0 = 1.73261e-11
DD_0_0_l_0_0_0_0_0_0_0_0_0_0_0_0_0_0_0_0_0_0 = 2.09814e-11
DD_0_0_l_0_0_0_0_0_0_0_0_0_0_0_0_0_0_0_0_0_0_0 = 1.41001e-11
DD_0_0_l_0_0_0_0_0_0_0_0_0_0_0_0_0_0_0_0_0_0_0_0 = 1.68699e-11
Dr_0_0 = 2.08958e-10
Dr_0_0_l_0 = 4.19051e-09
Dr_0_0_l_0_0 = 6.57108e-10
Dr_0_0_l_0_0_0 = 1.93757e-09
Dr_0_0_l_0_0_0_0 = 4.66658e-10
Dr_0_0_l_0_0_0_0_0 = 1.13867e-09
Dr_0_0_l_0_0_0_0_0_0 = 3.38169e-10
Dr_0_0_l_0_0_0_0_0_0_0 = 7.57421e-10
Dr_0_0_l_0_0_0_0_0_0_0_0 = 2.56038e-10
Dr_0_0_l_0_0_0_0_0_0_0_0_0 = 5.43775e-10
Dr_0_0_l_0_0_0_0_0_0_0_0_0_0 = 2.00942e-10
Dr_0_0_l_0_0_0_0_0_0_0_0_0_0_0 = 4.11202e-10
Dr_0_0_l_0_0_0_0_0_0_0_0_0_0_0_0 = 1.62322e-10
Dr_0_0_l_0_0_0_0_0_0_0_0_0_0_0_0_0 = 3.22894e-10
Dr_0_0_l_0_0_0_0_0_0_0_0_0_0_0_0_0_0 = 1.34171e-10
Dr_0_0_l_0_0_0_0_0_0_0_0_0_0_0_0_0_0_0 = 2.60915e-10
Dr_0_0_l_0_0_0_0_0_0_0_0_0_0_0_0_0_0_0_0 = 1.12985e-10
Dr_0_0_l_0_0_0_0_0_0_0_0_0_0_0_0_0_0_0_0_0 = 2.15631e-10
Dr_0_0_l_0_0_0_0_0_0_0_0_0_0_0_0_0_0_0_0_0_0 = 9.66147e-11
Dr_0_0_l_0_0_0_0_0_0_0_0_0_0_0_0_0_0_0_0_0_0_0 = 1.81472e-10
Dr_0_0_l_0_0_0_0_0_0_0_0_0_0_0_0_0_0_0_0_0_0_0_0 = 8.40157e-11
Dr_0_0_l_0_0_0_0_0_0_0_0_0_0_0_0_0_0_0_0_0_0_0_0_0 = 1.54661e-10
Hl_0_0 = 9.6668e-05
Hl_0_0_l_0 = 3.33102e-05
Hl_0_0_l_0_0 = 3.2666e-05
Hl_0_0_l_0_0_0 = 1.99895e-05
Hl_0_0_l_0_0_0_0 = 1.97134e-05
Hl_0_0_l_0_0_0_0_0 = 1.42794e-05
Hl_0_0_l_0_0_0_0_0_0 = 1.4126e-05
Hl_0_0_l_0_0_0_0_0_0_0 = 1.11068e-05
Hl_0_0_l_0_0_0_0_0_0_0_0 = 1.10091e-05
Hl_0_0_l_0_0_0_0_0_0_0_0_0 = 9.08759e-06
Hl_0_0_l_0_0_0_0_0_0_0_0_0_0 = 9.02e-06
Hl_0_0_l_0_0_0_0_0_0_0_0_0_0_0 = 7.68961e-06
Hl_0_0_l_0_0_0_0_0_0_0_0_0_0_0_0 = 7.64004e-06
Hl_0_0_l_0_0_0_0_0_0_0_0_0_0_0_0_0 = 6.66437e-06
Hl_0_0_l_0_0_0_0_0_0_0_0_0_0_0_0_0_0 = 6.62647e-06
Hl_0_0_l_0_0_0_0_0_0_0_0_0_0_0_0_0_0_0 = 5.88033e-06
Hl_0_0_l_0_0_0_0_0_0_0_0_0_0_0_0_0_0_0_0 = 5.8504e-06
Hl_0_0_l_0_0_0_0_0_0_0_0_0_0_0_0_0_0_0_0_0 = 5.26133e-06
Hl_0_0_l_0_0_0_0_0_0_0_0_0_0_0_0_0_0_0_0_0_0 = 5.2371e-06
Hl_0_0_l_0_0_0_0_0_0_0_0_0_0_0_0_0_0_0_0_0_0_0 = 4.76023e-06
Hl_0_0_l_0_0_0_0_0_0_0_0_0_0_0_0_0_0_0_0_0_0_0_0 = 4.73835e-06
Hr_0_0 = 9.9999e-05
I = 1
pi2_0_0_0_0 = 1.17563e-08
pi2_0_0_0_0_l_0 = 3.554e-09
pi2_0_0_0_0_l_0_0 = 3.52029e-09
pi2_0_0_0_0_l_0_0_0 = 2.07623e-09
pi2_0_0_0_0_l_0_0_0_0 = 2.03786e-09
pi2_0_0_0_0_l_0_0_0_0_0 = 1.46364e-09
pi2_0_0_0_0_l_0_0_0_0_0_0 = 1.43371e-09
pi2_0_0_0_0_l_0_0_0_0_0_0_0 = 1.13017e-09
pi2_0_0_0_0_l_0_0_0_0_0_0_0_0 = 1.10701e-09
pi2_0_0_0_0_l_0_0_0_0_0_0_0_0_0 = 9.20412e-10
pi2_0_0_0_0_l_0_0_0_0_0_0_0_0_0_0 = 9.02339e-10
pi2_0_0_0_0_l_0_0_0_0_0_0_0_0_0_0_0 = 7.76427e-10
pi2_0_0_0_0_l_0_0_0_0_0_0_0_0_0_0_0_0 = 7.61997e-10
pi2_0_0_0_0_l_0_0_0_0_0_0_0_0_0_0_0_0_0 = 6.71461e-10
pi2_0_0_0_0_l_0_0_0_0_0_0_0_0_0_0_0_0_0_0 = 6.59707e-10
pi2_0_0_0_0_l_0_0_0_0_0_0_0_0_0_0_0_0_0_0_0 = 5.91542e-10
pi2_0_0_0_0_l_0_0_0_0_0_0_0_0_0_0_0_0_0_0_0_0 = 5.81796e-10
pi2_0_0_0_0_l_0_0_0_0_0_0_0_0_0_0_0_0_0_0_0_0_0 = 5.28656e-10
pi2_0_0_0_0_l_0_0_0_0_0_0_0_0_0_0_0_0_0_0_0_0_0_0 = 5.20451e-10
pi2_0_0_0_0_l_0_0_0_0_0_0_0_0_0_0_0_0_0_0_0_0_0_0_0 = 4.77895e-10
pi2_0_0_0_0_l_0_0_0_0_0_0_0_0_0_0_0_0_0_0_0_0_0_0_0_0 = 4.70698e-10
