DD_0_0 = 5.24039e-09
DD_0_0_l_0 = 6.05492e-10
DD_0_0_l_0_0 = 8.89028e-10
DD_0_0_l_0_0_0 = 2.42753e-10
DD_0_0_l_0_0_0_0 = 3.39532e-10
DD_0_0_l_0_0_0_0_0 = 1.29113e-10
Dr_0_0 = 2.08972e-10
Dr_0_0_l_0 = 4.19053e-09
Dr_0_0_l_0_0 = 6.56959e-10
Dr_0_0_l_0_0_0 = 1.93757e-09
Dr_0_0_l_0_0_0_0 = 4.6695e-10
Dr_0_0_l_0_0_0_0_0 = 1.12804e-09
Dr_0_0_l_0_0_0_0_0_0 = 3.44201e-10
Hl_0_0 = 9.6668e-05
Hl_0_0_l_0 = 3.33102e-05
Hl_0_0_l_0_0 = 3.2666e-05
Hl_0_0_l_0_0_0 = 1.99895e-05
Hl_0_0_l_0_0_0_0 = 1.97135e-05
Hl_0_0_l_0_0_0_0_0 = 1.42769e-05
Hr_0_0 = 9.9999e-05
I = 1
pi2_0_0_0_0 = 1.17563e-08
pi2_0_0_0_0_l_0 = 3.5537e-09
pi2_0_0_0_0_l_0_0 = 3.5203e-09
pi2_0_0_0_0_l_0_0_0 = 2.07634e-09
pi2_0_0_0_0_l_0_0_0_0 = 2.03585e-09
pi2_0_0_0_0_l_0_0_0_0_0 = 1.4647e-09
