DD_0_0 = 4.72178e-09
DD_0_0_l_0 = 5.83008e-10
DD_0_0_l_0_0 = 8.14327e-10
DD_0_0_l_0_0_0 = 2.35087e-10
DD_0_0_l_0_0_0_0 = 3.14573e-10
DD_0_0_l_0_0_0_0_0 = 1.25432e-10
Dr_0_0 = 1.84957e-10
Dr_0_0_l_0 = 3.70973e-09
Dr_0_0_l_0_0 = 6.21837e-10
Dr_0_0_l_0_0_0 = 1.72978e-09
Dr_0_0_l_0_0_0_0 = 4.44284e-10
Dr_0_0_l_0_0_0_0_0 = 1.01336e-09
Dr_0_0_l_0_0_0_0_0_0 = 3.2799e-10
Hl_0_0 = 9.6668e-05
Hl_0_0_l_0 = 3.33102e-05
Hl_0_0_l_0_0 = 3.2666e-05
Hl_0_0_l_0_0_0 = 1.99895e-05
Hl_0_0_l_0_0_0_0 = 1.97135e-05
Hl_0_0_l_0_0_0_0_0 = 1.42769e-05
Hr_0_0 = 9.9999e-05
I = 1
pi2_0_0_0_0 = 1.15163e-08
pi2_0_0_0_0_l_0 = 3.54317e-09
pi2_0_0_0_0_l_0_0 = 3.49531e-09
pi2_0_0_0_0_l_0_0_0 = 2.07309e-09
pi2_0_0_0_0_l_0_0_0_0 = 2.03095e-09
pi2_0_0_0_0_l_0_0_0_0_0 = 1.46319e-09
